0.0,3.14159265358979,0.0,0.0,1.406980325373227,1.4219389235446784,1.51689877013186
0.0,3.14159265358979,0.0174532925199433,0.0,1.274448922143017,1.2996469139178366,1.3789706861155926
0.0,3.14159265358979,0.0349065850398866,0.0,1.057406913201922,1.0847882030208875,1.132900587214185
0.0,3.14159265358979,0.0523598775598299,0.0,0.8148257313886844,0.8427137944972515,0.8473628429283865
0.0,3.14159265358979,0.0698131700797732,0.0,0.615841785149834,0.6404072835572645,0.6369044087788975
0.0,3.14159265358979,0.0872664625997165,0.0,0.469773589606536,0.48777652422114204,0.47524131482056253
0.0,3.14159265358979,0.10471975511966,0.0,0.35911851745778,0.370637945579528,0.35106962706975253
0.0,3.14159265358979,0.122173047639603,0.0,0.2709489805391285,0.281809870867873,0.2622517934043455
0.0,3.14159265358979,0.139626340159546,0.0,0.203257176913544,0.21481138089512752,0.2009784724431405
0.0,3.14159265358979,0.15707963267949,0.0,0.15422085633077298,0.166864493259319,0.15576982803093098
0.0,3.14159265358979,0.174532925199433,0.0,0.11870040255443201,0.1301861118359,0.115151001068942
0.0,3.14159265358979,0.191986217719376,0.0,0.09304654711101396,0.10216898266286155,0.08230954567217985
0.0,3.14159265358979,0.20943951023932,0.0,0.0756946396042237,0.084560218532986,0.0637424242604869
0.0,3.14159265358979,0.226892802759263,0.0,0.06294420869477216,0.07237430975117715,0.0520996340466091
0.0,3.14159265358979,0.244346095279206,0.0,0.053655511832341046,0.0632803557938035,0.04359185898742195
0.0,3.14159265358979,0.261799387799149,0.0,0.0472371353689749,0.0570367549244581,0.0370977964485769
0.0,3.14159265358979,0.279252680319093,0.0,0.0430859941189509,0.05322158526534835,0.032956574824416454
0.0,3.14159265358979,0.296705972839036,0.0,0.0399686877826996,0.05015793768228175,0.0298353115420547
0.0,3.14159265358979,0.314159265358979,0.0,0.038036230519941344,0.04824248372839015,0.027718456106781898
0.0,3.14159265358979,0.331612557878923,0.0,0.03624735112460735,0.045850516722794846,0.0252836210807231
0.0,3.14159265358979,0.349065850398866,0.0,0.034629330329744454,0.04372426334066,0.0230726848020594
0.0,3.14159265358979,0.366519142918809,0.0,0.03348988326628965,0.0423074443798994,0.0216615202845085
0.0,3.14159265358979,0.383972435438752,0.0,0.032475821532513355,0.041439758149096895,0.0207231359163576
0.0,3.14159265358979,0.401425727958696,0.0,0.03168416981659645,0.040909929204864304,0.020035811614850747
0.0,3.14159265358979,0.418879020478639,0.0,0.030807757997186602,0.040274036108378,0.0193840629082406
0.0,3.14159265358979,0.436332312998582,0.0,0.03006628607334005,0.039566732578593805,0.0187675967885979
0.0,3.14159265358979,0.453785605518526,0.0,0.02944083114142695,0.0388658706298601,0.018314329177851252
0.0,3.14159265358979,0.471238898038469,0.0,0.02894013804243825,0.0384821914836499,0.0181121326736583
0.0,3.14159265358979,0.488692190558412,0.0,0.028298317729695648,0.038036841815100905,0.017885285082416
0.0,3.14159265358979,0.506145483078356,0.0,0.02784449336884575,0.037665863963721055,0.017678322852864997
0.0,3.14159265358979,0.523598775598299,0.0,0.02764869726586645,0.0374672110462944,0.017470422840773048
0.0,3.14159265358979,0.541052068118242,0.0,0.0273342340241782,0.037148785786156005,0.0172586237780904
0.0,3.14159265358979,0.558505360638185,0.0,0.026942936777495548,0.036753053924995546,0.0169631993599112
0.0,3.14159265358979,0.575958653158129,0.0,0.026644387300723,0.036551210198359954,0.0167168203254638
0.0,3.14159265358979,0.593411945678072,0.0,0.02643354038827855,0.036493583451953596,0.016545093090299952
0.0,3.14159265358979,0.610865238198015,0.0,0.02623372056500775,0.0364609152838982,0.01635561806395075
0.0,3.14159265358979,0.628318530717959,0.0,0.026044612062803348,0.03626447663097675,0.016292644747324
0.0,3.14159265358979,0.645771823237902,0.0,0.02585249187742525,0.036117695490280655,0.016423823602796303
0.0,3.14159265358979,0.663225115757845,0.0,0.025841100546394602,0.0358995140273093,0.01629027448665065
0.0,3.14159265358979,0.680678408277788,0.0,0.0257364392437821,0.03560203533444945,0.016034383274857802
0.0,3.14159265358979,0.698131700797732,0.0,0.02546259788876275,0.0355392153408885,0.0159878899672783
0.0,3.14159265358979,0.715584993317675,0.0,0.025499601663169648,0.0354376486536246,0.015959691324714698
0.0,3.14159265358979,0.733038285837618,0.0,0.02551812141451445,0.0354764743062964,0.01591211105554905
0.0,3.14159265358979,0.750491578357562,0.0,0.025387960312450802,0.035363899563680204,0.01588952352525055
0.0,3.14159265358979,0.767944870877505,0.0,0.02518874652421475,0.035285617710032205,0.01579370940412885
0.0,3.14159265358979,0.785398163397448,0.0,0.02513079108084295,0.03517252324457875,0.0156021005971731
0.0,3.14159265358979,0.802851455917391,0.0,0.02531320567429075,0.03522220327454565,0.0157285128761349
0.0,3.14159265358979,0.820304748437335,0.0,0.02528332082240805,0.035216853772020246,0.0156385014139209
0.0,3.14159265358979,0.837758040957278,0.0,0.02514973711877075,0.035303600435556845,0.0155571421763978
0.0,3.14159265358979,0.855211333477221,0.0,0.0252145314887997,0.035327371950672995,0.01550995530433655
0.0,3.14159265358979,0.872664625997165,0.0,0.02516535850006685,0.03524960622059195,0.01564973538088175
0.0,3.14159265358979,0.890117918517108,0.0,0.025088946250955202,0.035099815435256754,0.015992677461113602
0.0,3.14159265358979,0.907571211037051,0.0,0.02496824016125085,0.035012606542859495,0.016028172813621552
0.0,3.14159265358979,0.925024503556995,0.0,0.025192282579731197,0.0351376758757809,0.01600230156326295
0.0,3.14159265358979,0.942477796076938,0.0,0.025118848521099,0.035092352102847446,0.01613025519211255
0.0,3.14159265358979,0.959931088596881,0.0,0.02509162510125685,0.0349625727024227,0.01601520832880825
0.0,3.14159265358979,0.977384381116825,0.0,0.02506369521735785,0.0348462468471256,0.0157236597324975
0.0,3.14159265358979,0.994837673636768,0.0,0.02513346700014735,0.03468766307077985,0.015856355019396598
0.0,3.14159265358979,1.01229096615671,0.0,0.0251370857526724,0.034433331236474796,0.01602430799546465
0.0,3.14159265358979,1.02974425867665,0.0,0.025146575863437548,0.034427622417318296,0.0157244253151998
0.0,3.14159265358979,1.0471975511966,0.0,0.02496714880134415,0.03450274530219185,0.0153922467841644
0.0,3.14159265358979,1.06465084371654,0.0,0.0249305924830961,0.034328630992675455,0.01506414465294665
0.0,3.14159265358979,1.08210413623648,0.0,0.024649032327710402,0.0340523854043505,0.015244283999213199
0.0,3.14159265358979,1.09955742875643,0.0,0.02474093989805925,0.033850907737362504,0.0151795635700873
0.0,3.14159265358979,1.11701072127637,0.0,0.02466492749348515,0.033858571542885504,0.0151250406973612
0.0,3.14159265358979,1.13446401379631,0.0,0.024680136502434898,0.03387973459737835,0.01506349976914105
0.0,3.14159265358979,1.15191730631626,0.0,0.02479101433213515,0.03397464035170725,0.01488662535171755
0.0,3.14159265358979,1.1693705988362,0.0,0.024611717492978052,0.034010101603249354,0.0147988064276432
0.0,3.14159265358979,1.18682389135614,0.0,0.02449448048164865,0.0338911006484955,0.01483661248944445
0.0,3.14159265358979,1.20427718387609,0.0,0.0244505270672234,0.033831998290995355,0.0148432401943279
0.0,3.14159265358979,1.22173047639603,0.0,0.0241742766886336,0.03328430330719665,0.01482835318599285
0.0,3.14159265358979,1.23918376891597,0.0,0.02418224607748705,0.0332173710148459,0.01487286289873445
0.0,3.14159265358979,1.25663706143592,0.0,0.024152743928272852,0.0330460530767595,0.0149718285675784
0.0,3.14159265358979,1.27409035395586,0.0,0.0241004581068507,0.03284541565191975,0.01506373939269725
0.0,3.14159265358979,1.2915436464758,0.0,0.024085008148643,0.03273989403348565,0.015134624064300349
0.0,3.14159265358979,1.30899693899575,0.0,0.0239690061273339,0.03248137391063275,0.0151612226843171
0.0,3.14159265358979,1.32645023151569,0.0,0.0223710723855116,0.0303159489832572,0.0141504745053626
0.0,3.14159265358979,1.34390352403563,0.0,0.02077313864368935,0.028150524055881698,0.01313972632640815
0.0,3.14159265358979,1.36135681655558,0.0,0.0191752049018671,0.0259850991285062,0.0121289781474537
0.0,3.14159265358979,1.37881010907552,0.0,0.01757727116004485,0.023819674201130653,0.011118229968499201
0.0,3.14159265358979,1.39626340159546,0.0,0.01597933741822255,0.02165424927375515,0.01010748178954474
0.0,3.14159265358979,1.41371669411541,0.0,0.01438140367640035,0.01948882434637965,0.009096733610590255
0.0,3.14159265358979,1.43116998663535,0.0,0.0127834699345781,0.01732339941900415,0.00808598543163578
0.0,3.14159265358979,1.44862327915529,0.0,0.0111855361927558,0.0151579744916286,0.0070752372526813045
0.0,3.14159265358979,1.46607657167524,0.0,0.009587602450933555,0.01299254956425305,0.006064489073726835
0.0,3.14159265358979,1.48352986419518,0.0,0.007989668709111296,0.0108271246368776,0.00505374089477236
0.0,3.14159265358979,1.50098315671512,0.0,0.006391734967289035,0.008661699709502065,0.004042992715817885
0.0,3.14159265358979,1.51843644923507,0.0,0.004793801225466776,0.00649627478212655,0.0030322445368634147
0.0,3.14159265358979,1.53588974175501,0.0,0.003195867483644525,0.004330849854751015,0.002021496357908945
0.0,3.14159265358979,1.55334303427495,0.0,0.00159793374182229,0.0021654249273755652,0.0010107481789544816
0.0,3.14159265358979,1.5707963267949,0.0,0.0,0.0,0.0
0.0,3.14159265358979,0.0174532925199433,0.174532925199433,1.2552910667204216,1.2785269886712753,1.3596815919756708
0.0,3.14159265358979,0.0349065850398866,0.174532925199433,1.0267838368536903,1.0515361650966386,1.1023975386084306
0.0,3.14159265358979,0.0523598775598299,0.174532925199433,0.7938295975560755,0.8133426705389815,0.8306347128225685
0.0,3.14159265358979,0.0698131700797732,0.174532925199433,0.6045582116236541,0.6224251656330411,0.6255067548618685
0.0,3.14159265358979,0.0872664625997165,0.174532925199433,0.4576503835522915,0.471693925377702,0.4633042324129295
0.0,3.14159265358979,0.10471975511966,0.174532925199433,0.3474765409554,0.357061307860496,0.340962552216954
0.0,3.14159265358979,0.122173047639603,0.174532925199433,0.260956364642444,0.270665352984408,0.2523170236414555
0.0,3.14159265358979,0.139626340159546,0.174532925199433,0.1945303349147,0.20462954770421,0.1867743543427905
0.0,3.14159265358979,0.15707963267949,0.174532925199433,0.145697080705856,0.15483858466246397,0.13595921539022848
0.0,3.14159265358979,0.174532925199433,0.174532925199433,0.1112866315412146,0.11866029213128448,0.0973024917708332
0.0,3.14159265358979,0.191986217719376,0.174532925199433,0.0874209131941765,0.09455121281481145,0.0709554345655843
0.0,3.14159265358979,0.20943951023932,0.174532925199433,0.0713382913587835,0.079028785572786,0.055943768201706545
0.0,3.14159265358979,0.226892802759263,0.174532925199433,0.0603160608759602,0.0681933833645887,0.04627982505573975
0.0,3.14159265358979,0.244346095279206,0.174532925199433,0.0523150485529408,0.06037725002888815,0.0386628317969357
0.0,3.14159265358979,0.261799387799149,0.174532925199433,0.046488232446007846,0.054697250162604405,0.033064677978618645
0.0,3.14159265358979,0.279252680319093,0.174532925199433,0.042312378308027004,0.050635910895919345,0.0291432313854596
0.0,3.14159265358979,0.296705972839036,0.174532925199433,0.039302491470953604,0.04770062275243265,0.02632872685284655
0.0,3.14159265358979,0.314159265358979,0.174532925199433,0.0371431381821956,0.045731572879014595,0.02432688155581575
0.0,3.14159265358979,0.331612557878923,0.174532925199433,0.035467643510353045,0.04419568835511585,0.02288184842469735
0.0,3.14159265358979,0.349065850398866,0.174532925199433,0.03414575084158855,0.042885951983865495,0.02187597757871185
0.0,3.14159265358979,0.366519142918809,0.174532925199433,0.0331288542088013,0.0418504664938287,0.0211840313884629
0.0,3.14159265358979,0.383972435438752,0.174532925199433,0.03225265367980535,0.04104475414003205,0.02063672161742915
0.0,3.14159265358979,0.401425727958696,0.174532925199433,0.0314496002893247,0.04033726666917585,0.0200623643870985
0.0,3.14159265358979,0.418879020478639,0.174532925199433,0.03060482212928085,0.039770232850439,0.01940263517915255
0.0,3.14159265358979,0.436332312998582,0.174532925199433,0.029813738637000348,0.039216801304422955,0.0186665798022503
0.0,3.14159265358979,0.453785605518526,0.174532925199433,0.0292195587044101,0.0386879547250122,0.018206996616020453
0.0,3.14159265358979,0.471238898038469,0.174532925199433,0.02873168631730895,0.03821495281420005,0.01798263928498585
0.0,3.14159265358979,0.488692190558412,0.174532925199433,0.0282929885900912,0.0378592868802197,0.017746898373198802
0.0,3.14159265358979,0.506145483078356,0.174532925199433,0.0279029499274984,0.037461621138800555,0.0174320077569571
0.0,3.14159265358979,0.523598775598299,0.174532925199433,0.02747474613936875,0.03704875395139965,0.01716562068826085
0.0,3.14159265358979,0.541052068118242,0.174532925199433,0.02713864727183685,0.03675319041563515,0.0169175307311066
0.0,3.14159265358979,0.558505360638185,0.174532925199433,0.0269162557611747,0.036529167539982796,0.0165726103709368
0.0,3.14159265358979,0.575958653158129,0.174532925199433,0.0266663016487424,0.036364904228032305,0.01632098174448015
0.0,3.14159265358979,0.593411945678072,0.174532925199433,0.026382636771875752,0.0362004367584023,0.01623661159677775
0.0,3.14159265358979,0.610865238198015,0.174532925199433,0.02612152924366115,0.035991847375187805,0.01626345981752525
0.0,3.14159265358979,0.628318530717959,0.174532925199433,0.02594749831586285,0.035823665835908694,0.01624032877308025
0.0,3.14159265358979,0.645771823237902,0.174532925199433,0.02584936014300135,0.0357268074320213,0.016108560764946503
0.0,3.14159265358979,0.663225115757845,0.174532925199433,0.0258185982971968,0.03568685050191215,0.01602468229374485
0.0,3.14159265358979,0.680678408277788,0.174532925199433,0.0257937627071764,0.035610043597508204,0.01604098561576675
0.0,3.14159265358979,0.698131700797732,0.174532925199433,0.0256932014771275,0.035490703023581247,0.016024812566364753
0.0,3.14159265358979,0.715584993317675,0.174532925199433,0.0255348583548513,0.0353752051958937,0.01585494087182995
0.0,3.14159265358979,0.733038285837618,0.174532925199433,0.02543840937465715,0.0353195742812292,0.01567364694882735
0.0,3.14159265358979,0.750491578357562,0.174532925199433,0.02544912772705365,0.0352994425073098,0.01559403113442555
0.0,3.14159265358979,0.767944870877505,0.174532925199433,0.0254334929896557,0.03526285017788655,0.0155626099380156
0.0,3.14159265358979,0.785398163397448,0.174532925199433,0.025391203301417052,0.035139457411311,0.015450125444838
0.0,3.14159265358979,0.802851455917391,0.174532925199433,0.02533918634748045,0.034988343526140206,0.0152323494510034
0.0,3.14159265358979,0.820304748437335,0.174532925199433,0.0252363234052546,0.0348830595641918,0.01512023665683005
0.0,3.14159265358979,0.837758040957278,0.174532925199433,0.025238068340645202,0.03479236666718795,0.01509721049649675
0.0,3.14159265358979,0.855211333477221,0.174532925199433,0.0251394193452457,0.03475031273974955,0.0150748196212562
0.0,3.14159265358979,0.872664625997165,0.174532925199433,0.025133711778407952,0.034603911297139606,0.015144950614990601
0.0,3.14159265358979,0.890117918517108,0.174532925199433,0.025179086243946498,0.034579492513270305,0.0151918626968469
0.0,3.14159265358979,0.907571211037051,0.174532925199433,0.02520973927466285,0.0345562840480907,0.014973233818145401
0.0,3.14159265358979,0.925024503556995,0.174532925199433,0.025120987086481902,0.0346031389485109,0.01488160126249985
0.0,3.14159265358979,0.942477796076938,0.174532925199433,0.025024948869761747,0.0343878675090572,0.014928565622276551
0.0,3.14159265358979,0.959931088596881,0.174532925199433,0.02503289862554725,0.03408617956217125,0.014915469622092649
0.0,3.14159265358979,0.977384381116825,0.174532925199433,0.02505851648718745,0.033970009944728805,0.01492473823863075
0.0,3.14159265358979,0.994837673636768,0.174532925199433,0.024980051460024202,0.033953212489686,0.0147884952234749
0.0,3.14159265358979,1.01229096615671,0.174532925199433,0.02479866246818865,0.0339157247835746,0.0146795205214655
0.0,3.14159265358979,1.02974425867665,0.174532925199433,0.024706277041250148,0.0337601813489395,0.014686222350807899
0.0,3.14159265358979,1.0471975511966,0.174532925199433,0.024681989068482547,0.0337611496168667,0.01465439437930605
0.0,3.14159265358979,1.06465084371654,0.174532925199433,0.02468711214945655,0.03374223582007185,0.014662794137533599
0.0,3.14159265358979,1.08210413623648,0.174532925199433,0.02450237725939565,0.03372015068603315,0.01480029447381915
0.0,3.14159265358979,1.09955742875643,0.174532925199433,0.02442794065523745,0.0337100799333827,0.014711026527328499
0.0,3.14159265358979,1.11701072127637,0.174532925199433,0.0243436325954137,0.0334422804861028,0.01460507429117015
0.0,3.14159265358979,1.13446401379631,0.174532925199433,0.02438022521487555,0.033454929224504104,0.0145548639474383
0.0,3.14159265358979,1.15191730631626,0.174532925199433,0.0243909492200645,0.03327934636618385,0.0144252372593905
0.0,3.14159265358979,1.1693705988362,0.174532925199433,0.02431402119670565,0.0331478137818127,0.01448002297760305
0.0,3.14159265358979,1.18682389135614,0.174532925199433,0.02427461233583855,0.0330468780952827,0.01454693643592005
0.0,3.14159265358979,1.20427718387609,0.174532925199433,0.0242046727117934,0.032827746929920396,0.01443758813326265
0.0,3.14159265358979,1.22173047639603,0.174532925199433,0.02409055485162025,0.032597808661372754,0.0145093874417749
0.0,3.14159265358979,1.23918376891597,0.174532925199433,0.0239798610204217,0.032486411893373354,0.01462066018470565
0.0,3.14159265358979,1.25663706143592,0.174532925199433,0.0239234426115024,0.03250498564625385,0.0144951958317308
0.0,3.14159265358979,1.27409035395586,0.174532925199433,0.023887807903242103,0.032401607769659196,0.01443826824901325
0.0,3.14159265358979,1.2915436464758,0.174532925199433,0.0237670793133034,0.032364746110682296,0.0144054025298899
0.0,3.14159265358979,1.30899693899575,0.174532925199433,0.0234986218650091,0.0319235337283911,0.01436730761354455
0.0,3.14159265358979,1.32645023151569,0.174532925199433,0.022120673987273298,0.0300464486116635,0.01351303543871615
0.0,3.14159265358979,1.34390352403563,0.174532925199433,0.0205542872014013,0.0279414681595182,0.0125299427960719
0.0,3.14159265358979,1.36135681655558,0.174532925199433,0.0189797546729734,0.0258269016043604,0.01154903728882895
0.0,3.14159265358979,1.37881010907552,0.174532925199433,0.0173988408142863,0.023703831153929503,0.0105705193126045
0.0,3.14159265358979,1.39626340159546,0.174532925199433,0.015815001082832802,0.021574191866939547,0.00959483621572758
0.0,3.14159265358979,1.41371669411541,0.174532925199433,0.0142161865858463,0.01932707261510725,0.00867875263604909
0.0,3.14159265358979,1.43116998663535,0.174532925199433,0.01264107772929285,0.01717397163084915,0.007718698716645531
0.0,3.14159265358979,1.44862327915529,0.174532925199433,0.0110668498728202,0.015048193689007,0.006743966636922325
0.0,3.14159265358979,1.46607657167524,0.174532925199433,0.00948828428533049,0.01291514413673905,0.005771856578949375
0.0,3.14159265358979,1.48352986419518,0.174532925199433,0.007906906288307335,0.010775751918670001,0.004802543437031185
0.0,3.14159265358979,1.50098315671512,0.174532925199433,0.00632457045789241,0.008631106564371861,0.0038362517840643652
0.0,3.14159265358979,1.51843644923507,0.174532925199433,0.004739495878157925,0.00644931045576204,0.0028886704055387097
0.0,3.14159265358979,1.53588974175501,0.174532925199433,0.00315904117514265,0.0042925483995883,0.001928371180351995
0.0,3.14159265358979,1.55334303427495,0.174532925199433,0.001579019921494805,0.002147215073576185,0.0009622338010845241
0.0,3.14159265358979,1.5707963267949,0.174532925199433,0.00101858823521533,0.00138512390808271,0.0006204685262896021
0.0,3.14159265358979,0.0174532925199433,0.349065850398866,1.2411002706968566,1.261967568296233,1.3459573863454055
0.0,3.14159265358979,0.0349065850398866,0.349065850398866,1.009318891052791,1.0312066528715695,1.0868475374947966
0.0,3.14159265358979,0.0523598775598299,0.349065850398866,0.787492033586227,0.8004992306629035,0.831186198193232
0.0,3.14159265358979,0.0698131700797732,0.349065850398866,0.592187692033614,0.6055324140179681,0.615289040866898
0.0,3.14159265358979,0.0872664625997165,0.349065850398866,0.443293035784056,0.45503603281232197,0.4515821747265445
0.0,3.14159265358979,0.10471975511966,0.349065850398866,0.33390822568831147,0.3427697083186805,0.331160906456601
0.0,3.14159265358979,0.122173047639603,0.349065850398866,0.24946224574784198,0.2567529005397215,0.239239840454884
0.0,3.14159265358979,0.139626340159546,0.349065850398866,0.18519922984320802,0.191816508847514,0.17155757635462748
0.0,3.14159265358979,0.15707963267949,0.349065850398866,0.138806011468772,0.1444776259387495,0.1234407679339928
0.0,3.14159265358979,0.174532925199433,0.349065850398866,0.10745635924627314,0.11259795706394754,0.09082591416259414
0.0,3.14159265358979,0.191986217719376,0.349065850398866,0.08596338254256256,0.09134608652843534,0.0684611545709074
0.0,3.14159265358979,0.20943951023932,0.349065850398866,0.07040492717409265,0.07712497944299025,0.053935467254315
0.0,3.14159265358979,0.226892802759263,0.349065850398866,0.059338611815325945,0.0671759879153576,0.04480923101938985
0.0,3.14159265358979,0.244346095279206,0.349065850398866,0.05153224887413475,0.05954235801382825,0.0379204879081032
0.0,3.14159265358979,0.261799387799149,0.349065850398866,0.04590783816098515,0.05400385563434745,0.0325641366435957
0.0,3.14159265358979,0.279252680319093,0.349065850398866,0.04183373343004115,0.0501379221885268,0.0285492551974238
0.0,3.14159265358979,0.296705972839036,0.349065850398866,0.039023430901684,0.04744732725615115,0.0259330992476405
0.0,3.14159265358979,0.314159265358979,0.349065850398866,0.0370714738183865,0.0455017852157596,0.0242764581754161
0.0,3.14159265358979,0.331612557878923,0.349065850398866,0.0353610119650659,0.043794839646425054,0.022952297647865848
0.0,3.14159265358979,0.349065850398866,0.349065850398866,0.03397140236365585,0.04251711484567765,0.021881679858120652
0.0,3.14159265358979,0.366519142918809,0.349065850398866,0.03275108853074425,0.0415453384050739,0.0210523113192998
0.0,3.14159265358979,0.383972435438752,0.349065850398866,0.031813221999591204,0.040781583371507696,0.020252944410706547
0.0,3.14159265358979,0.401425727958696,0.349065850398866,0.030993298031821152,0.04007917283432045,0.0196317370713449
0.0,3.14159265358979,0.418879020478639,0.349065850398866,0.030263344684653,0.03938102129925165,0.0191660096776641
0.0,3.14159265358979,0.436332312998582,0.349065850398866,0.0295960105421656,0.0387211854514835,0.018725675519566103
0.0,3.14159265358979,0.453785605518526,0.349065850398866,0.028947057206418048,0.0381495964178897,0.018248866793272048
0.0,3.14159265358979,0.471238898038469,0.349065850398866,0.0283910872323255,0.037697251845754204,0.017910520102469553
0.0,3.14159265358979,0.488692190558412,0.349065850398866,0.02795578794300135,0.03739870654422035,0.0176519716045579
0.0,3.14159265358979,0.506145483078356,0.349065850398866,0.02753999654565735,0.03717797091474115,0.01742196998948475
0.0,3.14159265358979,0.523598775598299,0.349065850398866,0.0272715943805268,0.03690222738690825,0.0172522905443208
0.0,3.14159265358979,0.541052068118242,0.349065850398866,0.0271276273899932,0.036668259032406,0.0169024012380797
0.0,3.14159265358979,0.558505360638185,0.349065850398866,0.026936051872984153,0.036493672530257995,0.0166207912655131
0.0,3.14159265358979,0.575958653158129,0.349065850398866,0.0266770774271989,0.036278195230403695,0.01661693844237985
0.0,3.14159265358979,0.593411945678072,0.349065850398866,0.0265458924903702,0.0363090694867022,0.01655300488274855
0.0,3.14159265358979,0.610865238198015,0.349065850398866,0.0263804125090783,0.0362708571169517,0.016546365070182152
0.0,3.14159265358979,0.628318530717959,0.349065850398866,0.026103804268302798,0.0359469437041237,0.0162973881566615
0.0,3.14159265358979,0.645771823237902,0.349065850398866,0.025943864184507802,0.0357983999972805,0.01615407639965235
0.0,3.14159265358979,0.663225115757845,0.349065850398866,0.0258006177751188,0.0356652589266127,0.016037458605613453
0.0,3.14159265358979,0.680678408277788,0.349065850398866,0.025722876944663402,0.03550518686958305,0.01582337332484475
0.0,3.14159265358979,0.698131700797732,0.349065850398866,0.0256727305449242,0.0354523084541905,0.01570725727897035
0.0,3.14159265358979,0.715584993317675,0.349065850398866,0.02563213030146525,0.03536958639012175,0.015671063465889
0.0,3.14159265358979,0.733038285837618,0.349065850398866,0.025602460225811002,0.035345692019325956,0.01558381684353595
0.0,3.14159265358979,0.750491578357562,0.349065850398866,0.02555922195960925,0.035301483711054044,0.015364158713247401
0.0,3.14159265358979,0.767944870877505,0.349065850398866,0.0254269135933849,0.03505428730729395,0.0150281428981369
0.0,3.14159265358979,0.785398163397448,0.349065850398866,0.02527352078954225,0.03485022708969225,0.014854392820446049
0.0,3.14159265358979,0.802851455917391,0.349065850398866,0.0252287997229693,0.034697378416325655,0.0147575693226063
0.0,3.14159265358979,0.820304748437335,0.349065850398866,0.02517452128639,0.0345385017842951,0.01483058816979595
0.0,3.14159265358979,0.837758040957278,0.349065850398866,0.02508799577812685,0.034418224213945206,0.01483109581151465
0.0,3.14159265358979,0.855211333477221,0.349065850398866,0.02503235400643585,0.034197820273668356,0.0147507145203986
0.0,3.14159265358979,0.872664625997165,0.349065850398866,0.02517230705838465,0.0342737747802454,0.014890676562708049
0.0,3.14159265358979,0.890117918517108,0.349065850398866,0.0251232411743342,0.034392057309401855,0.015060259600410901
0.0,3.14159265358979,0.907571211037051,0.349065850398866,0.0250521041031624,0.03469535991587,0.015107964602486649
0.0,3.14159265358979,0.925024503556995,0.349065850398866,0.025086713057850152,0.0346035729921995,0.015038860586580199
0.0,3.14159265358979,0.942477796076938,0.349065850398866,0.0251009307280563,0.034601622159548553,0.0148450191518906
0.0,3.14159265358979,0.959931088596881,0.349065850398866,0.0250133938167688,0.034552789546960755,0.01475764220666285
0.0,3.14159265358979,0.977384381116825,0.349065850398866,0.024945468344102897,0.03431040116322975,0.01475736884139035
0.0,3.14159265358979,0.994837673636768,0.349065850398866,0.02491939263183445,0.03413488317023265,0.01466116773208905
0.0,3.14159265358979,1.01229096615671,0.349065850398866,0.02484335086690665,0.034037069547539794,0.014588298691335249
0.0,3.14159265358979,1.02974425867665,0.349065850398866,0.0248004073124607,0.03398167567849315,0.014532324911873451
0.0,3.14159265358979,1.0471975511966,0.349065850398866,0.0247561877088738,0.0338852623010997,0.01450575891027955
0.0,3.14159265358979,1.06465084371654,0.349065850398866,0.024715799881626997,0.033910267273749406,0.01453239225133465
0.0,3.14159265358979,1.08210413623648,0.349065850398866,0.02468726457506805,0.0340059521386694,0.0146501796273673
0.0,3.14159265358979,1.09955742875643,0.349065850398866,0.024774249318255198,0.03394343514416425,0.01476102623987505
0.0,3.14159265358979,1.11701072127637,0.349065850398866,0.0247765586131594,0.0338229510235412,0.0148093756239818
0.0,3.14159265358979,1.13446401379631,0.349065850398866,0.02469764357782145,0.033668112155874896,0.01458058474947915
0.0,3.14159265358979,1.15191730631626,0.349065850398866,0.024751241500883453,0.0337371598536365,0.01454080878407535
0.0,3.14159265358979,1.1693705988362,0.349065850398866,0.0247802150637581,0.03367035699719375,0.014562870610239701
0.0,3.14159265358979,1.18682389135614,0.349065850398866,0.024808034276981798,0.033670554971449246,0.014743994278750349
0.0,3.14159265358979,1.20427718387609,0.349065850398866,0.0246927074138292,0.03355908202085565,0.01474939941354755
0.0,3.14159265358979,1.22173047639603,0.349065850398866,0.02464445647460065,0.03340280532493485,0.01487801947722725
0.0,3.14159265358979,1.23918376891597,0.349065850398866,0.02458727753547385,0.0332547220646981,0.0150052247607479
0.0,3.14159265358979,1.25663706143592,0.349065850398866,0.024541867443244,0.03317162242538925,0.015070471046786951
0.0,3.14159265358979,1.27409035395586,0.349065850398866,0.024393796433927202,0.03301349123696255,0.014897407077165699
0.0,3.14159265358979,1.2915436464758,0.349065850398866,0.02430173543828305,0.032810474407325846,0.0148584129600888
0.0,3.14159265358979,1.30899693899575,0.349065850398866,0.02391575282157245,0.032205218474765804,0.01462317151762745
0.0,3.14159265358979,1.32645023151569,0.349065850398866,0.02270185602424115,0.030615700588174997,0.01390898510215555
0.0,3.14159265358979,1.34390352403563,0.349065850398866,0.0210670715674037,0.02837245952256065,0.01286484618424805
0.0,3.14159265358979,1.36135681655558,0.349065850398866,0.019434141816146652,0.0261551318160223,0.0118582921911994
0.0,3.14159265358979,1.37881010907552,0.349065850398866,0.017837082389471,0.024053349908196797,0.0109258963372157
0.0,3.14159265358979,1.39626340159546,0.349065850398866,0.01620593516028595,0.0218286329313924,0.009899581188811825
0.0,3.14159265358979,1.41371669411541,0.349065850398866,0.014590668138113199,0.01967656006502335,0.008941089553192609
0.0,3.14159265358979,1.43116998663535,0.349065850398866,0.0129717167700936,0.01749059878562785,0.007943732570005146
0.0,3.14159265358979,1.44862327915529,0.349065850398866,0.0113421201638805,0.015272266837677049,0.00692301421111697
0.0,3.14159265358979,1.46607657167524,0.349065850398866,0.009727186099274854,0.0131152172282872,0.005956199157693535
0.0,3.14159265358979,1.48352986419518,0.349065850398866,0.008106589831818665,0.01092957995804555,0.004963241373313425
0.0,3.14159265358979,1.50098315671512,0.349065850398866,0.00648001057480234,0.008724780680720755,0.003954612937035765
0.0,3.14159265358979,1.51843644923507,0.349065850398866,0.00486131937311721,0.006549903531934,0.002971686517664095
0.0,3.14159265358979,1.53588974175501,0.349065850398866,0.003241877775877475,0.004370531074465575,0.001984530721750895
0.0,3.14159265358979,1.55334303427495,0.349065850398866,0.00161878297587511,0.002181058159737175,0.0009895377883761105
0.0,3.14159265358979,1.5707963267949,0.349065850398866,0.001026406293320295,0.00138422016200414,0.0006288308414155994
0.0,3.14159265358979,0.0174532925199433,0.523598775598299,1.2326225851787411,1.2506503227060934,1.338907961099368
0.0,3.14159265358979,0.0349065850398866,0.523598775598299,1.004696982354563,1.0234108529064094,1.0859076940841565
0.0,3.14159265358979,0.0523598775598299,0.523598775598299,0.7662442272542824,0.780810877807891,0.8147235265956845
0.0,3.14159265358979,0.0698131700797732,0.523598775598299,0.5747461940203225,0.5867803923512656,0.601808937359487
0.0,3.14159265358979,0.0872664625997165,0.523598775598299,0.425723611091229,0.4343344153934815,0.432529694105827
0.0,3.14159265358979,0.10471975511966,0.523598775598299,0.3163106095490555,0.321536298745237,0.310052951793796
0.0,3.14159265358979,0.122173047639603,0.523598775598299,0.2332157962692855,0.2380607240266435,0.21993349444528
0.0,3.14159265358979,0.139626340159546,0.523598775598299,0.17187552674873402,0.176103286369655,0.15491566139402202
0.0,3.14159265358979,0.15707963267949,0.523598775598299,0.131172620316788,0.13570930958126148,0.1144734774889386
0.0,3.14159265358979,0.174532925199433,0.523598775598299,0.1029492809319335,0.10821822487097305,0.0870341104351811
0.0,3.14159265358979,0.191986217719376,0.523598775598299,0.08298036830854295,0.0887777093264713,0.06709092140943976
0.0,3.14159265358979,0.20943951023932,0.523598775598299,0.06854498151005675,0.07510453621104299,0.05307164539353845
0.0,3.14159265358979,0.226892802759263,0.523598775598299,0.05895487726565185,0.0662642381857513,0.044127596699944
0.0,3.14159265358979,0.244346095279206,0.523598775598299,0.051763576686571305,0.05953287526544215,0.0375853924928027
0.0,3.14159265358979,0.261799387799149,0.523598775598299,0.046281847221425254,0.05432709712578625,0.03261532697986745
0.0,3.14159265358979,0.279252680319093,0.523598775598299,0.04221439217542255,0.05052502612121425,0.0288360460815442
0.0,3.14159265358979,0.296705972839036,0.523598775598299,0.03926839290834315,0.047524134116788755,0.02614460780502145
0.0,3.14159265358979,0.314159265358979,0.523598775598299,0.03708472371727705,0.04534011424808605,0.02422627698534465
0.0,3.14159265358979,0.331612557878923,0.523598775598299,0.0354514704652827,0.04382099722377295,0.0229157824399443
0.0,3.14159265358979,0.349065850398866,0.523598775598299,0.034049948835362956,0.0425585468114186,0.0219440663285339
0.0,3.14159265358979,0.366519142918809,0.523598775598299,0.03290273325138595,0.041581825190816796,0.02104626119938685
0.0,3.14159265358979,0.383972435438752,0.523598775598299,0.0318218386013657,0.04061176749781755,0.0202192258584958
0.0,3.14159265358979,0.401425727958696,0.523598775598299,0.03084924474839615,0.0396946512347308,0.01940521754368725
0.0,3.14159265358979,0.418879020478639,0.523598775598299,0.030028246344102352,0.0390935162939392,0.0187157173437788
0.0,3.14159265358979,0.436332312998582,0.523598775598299,0.02932665968836015,0.0383765739604489,0.018348517400084398
0.0,3.14159265358979,0.453785605518526,0.523598775598299,0.028730410232687548,0.03776894868430275,0.0179863290428551
0.0,3.14159265358979,0.471238898038469,0.523598775598299,0.02834582989087115,0.03749764383948495,0.01767711662571745
0.0,3.14159265358979,0.488692190558412,0.523598775598299,0.0280044404504134,0.037215220124930795,0.017470355232174647
0.0,3.14159265358979,0.506145483078356,0.523598775598299,0.0277421465193213,0.03697491773226855,0.0171814278676044
0.0,3.14159265358979,0.523598775598299,0.523598775598299,0.02748082556924345,0.03673820876800115,0.0169027042475079
0.0,3.14159265358979,0.541052068118242,0.523598775598299,0.02711425715173775,0.03645260085407425,0.016419389676294
0.0,3.14159265358979,0.558505360638185,0.523598775598299,0.0268420941675202,0.036301824707294955,0.01632584255465425
0.0,3.14159265358979,0.575958653158129,0.523598775598299,0.02664419459768045,0.03616628152816445,0.016376924994202
0.0,3.14159265358979,0.593411945678072,0.523598775598299,0.02647627059461245,0.036076014234420556,0.01620742628966585
0.0,3.14159265358979,0.610865238198015,0.523598775598299,0.02617775559770205,0.0358429450611901,0.015962294108443797
0.0,3.14159265358979,0.628318530717959,0.523598775598299,0.025858841804971403,0.03563459867238035,0.015800534174737202
0.0,3.14159265358979,0.645771823237902,0.523598775598299,0.0256545183186508,0.035503961320691446,0.0158689605407288
0.0,3.14159265358979,0.663225115757845,0.523598775598299,0.02548611753360025,0.03542137060897285,0.0158869332526178
0.0,3.14159265358979,0.680678408277788,0.523598775598299,0.02544186769295695,0.0352125072983202,0.0156909050800025
0.0,3.14159265358979,0.698131700797732,0.523598775598299,0.02540918385246975,0.0352155719039011,0.01552230216942525
0.0,3.14159265358979,0.715584993317675,0.523598775598299,0.0254075052804989,0.03505115254261765,0.0154208569529708
0.0,3.14159265358979,0.733038285837618,0.523598775598299,0.0253567970387926,0.0349174325690097,0.0154479748117023
0.0,3.14159265358979,0.750491578357562,0.523598775598299,0.0252153576588804,0.03470298963090325,0.015599089293826099
0.0,3.14159265358979,0.767944870877505,0.523598775598299,0.02521540084163605,0.0344749748622048,0.015588269254820798
0.0,3.14159265358979,0.785398163397448,0.523598775598299,0.025295930995352447,0.0344019542147289,0.01510287096824415
0.0,3.14159265358979,0.802851455917391,0.523598775598299,0.02537066924656755,0.03436698525145085,0.014988295711172099
0.0,3.14159265358979,0.820304748437335,0.523598775598299,0.02516248976176785,0.03425926769905075,0.01504573724086015
0.0,3.14159265358979,0.837758040957278,0.523598775598299,0.024971252981221652,0.0340590026150306,0.0150688934220868
0.0,3.14159265358979,0.855211333477221,0.523598775598299,0.0248677051969203,0.03408202422703745,0.01502884191184165
0.0,3.14159265358979,0.872664625997165,0.523598775598299,0.02481619681475405,0.03416671240164215,0.01497738866727145
0.0,3.14159265358979,0.890117918517108,0.523598775598299,0.0250348563142717,0.0343712959910042,0.01499368018500585
0.0,3.14159265358979,0.907571211037051,0.523598775598299,0.0252556655324833,0.034490644113155694,0.014751536114347201
0.0,3.14159265358979,0.925024503556995,0.523598775598299,0.025194546747235,0.03443266287400515,0.014645252364049299
0.0,3.14159265358979,0.942477796076938,0.523598775598299,0.0252390317645553,0.034498164655339,0.01473887240640125
0.0,3.14159265358979,0.959931088596881,0.523598775598299,0.0252756659337341,0.0343048525435181,0.0147035480558305
0.0,3.14159265358979,0.977384381116825,0.523598775598299,0.025091709130346147,0.03406783614527775,0.0148478294787284
0.0,3.14159265358979,0.994837673636768,0.523598775598299,0.025006119584078952,0.03397823642384685,0.0149244691744985
0.0,3.14159265358979,1.01229096615671,0.523598775598299,0.02500205900546225,0.0340746951966661,0.014904174481681451
0.0,3.14159265358979,1.02974425867665,0.523598775598299,0.02508874719591275,0.0341589371034144,0.0147532727535707
0.0,3.14159265358979,1.0471975511966,0.523598775598299,0.0249556140130482,0.03414612532961375,0.01467606647926415
0.0,3.14159265358979,1.06465084371654,0.523598775598299,0.0247464119647361,0.034029975917452146,0.01469900823897645
0.0,3.14159265358979,1.08210413623648,0.523598775598299,0.024723262031594348,0.034140967195842295,0.01473781728223525
0.0,3.14159265358979,1.09955742875643,0.523598775598299,0.02474490011284535,0.034004776675930895,0.0148125021262904
0.0,3.14159265358979,1.11701072127637,0.523598775598299,0.0247779391147505,0.03390383774552825,0.014827145875212
0.0,3.14159265358979,1.13446401379631,0.523598775598299,0.02481531251875135,0.0336527467242219,0.014853895104483799
0.0,3.14159265358979,1.15191730631626,0.523598775598299,0.0248537206277802,0.033424252191628645,0.01494735838417045
0.0,3.14159265358979,1.1693705988362,0.523598775598299,0.02489956520554545,0.033309960522939,0.01487988522413615
0.0,3.14159265358979,1.18682389135614,0.523598775598299,0.0249379094158768,0.0332742525907486,0.014883989173351701
0.0,3.14159265358979,1.20427718387609,0.523598775598299,0.0249081331526095,0.0331797591464508,0.01478415110750305
0.0,3.14159265358979,1.22173047639603,0.523598775598299,0.0248278006388491,0.03291772108984335,0.01470302884364675
0.0,3.14159265358979,1.23918376891597,0.523598775598299,0.02471957167817745,0.0328265313219934,0.01458597386701305
0.0,3.14159265358979,1.25663706143592,0.523598775598299,0.0248076537145174,0.032660973725017,0.01443300309901455
0.0,3.14159265358979,1.27409035395586,0.523598775598299,0.02459037418552215,0.03253072826373755,0.0144917500429935
0.0,3.14159265358979,1.2915436464758,0.523598775598299,0.0246625251052877,0.0322747739973123,0.01437210626104295
0.0,3.14159265358979,1.30899693899575,0.523598775598299,0.024140750907045302,0.0318857473346767,0.014064283672607
0.0,3.14159265358979,1.32645023151569,0.523598775598299,0.022694413739279648,0.03003148018072335,0.0132310723854487
0.0,3.14159265358979,1.34390352403563,0.523598775598299,0.0211118592193293,0.027887869171658648,0.01227807525011675
0.0,3.14159265358979,1.36135681655558,0.523598775598299,0.019504976946446602,0.0257249749148624,0.0113484687321614
0.0,3.14159265358979,1.37881010907552,0.523598775598299,0.017870688521676,0.023632463529815302,0.010387573630365549
0.0,3.14159265358979,1.39626340159546,0.523598775598299,0.016227027900224948,0.0214496215914318,0.009455954820550446
0.0,3.14159265358979,1.41371669411541,0.523598775598299,0.014608725230593499,0.0193156503125968,0.008517586805135285
0.0,3.14159265358979,1.43116998663535,0.523598775598299,0.012969441903804349,0.0171605917739953,0.00756072424581112
0.0,3.14159265358979,1.44862327915529,0.523598775598299,0.0113681838495608,0.0150131773932322,0.00661743458038188
0.0,3.14159265358979,1.46607657167524,0.523598775598299,0.00976808451979063,0.012852377589280699,0.005672708769104885
0.0,3.14159265358979,1.48352986419518,0.523598775598299,0.00813061364414636,0.0107190644000556,0.00471966846997195
0.0,3.14159265358979,1.50098315671512,0.523598775598299,0.006496483395033415,0.00857691864393857,0.0037826080672757204
0.0,3.14159265358979,1.51843644923507,0.523598775598299,0.00486690122531364,0.0064402739959581855,0.00283918450679405
0.0,3.14159265358979,1.53588974175501,0.523598775598299,0.003242791630132835,0.004290451267865765,0.00189082694127532
0.0,3.14159265358979,1.55334303427495,0.523598775598299,0.00162308459874394,0.00214186228400848,0.000944858436646406
0.0,3.14159265358979,1.5707963267949,0.523598775598299,0.0009062872385936964,0.00120611317325837,0.0005298851144720965
0.0,3.14159265358979,0.0174532925199433,0.698131700797732,1.230349306133991,1.2450516233070774,1.3392617903928996
0.0,3.14159265358979,0.0349065850398866,0.698131700797732,0.9950073045343915,1.0121713572546516,1.0788944823394455
0.0,3.14159265358979,0.0523598775598299,0.698131700797732,0.7553213095423874,0.7711501162594465,0.8087033685413795
0.0,3.14159265358979,0.0698131700797732,0.698131700797732,0.558098738555019,0.567980542592558,0.5802082470390846
0.0,3.14159265358979,0.0872664625997165,0.698131700797732,0.4097638573308555,0.415723413202545,0.4125657941422085
0.0,3.14159265358979,0.10471975511966,0.698131700797732,0.300268540607945,0.30391936700497646,0.291542848307057
0.0,3.14159265358979,0.122173047639603,0.698131700797732,0.2202579866885735,0.223336417046924,0.205406730434516
0.0,3.14159265358979,0.139626340159546,0.698131700797732,0.1623952436583675,0.165922721856916,0.1456102202806845
0.0,3.14159265358979,0.15707963267949,0.698131700797732,0.1254168002968485,0.129621897770538,0.10852209539395336
0.0,3.14159265358979,0.174532925199433,0.698131700797732,0.09947844671287434,0.10451294707219355,0.08323331695211114
0.0,3.14159265358979,0.191986217719376,0.698131700797732,0.08097098919496484,0.08639503416464785,0.06471447368822435
0.0,3.14159265358979,0.20943951023932,0.698131700797732,0.0679525176002047,0.07405118630177046,0.05161541618073595
0.0,3.14159265358979,0.226892802759263,0.698131700797732,0.05836018499271045,0.06522205292267175,0.042459178771087805
0.0,3.14159265358979,0.244346095279206,0.698131700797732,0.0511198070690246,0.0585056131890984,0.0361581314852457
0.0,3.14159265358979,0.261799387799149,0.698131700797732,0.04629470459057965,0.0539930177504738,0.0319520674154402
0.0,3.14159265358979,0.279252680319093,0.698131700797732,0.0426688458281161,0.05061535838844845,0.02881638871222415
0.0,3.14159265358979,0.296705972839036,0.698131700797732,0.039639713335628796,0.0479011555945416,0.026297118868120348
0.0,3.14159265358979,0.314159265358979,0.698131700797732,0.0372711920278433,0.045776592739694005,0.024465336540388703
0.0,3.14159265358979,0.331612557878923,0.698131700797732,0.0354490863282101,0.044124245814756005,0.02299081043660365
0.0,3.14159265358979,0.349065850398866,0.698131700797732,0.03403326840717005,0.042639879366284,0.021814497339127298
0.0,3.14159265358979,0.366519142918809,0.698131700797732,0.03287874399328085,0.041370080039145454,0.0207914728326988
0.0,3.14159265358979,0.383972435438752,0.698131700797732,0.03178308317248605,0.04029194827216545,0.01991275709199245
0.0,3.14159265358979,0.401425727958696,0.698131700797732,0.0307128614903945,0.0395074293168817,0.019214425949951403
0.0,3.14159265358979,0.418879020478639,0.698131700797732,0.0298389908055492,0.03879999034202605,0.0185648069119348
0.0,3.14159265358979,0.436332312998582,0.698131700797732,0.0290641405193342,0.03814982519361465,0.0181099646292896
0.0,3.14159265358979,0.453785605518526,0.698131700797732,0.028430546405943,0.03762711275251715,0.017883801730417502
0.0,3.14159265358979,0.471238898038469,0.698131700797732,0.02799491055445695,0.037347647943458254,0.0175039117411895
0.0,3.14159265358979,0.488692190558412,0.698131700797732,0.027652862451567048,0.037239809044251754,0.017158945688675202
0.0,3.14159265358979,0.506145483078356,0.698131700797732,0.02746156888897315,0.0370751426142117,0.0169790670641805
0.0,3.14159265358979,0.523598775598299,0.698131700797732,0.027287595520539297,0.03683025745366665,0.0168746834760233
0.0,3.14159265358979,0.541052068118242,0.698131700797732,0.026956611280289,0.0364040146162068,0.01675741547754045
0.0,3.14159265358979,0.558505360638185,0.698131700797732,0.0266089373243046,0.0359937989463591,0.01669858885829345
0.0,3.14159265358979,0.575958653158129,0.698131700797732,0.026326839832096702,0.0357553402868873,0.01639984405636245
0.0,3.14159265358979,0.593411945678072,0.698131700797732,0.0262358564462993,0.03576102181640955,0.01586792347649215
0.0,3.14159265358979,0.610865238198015,0.698131700797732,0.02600797350856425,0.03563672248251725,0.015841705146799098
0.0,3.14159265358979,0.628318530717959,0.698131700797732,0.0259114524637129,0.035535917208060555,0.015793021896930798
0.0,3.14159265358979,0.645771823237902,0.698131700797732,0.02585574057367995,0.03550652135312665,0.0157573049639716
0.0,3.14159265358979,0.663225115757845,0.698131700797732,0.02583044871805315,0.035479880105948394,0.01580018299994225
0.0,3.14159265358979,0.680678408277788,0.698131700797732,0.025849272539597,0.0355030870090916,0.015926658314832552
0.0,3.14159265358979,0.698131700797732,0.698131700797732,0.025802193049849098,0.0353885051645934,0.01577915256576325
0.0,3.14159265358979,0.715584993317675,0.698131700797732,0.02570823190348555,0.035200240693961105,0.015586122784052699
0.0,3.14159265358979,0.733038285837618,0.698131700797732,0.025512630214936348,0.035017110971245505,0.015426796576042349
0.0,3.14159265358979,0.750491578357562,0.698131700797732,0.0253856148025174,0.034849746997615144,0.01541797318096055
0.0,3.14159265358979,0.767944870877505,0.698131700797732,0.0252519957170022,0.034596322524912404,0.0152587660573867
0.0,3.14159265358979,0.785398163397448,0.698131700797732,0.025224919867855453,0.0343805206447145,0.01526078641118685
0.0,3.14159265358979,0.802851455917391,0.698131700797732,0.0252686111227262,0.03426749720121845,0.015166928108956649
0.0,3.14159265358979,0.820304748437335,0.698131700797732,0.025211002937639747,0.0342247086247433,0.01517014513470045
0.0,3.14159265358979,0.837758040957278,0.698131700797732,0.025040081293596,0.0342029172844904,0.0148200055386047
0.0,3.14159265358979,0.855211333477221,0.698131700797732,0.02507413270582095,0.03407124600440415,0.01455444231925835
0.0,3.14159265358979,0.872664625997165,0.698131700797732,0.025071152176501,0.0339253541731583,0.014472475306187
0.0,3.14159265358979,0.890117918517108,0.698131700797732,0.02514209674299525,0.033978413566117055,0.0145614627671166
0.0,3.14159265358979,0.907571211037051,0.698131700797732,0.02510779468927135,0.0338619210014653,0.01471778005547645
0.0,3.14159265358979,0.925024503556995,0.698131700797732,0.0251543722854699,0.0339013241008791,0.01470445468805995
0.0,3.14159265358979,0.942477796076938,0.698131700797732,0.0253412603209462,0.03409665700448265,0.01458572553782205
0.0,3.14159265358979,0.959931088596881,0.698131700797732,0.02529202755247045,0.0341232215546602,0.0146757137291816
0.0,3.14159265358979,0.977384381116825,0.698131700797732,0.02511285650522465,0.03382900148431535,0.01464791135399925
0.0,3.14159265358979,0.994837673636768,0.698131700797732,0.02510559229813135,0.0336965389388548,0.014928970196793151
0.0,3.14159265358979,1.01229096615671,0.698131700797732,0.025039972824947153,0.0335498007392595,0.01501689978352505
0.0,3.14159265358979,1.02974425867665,0.698131700797732,0.02502321590893375,0.03341993039047965,0.0149977673840957
0.0,3.14159265358979,1.0471975511966,0.698131700797732,0.024977366846992748,0.03333787451866985,0.0145301903675103
0.0,3.14159265358979,1.06465084371654,0.698131700797732,0.0250023570231429,0.03350503985998615,0.014471057897678951
0.0,3.14159265358979,1.08210413623648,0.698131700797732,0.025068138546246302,0.03347082769860095,0.014472112261725251
0.0,3.14159265358979,1.09955742875643,0.698131700797732,0.024955511936359052,0.0333134240703402,0.014350407160839952
0.0,3.14159265358979,1.11701072127637,0.698131700797732,0.02480260749181215,0.03314112673337995,0.01420107372966355
0.0,3.14159265358979,1.13446401379631,0.698131700797732,0.0246744468643213,0.03302145571830235,0.01427458706863175
0.0,3.14159265358979,1.15191730631626,0.698131700797732,0.02465821066593705,0.0329433344075917,0.0143465620105462
0.0,3.14159265358979,1.1693705988362,0.698131700797732,0.02467379124685625,0.032912110070821954,0.014568222188078
0.0,3.14159265358979,1.18682389135614,0.698131700797732,0.0246591983416294,0.03259728635791065,0.01463694918595255
0.0,3.14159265358979,1.20427718387609,0.698131700797732,0.02464588016537555,0.032407265481508254,0.0146962688671266
0.0,3.14159265358979,1.22173047639603,0.698131700797732,0.0245616123793518,0.03228282957760785,0.014703126621465851
0.0,3.14159265358979,1.23918376891597,0.698131700797732,0.024514551543720148,0.03203784225073285,0.0148029351917341
0.0,3.14159265358979,1.25663706143592,0.698131700797732,0.024490564498162802,0.031946300312537895,0.01490632340326015
0.0,3.14159265358979,1.27409035395586,0.698131700797732,0.0244009425894407,0.0317795330660991,0.015126870472477601
0.0,3.14159265358979,1.2915436464758,0.698131700797732,0.0242691334360966,0.0316387492576986,0.014714494569131799
0.0,3.14159265358979,1.30899693899575,0.698131700797732,0.02391584219522635,0.0309770684545074,0.014894674934037198
0.0,3.14159265358979,1.32645023151569,0.698131700797732,0.02264183049759505,0.029320936572978948,0.014106966765171949
0.0,3.14159265358979,1.34390352403563,0.698131700797732,0.02103284639590395,0.02716905335553615,0.013163363788674949
0.0,3.14159265358979,1.36135681655558,0.698131700797732,0.01941081504419985,0.02522815067990545,0.0120369183786278
0.0,3.14159265358979,1.37881010907552,0.698131700797732,0.0177779226500951,0.0231032880429621,0.0110030111495742
0.0,3.14159265358979,1.39626340159546,0.698131700797732,0.016169640297035402,0.0209783641944738,0.010051910660093734
0.0,3.14159265358979,1.41371669411541,0.698131700797732,0.014555903039336151,0.01891119210126445,0.009044359481722285
0.0,3.14159265358979,1.43116998663535,0.698131700797732,0.0129366544891548,0.01676555591275795,0.008052866588980894
0.0,3.14159265358979,1.44862327915529,0.698131700797732,0.011315419053567699,0.0146572747531993,0.00705083610542574
0.0,3.14159265358979,1.46607657167524,0.698131700797732,0.009706013676510201,0.01256644106712105,0.00605808488203992
0.0,3.14159265358979,1.48352986419518,0.698131700797732,0.008086019514654555,0.010463869055809299,0.00504385486743239
0.0,3.14159265358979,1.50098315671512,0.698131700797732,0.00646745555658589,0.00840905334323705,0.004014893950029675
0.0,3.14159265358979,1.51843644923507,0.698131700797732,0.004850617229625881,0.00630107844812341,0.003013354632055025
0.0,3.14159265358979,1.53588974175501,0.698131700797732,0.00323221786824025,0.004192815867509465,0.00200985366048262
0.0,3.14159265358979,1.55334303427495,0.698131700797732,0.00161563597146483,0.002097854964427605,0.001004373456311352
0.0,3.14159265358979,1.5707963267949,0.698131700797732,-8.089664548432959e-06,-2.2683242670962202e-05,-3.800264274933501e-07
0.0,3.14159265358979,0.0174532925199433,0.872664625997165,1.2344738582460135,1.2454120869219074,1.347281766472646
0.0,3.14159265358979,0.0349065850398866,0.872664625997165,0.9973496851822705,1.0131028959649715,1.086248576807707
0.0,3.14159265358979,0.0523598775598299,0.872664625997165,0.75470739994178,0.7694397138073055,0.8097735368152015
0.0,3.14159265358979,0.0698131700797732,0.872664625997165,0.5557000200077595,0.564282863519996,0.5780911719902331
0.0,3.14159265358979,0.0872664625997165,0.872664625997165,0.404657943801404,0.4102074573050505,0.4077239402155285
0.0,3.14159265358979,0.10471975511966,0.872664625997165,0.293001076343253,0.296336334251054,0.2828160513457005
0.0,3.14159265358979,0.122173047639603,0.872664625997165,0.214079039838308,0.216369737779317,0.197325447154765
0.0,3.14159265358979,0.139626340159546,0.872664625997165,0.1587490518643525,0.1608612350732575,0.139521170315625
0.0,3.14159265358979,0.15707963267949,0.872664625997165,0.12080679285873999,0.124227799294003,0.10237855864587965
0.0,3.14159265358979,0.174532925199433,0.872664625997165,0.09480454059782295,0.0990744053096287,0.07773554636780064
0.0,3.14159265358979,0.191986217719376,0.872664625997165,0.0771991298470959,0.08241849956174865,0.06135487725186335
0.0,3.14159265358979,0.20943951023932,0.872664625997165,0.06537182313139166,0.07142704884077336,0.0501380247099577
0.0,3.14159265358979,0.226892802759263,0.872664625997165,0.0569439749029786,0.06357352725976455,0.04195389410625725
0.0,3.14159265358979,0.244346095279206,0.872664625997165,0.0506886367279138,0.0579566245554419,0.0360847546797928
0.0,3.14159265358979,0.261799387799149,0.872664625997165,0.04616737577469385,0.0537807791384984,0.03203463340304385
0.0,3.14159265358979,0.279252680319093,0.872664625997165,0.04261901506372285,0.05047314591430385,0.0290712626864265
0.0,3.14159265358979,0.296705972839036,0.872664625997165,0.039923248238078995,0.0477902980043908,0.0266261803306675
0.0,3.14159265358979,0.314159265358979,0.872664625997165,0.0378494987266257,0.0458138840077516,0.02463457991064065
0.0,3.14159265358979,0.331612557878923,0.872664625997165,0.0358580714177342,0.04408287889007425,0.02299823208555985
0.0,3.14159265358979,0.349065850398866,0.872664625997165,0.0340812607445653,0.042685542470458596,0.0216773262738428
0.0,3.14159265358979,0.366519142918809,0.872664625997165,0.03248232862881115,0.04128183768141825,0.02054465010068
0.0,3.14159265358979,0.383972435438752,0.872664625997165,0.0312745646580804,0.04007029399059365,0.019804560925207
0.0,3.14159265358979,0.401425727958696,0.872664625997165,0.0302927109880072,0.03906872330420735,0.01900312985556275
0.0,3.14159265358979,0.418879020478639,0.872664625997165,0.0295187641580996,0.03834556735073575,0.018258418493499552
0.0,3.14159265358979,0.436332312998582,0.872664625997165,0.028927559956413197,0.0378403834812604,0.017800732568372703
0.0,3.14159265358979,0.453785605518526,0.872664625997165,0.02846933907959105,0.03728706425944705,0.0178089136411992
0.0,3.14159265358979,0.471238898038469,0.872664625997165,0.0281168837349514,0.037000093336330406,0.017545289341904698
0.0,3.14159265358979,0.488692190558412,0.872664625997165,0.02776069718567525,0.0367796218341756,0.01714819716629875
0.0,3.14159265358979,0.506145483078356,0.872664625997165,0.0273079204270358,0.03647902523922915,0.0168893450515041
0.0,3.14159265358979,0.523598775598299,0.872664625997165,0.02687573687037995,0.03622347232476815,0.0166723497366437
0.0,3.14159265358979,0.541052068118242,0.872664625997165,0.0265029450258807,0.0357591249987855,0.0163019580766233
0.0,3.14159265358979,0.558505360638185,0.872664625997165,0.02634018607619795,0.03559209147232955,0.016078068500346
0.0,3.14159265358979,0.575958653158129,0.872664625997165,0.026171170152884997,0.0354079704611405,0.0159997151644867
0.0,3.14159265358979,0.593411945678072,0.872664625997165,0.02600080873852225,0.035220935766612796,0.01598052634007255
0.0,3.14159265358979,0.610865238198015,0.872664625997165,0.02575548796313085,0.03500125389734515,0.01596122167202115
0.0,3.14159265358979,0.628318530717959,0.872664625997165,0.0256730839636236,0.0348164115876664,0.0158400363381809
0.0,3.14159265358979,0.645771823237902,0.872664625997165,0.0257494457288651,0.0348535138147113,0.0157942313207353
0.0,3.14159265358979,0.663225115757845,0.872664625997165,0.025805910077054302,0.0349664921039574,0.0155570883137573
0.0,3.14159265358979,0.680678408277788,0.872664625997165,0.025811181626153402,0.035057589508263695,0.015370772096627251
0.0,3.14159265358979,0.698131700797732,0.872664625997165,0.025723393662542247,0.035241761428380855,0.01538663767478845
0.0,3.14159265358979,0.715584993317675,0.872664625997165,0.025591329909270148,0.0351755703114782,0.01529004147951225
0.0,3.14159265358979,0.733038285837618,0.872664625997165,0.02543782184645305,0.0350942274753931,0.0152609820896604
0.0,3.14159265358979,0.750491578357562,0.872664625997165,0.025268343437141502,0.0347122236020357,0.01530011914817065
0.0,3.14159265358979,0.767944870877505,0.872664625997165,0.02514056287466215,0.0344561495003027,0.0153401459824926
0.0,3.14159265358979,0.785398163397448,0.872664625997165,0.02502615414080045,0.034264564333396294,0.0154150865002843
0.0,3.14159265358979,0.802851455917391,0.872664625997165,0.0249807604667625,0.034022765480272305,0.015263803593701001
0.0,3.14159265358979,0.820304748437335,0.872664625997165,0.02494047273926335,0.0339437252740112,0.01515330026098875
0.0,3.14159265358979,0.837758040957278,0.872664625997165,0.024901460470015298,0.0337851984820397,0.015179179287040101
0.0,3.14159265358979,0.855211333477221,0.872664625997165,0.0249540226315228,0.0336913372258986,0.015153786554805149
0.0,3.14159265358979,0.872664625997165,0.872664625997165,0.02505365486662495,0.03367458411509465,0.01519895918194315
0.0,3.14159265358979,0.890117918517108,0.872664625997165,0.025170564641759,0.033848218256638654,0.015315353524617749
0.0,3.14159265358979,0.907571211037051,0.872664625997165,0.02519200011285875,0.0340894983249347,0.01526650533126
0.0,3.14159265358979,0.925024503556995,0.872664625997165,0.025375703540512398,0.034352459544835345,0.0151125361012366
0.0,3.14159265358979,0.942477796076938,0.872664625997165,0.025449939651816203,0.034516969392636,0.0151399583456415
0.0,3.14159265358979,0.959931088596881,0.872664625997165,0.02529885492870665,0.0343873458158419,0.01531063446789825
0.0,3.14159265358979,0.977384381116825,0.872664625997165,0.02531978272042055,0.034366946903612444,0.01511489615778365
0.0,3.14159265358979,0.994837673636768,0.872664625997165,0.0253347060629305,0.034277868347967,0.015116731382563
0.0,3.14159265358979,1.01229096615671,0.872664625997165,0.02528301421442605,0.034256159002432646,0.01492632075916305
0.0,3.14159265358979,1.02974425867665,0.872664625997165,0.025175592250569298,0.0342054485958191,0.01483474460734165
0.0,3.14159265358979,1.0471975511966,0.872664625997165,0.025134334742223,0.034148766408822695,0.01484903061670165
0.0,3.14159265358979,1.06465084371654,0.872664625997165,0.02498266130178,0.034004331930613405,0.0148377064321808
0.0,3.14159265358979,1.08210413623648,0.872664625997165,0.024929399038872,0.0338526371961962,0.014819677544987149
0.0,3.14159265358979,1.09955742875643,0.872664625997165,0.024977860123187402,0.0336101063917006,0.0146571712063054
0.0,3.14159265358979,1.11701072127637,0.872664625997165,0.0250408488225025,0.03346495699223105,0.0144636358783824
0.0,3.14159265358979,1.13446401379631,0.872664625997165,0.025128912322219248,0.033174890395618,0.01430273685543525
0.0,3.14159265358979,1.15191730631626,0.872664625997165,0.02515003806654155,0.032993885916971,0.01453717772777615
0.0,3.14159265358979,1.1693705988362,0.872664625997165,0.025276358283907348,0.0328021251945309,0.014730568438777451
0.0,3.14159265358979,1.18682389135614,0.872664625997165,0.0253025886009327,0.032668572448256855,0.015099138324122699
0.0,3.14159265358979,1.20427718387609,0.872664625997165,0.025389053237188597,0.0324920486292722,0.01519624080932565
0.0,3.14159265358979,1.22173047639603,0.872664625997165,0.02520180973971895,0.03205771431183555,0.01540113966311555
0.0,3.14159265358979,1.23918376891597,0.872664625997165,0.0251102790653174,0.0317758303635559,0.0154535809173495
0.0,3.14159265358979,1.25663706143592,0.872664625997165,0.025050404992142797,0.0315295144135449,0.0153495901898329
0.0,3.14159265358979,1.27409035395586,0.872664625997165,0.02501359492112775,0.0313456798176078,0.01527410684939745
0.0,3.14159265358979,1.2915436464758,0.872664625997165,0.024812703657830948,0.0311214692024585,0.015192245907024449
0.0,3.14159265358979,1.30899693899575,0.872664625997165,0.02437793403429495,0.0305414966072232,0.0147678768666956
0.0,3.14159265358979,1.32645023151569,0.872664625997165,0.0230976826682202,0.0289115527659193,0.01408836272962125
0.0,3.14159265358979,1.34390352403563,0.872664625997165,0.0214242259019143,0.0268305405654403,0.01305459997913915
0.0,3.14159265358979,1.36135681655558,0.872664625997165,0.01984114780195205,0.02482416091905695,0.012116994628427299
0.0,3.14159265358979,1.37881010907552,0.872664625997165,0.01817161282804905,0.022732513959585247,0.011090286409332451
0.0,3.14159265358979,1.39626340159546,0.872664625997165,0.01651478769129135,0.0206617908998935,0.010082718000571141
0.0,3.14159265358979,1.41371669411541,0.872664625997165,0.01488210655103775,0.01860921400223475,0.00909802929621878
0.0,3.14159265358979,1.43116998663535,0.872664625997165,0.013203546916878101,0.01652371680000695,0.00805664396833346
0.0,3.14159265358979,1.44862327915529,0.872664625997165,0.0115335427599571,0.014449854106670101,0.006977337894004065
0.0,3.14159265358979,1.46607657167524,0.872664625997165,0.009901824026187354,0.0123922468029396,0.006043565570250115
0.0,3.14159265358979,1.48352986419518,0.872664625997165,0.008245362222146896,0.0103222360251978,0.005028185085462085
0.0,3.14159265358979,1.50098315671512,0.872664625997165,0.00661370084660983,0.008270970141511621,0.004036176068208195
0.0,3.14159265358979,1.51843644923507,0.872664625997165,0.00495865181101203,0.006201056807047815,0.0030306370739041
0.0,3.14159265358979,1.53588974175501,0.872664625997165,0.00330092072307793,0.004129925068094605,0.002015226215030825
0.0,3.14159265358979,1.55334303427495,0.872664625997165,0.0016511993890652452,0.002065092256233855,0.0010090473246113624
0.0,3.14159265358979,1.5707963267949,0.872664625997165,-1.4884620580746246e-05,-1.481910796657935e-05,-1.3320699790389547e-05
0.0,3.14159265358979,0.0174532925199433,1.0471975511966,1.2448709190860145,1.25172076104605,1.3627242064237288
0.0,3.14159265358979,0.0349065850398866,1.0471975511966,1.011652952247516,1.0261771647050435,1.1077465270498754
0.0,3.14159265358979,0.0523598775598299,1.0471975511966,0.7674410146699135,0.7792643978536745,0.8288263197026805
0.0,3.14159265358979,0.0698131700797732,1.0471975511966,0.564810361555621,0.5723068877526984,0.5955788077513999
0.0,3.14159265358979,0.0872664625997165,1.0471975511966,0.408753236693596,0.41322697523367447,0.42054212820207404
0.0,3.14159265358979,0.10471975511966,1.0471975511966,0.29485418441753597,0.2979369666840425,0.291413259489674
0.0,3.14159265358979,0.122173047639603,1.0471975511966,0.213106275986512,0.2146646977404565,0.200423550360355
0.0,3.14159265358979,0.139626340159546,1.0471975511966,0.15649386507957702,0.1585483407016195,0.140976179324517
0.0,3.14159265358979,0.15707963267949,1.0471975511966,0.11797249961937466,0.12028658244563956,0.10078947487394765
0.0,3.14159265358979,0.174532925199433,1.0471975511966,0.09306329289126064,0.09615315617890705,0.0749795895102814
0.0,3.14159265358979,0.191986217719376,1.0471975511966,0.07654058472261946,0.08101781215523375,0.059339420320971545
0.0,3.14159265358979,0.20943951023932,1.0471975511966,0.06475256953288609,0.07022971694960554,0.04863483140629375
0.0,3.14159265358979,0.226892802759263,1.0471975511966,0.056342768110705446,0.06266460986111995,0.0410864312969403
0.0,3.14159265358979,0.244346095279206,1.0471975511966,0.0501050878457381,0.05698485291928225,0.03511688030376765
0.0,3.14159265358979,0.261799387799149,1.0471975511966,0.04590270889866715,0.05295612646139205,0.031300868317438654
0.0,3.14159265358979,0.279252680319093,1.0471975511966,0.042734605957697,0.0500595760730849,0.028635162052000604
0.0,3.14159265358979,0.296705972839036,1.0471975511966,0.04009247072081855,0.0477249227876501,0.02660582755372235
0.0,3.14159265358979,0.314159265358979,1.0471975511966,0.03778912249242175,0.045755038581101456,0.0249198366848059
0.0,3.14159265358979,0.331612557878923,1.0471975511966,0.0356549898644258,0.0439246798095431,0.0232036471577085
0.0,3.14159265358979,0.349065850398866,1.0471975511966,0.03392991458875015,0.04235888291164285,0.021784024453416248
0.0,3.14159265358979,0.366519142918809,1.0471975511966,0.0324864398978697,0.04099112457623445,0.02074643070851155
0.0,3.14159265358979,0.383972435438752,1.0471975511966,0.03126900223759295,0.03977274623207555,0.0198687753902722
0.0,3.14159265358979,0.401425727958696,1.0471975511966,0.0303679286050555,0.03879611913590485,0.01920603845157735
0.0,3.14159265358979,0.418879020478639,1.0471975511966,0.0296150582000165,0.03812060707661185,0.01852678799207945
0.0,3.14159265358979,0.436332312998582,1.0471975511966,0.0289690063843967,0.0377558254099711,0.01796939873575485
0.0,3.14159265358979,0.453785605518526,1.0471975511966,0.02846258559675325,0.03733785676970925,0.01762328387636335
0.0,3.14159265358979,0.471238898038469,1.0471975511966,0.0280130374642687,0.036983184788565,0.0174802665315078
0.0,3.14159265358979,0.488692190558412,1.0471975511966,0.02761118163438265,0.036642953521653,0.01731332340514495
0.0,3.14159265358979,0.506145483078356,1.0471975511966,0.0272295305136513,0.0361501905654879,0.016986715002387402
0.0,3.14159265358979,0.523598775598299,1.0471975511966,0.0268066471212661,0.0357705492291537,0.016807436485252653
0.0,3.14159265358979,0.541052068118242,1.0471975511966,0.02653417125818545,0.0354793553254216,0.01652747746563805
0.0,3.14159265358979,0.558505360638185,1.0471975511966,0.0263535438336765,0.035149989990558,0.016248645635416052
0.0,3.14159265358979,0.575958653158129,1.0471975511966,0.0262011353503835,0.035099710157399405,0.016120446522305598
0.0,3.14159265358979,0.593411945678072,1.0471975511966,0.0260243732964945,0.035148725477381904,0.0158544626132167
0.0,3.14159265358979,0.610865238198015,1.0471975511966,0.02588641889421995,0.0351430004576221,0.01552071769056475
0.0,3.14159265358979,0.628318530717959,1.0471975511966,0.02587905295906885,0.035091220865809056,0.015561882318889348
0.0,3.14159265358979,0.645771823237902,1.0471975511966,0.02595876679569235,0.03497711862250365,0.01563737017845685
0.0,3.14159265358979,0.663225115757845,1.0471975511966,0.02599955699643085,0.0349379964028236,0.015560724386504049
0.0,3.14159265358979,0.680678408277788,1.0471975511966,0.0259060519016118,0.03494230029418155,0.0157489123532927
0.0,3.14159265358979,0.698131700797732,1.0471975511966,0.02585585634341215,0.0348796025080815,0.0156972989765842
0.0,3.14159265358979,0.715584993317675,1.0471975511966,0.0257468491990848,0.03473395418395005,0.0154720864262818
0.0,3.14159265358979,0.733038285837618,1.0471975511966,0.0256091246373644,0.03463782911652865,0.015318923870688849
0.0,3.14159265358979,0.750491578357562,1.0471975511966,0.0254408683062933,0.0346201468364216,0.0153087666100188
0.0,3.14159265358979,0.767944870877505,1.0471975511966,0.02524531465088785,0.034424067154535304,0.015272400451075599
0.0,3.14159265358979,0.785398163397448,1.0471975511966,0.025081992673357402,0.034215949957206546,0.015369451798561948
0.0,3.14159265358979,0.802851455917391,1.0471975511966,0.02491958805116605,0.034129572520353646,0.01549407596316665
0.0,3.14159265358979,0.820304748437335,1.0471975511966,0.02489984486841655,0.034078129973905455,0.0153963051249485
0.0,3.14159265358979,0.837758040957278,1.0471975511966,0.02489084643476885,0.033915207943516545,0.01515801620200845
0.0,3.14159265358979,0.855211333477221,1.0471975511966,0.024843281299960898,0.0338087354551738,0.015036752497452649
0.0,3.14159265358979,0.872664625997165,1.0471975511966,0.02485641718089135,0.03382768508841095,0.0151056050296546
0.0,3.14159265358979,0.890117918517108,1.0471975511966,0.02501971302220015,0.0337858353577926,0.0151829322406444
0.0,3.14159265358979,0.907571211037051,1.0471975511966,0.0251096275388119,0.03371656510247335,0.0149696237049727
0.0,3.14159265358979,0.925024503556995,1.0471975511966,0.02528527640129765,0.033604719005016354,0.014986454655061099
0.0,3.14159265358979,0.942477796076938,1.0471975511966,0.0252052392321974,0.03357098882240575,0.0150465391733882
0.0,3.14159265358979,0.959931088596881,1.0471975511966,0.0249040467361528,0.0335976730049215,0.015236623623652051
0.0,3.14159265358979,0.977384381116825,1.0471975511966,0.02471720483292575,0.03352558438350265,0.0155780790345517
0.0,3.14159265358979,0.994837673636768,1.0471975511966,0.024748282870336348,0.033312545092196,0.01535118765887555
0.0,3.14159265358979,1.01229096615671,1.0471975511966,0.02487343558189265,0.0333746171735254,0.01504591300578335
0.0,3.14159265358979,1.02974425867665,1.0471975511966,0.024987725383728,0.0332871992715619,0.014385518283940201
0.0,3.14159265358979,1.0471975511966,1.0471975511966,0.024867586379339397,0.03311495775904115,0.01424033024295445
0.0,3.14159265358979,1.06465084371654,1.0471975511966,0.0247174055515537,0.0331033085682794,0.01446165119379865
0.0,3.14159265358979,1.08210413623648,1.0471975511966,0.0247541888291474,0.0331977813962728,0.014415923112497401
0.0,3.14159265358979,1.09955742875643,1.0471975511966,0.02493396186430855,0.0330649243867856,0.0143662267872539
0.0,3.14159265358979,1.11701072127637,1.0471975511966,0.024972385872175,0.0326962403007128,0.0143692330231328
0.0,3.14159265358979,1.13446401379631,1.0471975511966,0.02512018689951885,0.03234302174200985,0.0143836677476254
0.0,3.14159265358979,1.15191730631626,1.0471975511966,0.0251543682526138,0.03191712719501205,0.0144129336080473
0.0,3.14159265358979,1.1693705988362,1.0471975511966,0.0250118336191546,0.031452925028077,0.0143455127140175
0.0,3.14159265358979,1.18682389135614,1.0471975511966,0.025065583470685097,0.0312758777102086,0.01448503918191015
0.0,3.14159265358979,1.20427718387609,1.0471975511966,0.02483852240309275,0.0308861849975375,0.014381813011459799
0.0,3.14159265358979,1.22173047639603,1.0471975511966,0.02463310660321185,0.03061293015214845,0.0142552248425572
0.0,3.14159265358979,1.23918376891597,1.0471975511966,0.02449882504446945,0.03043397634313645,0.014082188170415299
0.0,3.14159265358979,1.25663706143592,1.0471975511966,0.02442730340576905,0.03018311544686955,0.0143460915320144
0.0,3.14159265358979,1.27409035395586,1.0471975511966,0.02433060328269155,0.0301676818733125,0.01413465259516955
0.0,3.14159265358979,1.2915436464758,1.0471975511966,0.02424500979943065,0.030047651674499902,0.0144138017162752
0.0,3.14159265358979,1.30899693899575,1.0471975511966,0.0240796000532065,0.0296809761369247,0.0145158190384862
0.0,3.14159265358979,1.32645023151569,1.0471975511966,0.02269550311062585,0.027944516500804602,0.01370072889959675
0.0,3.14159265358979,1.34390352403563,1.0471975511966,0.02106222160061615,0.0259736515045525,0.012674421346244701
0.0,3.14159265358979,1.36135681655558,1.0471975511966,0.019437932199468752,0.023967225635553098,0.011780482006391101
0.0,3.14159265358979,1.37881010907552,1.0471975511966,0.017801403920527002,0.0220190762760096,0.0106584556160045
0.0,3.14159265358979,1.39626340159546,1.0471975511966,0.0162065461271747,0.01996509082223,0.009788027152904805
0.0,3.14159265358979,1.41371669411541,1.0471975511966,0.014578046355242999,0.0179765395800816,0.008787630472575705
0.0,3.14159265358979,1.43116998663535,1.0471975511966,0.0129687385418651,0.01596881665321525,0.007830340564608265
0.0,3.14159265358979,1.44862327915529,1.0471975511966,0.01134011980700585,0.0139800573045448,0.006841040087438405
0.0,3.14159265358979,1.46607657167524,1.0471975511966,0.00971366735069123,0.0119877599364032,0.005914346907207935
0.0,3.14159265358979,1.48352986419518,1.0471975511966,0.008095778119898995,0.00999313624546071,0.00488311262729674
0.0,3.14159265358979,1.50098315671512,1.0471975511966,0.00648043270051418,0.00798727616666784,0.003920758015395335
0.0,3.14159265358979,1.51843644923507,1.0471975511966,0.00485604376402381,0.00599318547258443,0.00292415257250177
0.0,3.14159265358979,1.53588974175501,1.0471975511966,0.003241721125707475,0.003992013954432145,0.00195530837544776
0.0,3.14159265358979,1.55334303427495,1.0471975511966,0.00161754583627155,0.001995056600196445,0.0009788684917797093
0.0,3.14159265358979,1.5707963267949,1.0471975511966,0.0009095561058859874,0.001119290222630355,0.0005363585311167684
0.0,3.14159265358979,0.0174532925199433,1.22173047639603,1.26110022697156,1.263715456634027,1.3848462563518051
0.0,3.14159265358979,0.0349065850398866,1.22173047639603,1.0242367052565724,1.034195511023179,1.1326205205369924
0.0,3.14159265358979,0.0523598775598299,1.22173047639603,0.7904285352490175,0.8002897644836291,0.8611378154853755
0.0,3.14159265358979,0.0698131700797732,1.22173047639603,0.5797760005594055,0.5846690802688395,0.621727609590881
0.0,3.14159265358979,0.0872664625997165,1.22173047639603,0.414830131144734,0.416856963360998,0.4356117754491105
0.0,3.14159265358979,0.10471975511966,1.22173047639603,0.2969012325754835,0.297138358193062,0.29997018879782045
0.0,3.14159265358979,0.122173047639603,1.22173047639603,0.21345801256069102,0.2134270641221745,0.20495140649272453
0.0,3.14159265358979,0.139626340159546,1.22173047639603,0.156357141997725,0.15711538008227,0.142247166638141
0.0,3.14159265358979,0.15707963267949,1.22173047639603,0.11924044289539021,0.12088715295237845,0.10251100247640635
0.0,3.14159265358979,0.174532925199433,1.22173047639603,0.09517265966737275,0.09812040879284656,0.07862432115354935
0.0,3.14159265358979,0.191986217719376,1.22173047639603,0.07808400783166985,0.082921066817899,0.06276501274074575
0.0,3.14159265358979,0.20943951023932,1.22173047639603,0.0651129861197544,0.07117492950115656,0.05058159690376655
0.0,3.14159265358979,0.226892802759263,1.22173047639603,0.05617752859603735,0.06256257914549915,0.0412300974462054
0.0,3.14159265358979,0.244346095279206,1.22173047639603,0.0499292584541314,0.05663312138274635,0.0349286636154711
0.0,3.14159265358979,0.261799387799149,1.22173047639603,0.0454885268907852,0.052604113025934,0.030987765570537798
0.0,3.14159265358979,0.279252680319093,1.22173047639603,0.0422034169208927,0.0496876396660228,0.02841176951236485
0.0,3.14159265358979,0.296705972839036,1.22173047639603,0.03954467195363835,0.0474775316781151,0.0262807542238943
0.0,3.14159265358979,0.314159265358979,1.22173047639603,0.0372757222203641,0.0453998212540297,0.0242173140275184
0.0,3.14159265358979,0.331612557878923,1.22173047639603,0.03529720926393365,0.0435892996953895,0.022700132733308898
0.0,3.14159265358979,0.349065850398866,1.22173047639603,0.03373090142000475,0.042054787965261756,0.02169063381628255
0.0,3.14159265358979,0.366519142918809,1.22173047639603,0.0324350675653041,0.0406113890604925,0.0208656371874343
0.0,3.14159265358979,0.383972435438752,1.22173047639603,0.0312383231887221,0.0393238726530115,0.01992926925835215
0.0,3.14159265358979,0.401425727958696,1.22173047639603,0.030201992276845648,0.0384854525008374,0.019040282311384
0.0,3.14159265358979,0.418879020478639,1.22173047639603,0.0293609976733225,0.03795799670333165,0.0183901310920032
0.0,3.14159265358979,0.436332312998582,1.22173047639603,0.028717774222219,0.03746125656070825,0.01787697509206685
0.0,3.14159265358979,0.453785605518526,1.22173047639603,0.02821916113252815,0.03695515691136675,0.0174785359719319
0.0,3.14159265358979,0.471238898038469,1.22173047639603,0.0278169915123916,0.0365173566530779,0.01723629677847715
0.0,3.14159265358979,0.488692190558412,1.22173047639603,0.0274983172102446,0.0361401710351447,0.01703398125043535
0.0,3.14159265358979,0.506145483078356,1.22173047639603,0.0270819843916197,0.0356676315749692,0.01666316556008415
0.0,3.14159265358979,0.523598775598299,1.22173047639603,0.0267557942061909,0.035375135783552794,0.01611153575314925
0.0,3.14159265358979,0.541052068118242,1.22173047639603,0.02649295323988715,0.03524612977104655,0.01590371402382865
0.0,3.14159265358979,0.558505360638185,1.22173047639603,0.0262201368486908,0.03513666732739465,0.015902556371248
0.0,3.14159265358979,0.575958653158129,1.22173047639603,0.02620142065740885,0.0351808886945778,0.0158717659240554
0.0,3.14159265358979,0.593411945678072,1.22173047639603,0.0261422490664911,0.03493827971600125,0.015798625791875548
0.0,3.14159265358979,0.610865238198015,1.22173047639603,0.02603521916946255,0.034717833478920795,0.0159606217856765
0.0,3.14159265358979,0.628318530717959,1.22173047639603,0.02600356345787955,0.03489055814849465,0.0160879249935503
0.0,3.14159265358979,0.645771823237902,1.22173047639603,0.0260694108483343,0.034973705557387796,0.015799505468340698
0.0,3.14159265358979,0.663225115757845,1.22173047639603,0.0260564968718171,0.034832814282987054,0.015653870990654
0.0,3.14159265358979,0.680678408277788,1.22173047639603,0.025953649505632552,0.0348112637626524,0.015581050376893099
0.0,3.14159265358979,0.698131700797732,1.22173047639603,0.025914098169154652,0.03492201118236815,0.01548584362098715
0.0,3.14159265358979,0.715584993317675,1.22173047639603,0.025853465860059252,0.034989633996025546,0.0155624825138487
0.0,3.14159265358979,0.733038285837618,1.22173047639603,0.02565354987983005,0.03477530001067445,0.015449891134721349
0.0,3.14159265358979,0.750491578357562,1.22173047639603,0.025416856546397602,0.0344313083986066,0.01522106575050185
0.0,3.14159265358979,0.767944870877505,1.22173047639603,0.025264921743201,0.0341687970729588,0.015202655964000951
0.0,3.14159265358979,0.785398163397448,1.22173047639603,0.02516258799018945,0.03397147889355165,0.015180683365321749
0.0,3.14159265358979,0.802851455917391,1.22173047639603,0.02510289714135635,0.03358445543631455,0.015237162351646901
0.0,3.14159265358979,0.820304748437335,1.22173047639603,0.025155795984566798,0.033466125964903545,0.015336574575075
0.0,3.14159265358979,0.837758040957278,1.22173047639603,0.0250934367129095,0.0335194100600526,0.0154143510392453
0.0,3.14159265358979,0.855211333477221,1.22173047639603,0.025057015825597502,0.0333608552751107,0.01532610631583675
0.0,3.14159265358979,0.872664625997165,1.22173047639603,0.025017705413855548,0.03322732585621245,0.0149680688430998
0.0,3.14159265358979,0.890117918517108,1.22173047639603,0.025180643514549503,0.0330711823531599,0.014838572352761
0.0,3.14159265358979,0.907571211037051,1.22173047639603,0.025266403977329953,0.033095541583736995,0.01472622134483885
0.0,3.14159265358979,0.925024503556995,1.22173047639603,0.02517741365741715,0.0332039097650144,0.01482025758167675
0.0,3.14159265358979,0.942477796076938,1.22173047639603,0.025044971300387048,0.033066592960804594,0.01468028659972215
0.0,3.14159265358979,0.959931088596881,1.22173047639603,0.02493077366926735,0.03288246100675505,0.014403486893348999
0.0,3.14159265358979,0.977384381116825,1.22173047639603,0.024986145815634048,0.03291870065332785,0.014201253263781601
0.0,3.14159265358979,0.994837673636768,1.22173047639603,0.025056744636054097,0.03282857253142235,0.014108702838402098
0.0,3.14159265358979,1.01229096615671,1.22173047639603,0.025055901349299352,0.03285530130822635,0.01407586695922465
0.0,3.14159265358979,1.02974425867665,1.22173047639603,0.024940594371515898,0.0329912816706803,0.0142861138052609
0.0,3.14159265358979,1.0471975511966,1.22173047639603,0.02480361954844975,0.03307948530930535,0.014329793732616149
0.0,3.14159265358979,1.06465084371654,1.22173047639603,0.0247184611130599,0.03295988027317815,0.0143345988210105
0.0,3.14159265358979,1.08210413623648,1.22173047639603,0.02470681954362855,0.03255615010370515,0.014415644686162049
0.0,3.14159265358979,1.09955742875643,1.22173047639603,0.0247101023566544,0.03204451824917215,0.0141651266765778
0.0,3.14159265358979,1.11701072127637,1.22173047639603,0.024667668933029102,0.03160243104622155,0.013617286384878701
0.0,3.14159265358979,1.13446401379631,1.22173047639603,0.0246066734110177,0.031206300648794948,0.013413210164082149
0.0,3.14159265358979,1.15191730631626,1.22173047639603,0.024521018757861397,0.031102736831006148,0.01329626688223365
0.0,3.14159265358979,1.1693705988362,1.22173047639603,0.02457236974112505,0.03100124422320835,0.01349173936437195
0.0,3.14159265358979,1.18682389135614,1.22173047639603,0.024496450349584448,0.0306320537848979,0.01383595315010995
0.0,3.14159265358979,1.20427718387609,1.22173047639603,0.02456916619939195,0.0305522735192352,0.013983287760796399
0.0,3.14159265358979,1.22173047639603,1.22173047639603,0.024641370018105298,0.03038955181516635,0.014287194321264199
0.0,3.14159265358979,1.23918376891597,1.22173047639603,0.02460910028426905,0.030185489101683848,0.014652340442837
0.0,3.14159265358979,1.25663706143592,1.22173047639603,0.024600096956507,0.030229245586171852,0.014633865436384
0.0,3.14159265358979,1.27409035395586,1.22173047639603,0.0246293155498593,0.03016107445405705,0.014634445326809901
0.0,3.14159265358979,1.2915436464758,1.22173047639603,0.02449643771715975,0.03014252616288575,0.0144404767952272
0.0,3.14159265358979,1.30899693899575,1.22173047639603,0.02407894396049725,0.0296398437434318,0.01427135304310325
0.0,3.14159265358979,1.32645023151569,1.22173047639603,0.0228692019175326,0.02805922493570595,0.01359200509478805
0.0,3.14159265358979,1.34390352403563,1.22173047639603,0.0211971165168652,0.0261251893574554,0.01247046061829175
0.0,3.14159265358979,1.36135681655558,1.22173047639603,0.0195505098543437,0.0241297975375228,0.0114967049319624
0.0,3.14159265358979,1.37881010907552,1.22173047639603,0.017966950954631147,0.02205085225353325,0.0106693751354659
0.0,3.14159265358979,1.39626340159546,1.22173047639603,0.016307887087754602,0.02009024555353655,0.00960369567683534
0.0,3.14159265358979,1.41371669411541,1.22173047639603,0.01469959613565735,0.01803273241849205,0.00874618516721861
0.0,3.14159265358979,1.43116998663535,1.22173047639603,0.013065015822413449,0.0160401006188525,0.00775269488444158
0.0,3.14159265358979,1.44862327915529,1.22173047639603,0.011410256833269499,0.0140718557747204,0.006703332666250485
0.0,3.14159265358979,1.46607657167524,1.22173047639603,0.009796783173008701,0.0120293690655629,0.005811512236577755
0.0,3.14159265358979,1.48352986419518,1.22173047639603,0.00816422207768778,0.010026505538700815,0.00484121239147219
0.0,3.14159265358979,1.50098315671512,1.22173047639603,0.00651854775426915,0.008040931965681725,0.003827573149735045
0.0,3.14159265358979,1.51843644923507,1.22173047639603,0.004893137999857665,0.006022196540564635,0.002887769849259415
0.0,3.14159265358979,1.53588974175501,1.22173047639603,0.003264747230904065,0.004010284747753875,0.001935033200275645
0.0,3.14159265358979,1.55334303427495,1.22173047639603,0.00162937150162046,0.002005370209359625,0.0009615673814460149
0.0,3.14159265358979,1.5707963267949,1.22173047639603,0.001033948824481015,0.001268638982528045,0.000614341750841034
0.0,3.14159265358979,0.0174532925199433,1.39626340159546,1.2824349568116145,1.2808992183042394,1.4124614680276801
0.0,3.14159265358979,0.0349065850398866,1.39626340159546,1.0487023348837219,1.0542431000932504,1.1714702454036998
0.0,3.14159265358979,0.0523598775598299,1.39626340159546,0.8140340844321525,0.820289802361418,0.897858628148589
0.0,3.14159265358979,0.0698131700797732,1.39626340159546,0.60141861058771,0.6034856853743035,0.6524455660503065
0.0,3.14159265358979,0.0872664625997165,1.39626340159546,0.424442869864954,0.423482137153261,0.44857810579556845
0.0,3.14159265358979,0.10471975511966,1.39626340159546,0.2994038195726295,0.2974502597444395,0.3001028155010725
0.0,3.14159265358979,0.122173047639603,1.39626340159546,0.2159432404755835,0.215176189795686,0.206069909449247
0.0,3.14159265358979,0.139626340159546,1.39626340159546,0.158420966545484,0.1587654413451905,0.1433451611258015
0.0,3.14159265358979,0.15707963267949,1.39626340159546,0.12076448160108989,0.12238411545067035,0.10371541876729255
0.0,3.14159265358979,0.174532925199433,1.39626340159546,0.09578647756994345,0.09886130765589835,0.07954185762365935
0.0,3.14159265358979,0.191986217719376,1.39626340159546,0.07821242825991725,0.08265942763796941,0.06281282755468315
0.0,3.14159265358979,0.20943951023932,1.39626340159546,0.0654751233269064,0.07099086873068665,0.050211991728461094
0.0,3.14159265358979,0.226892802759263,1.39626340159546,0.0568415080594803,0.06300583336199825,0.04194280910238035
0.0,3.14159265358979,0.244346095279206,1.39626340159546,0.050517321038344,0.057291737827657,0.0361939338152458
0.0,3.14159265358979,0.261799387799149,1.39626340159546,0.04588540669049515,0.0530176004823827,0.03191200129746995
0.0,3.14159265358979,0.279252680319093,1.39626340159546,0.04261091585684245,0.049958567477281404,0.0288455462742886
0.0,3.14159265358979,0.296705972839036,1.39626340159546,0.0399466604986341,0.04740362841072185,0.026488412746559747
0.0,3.14159265358979,0.314159265358979,1.39626340159546,0.0376153085241495,0.04517656656015945,0.0246346832785653
0.0,3.14159265358979,0.331612557878923,1.39626340159546,0.0355440338824345,0.043352342204197605,0.0231659068816244
0.0,3.14159265358979,0.349065850398866,1.39626340159546,0.033768368592408046,0.04184655428467285,0.02204791416426645
0.0,3.14159265358979,0.366519142918809,1.39626340159546,0.03230703149754035,0.0405537202769969,0.02103911931405155
0.0,3.14159265358979,0.383972435438752,1.39626340159546,0.03110952161031265,0.03948518455252025,0.01993341024989
0.0,3.14159265358979,0.401425727958696,1.39626340159546,0.03011900355589905,0.0386184814152574,0.0191362093827162
0.0,3.14159265358979,0.418879020478639,1.39626340159546,0.029334986257173,0.0379060391521996,0.018494038392214
0.0,3.14159265358979,0.436332312998582,1.39626340159546,0.028637611597349198,0.03735980809328095,0.01786591070690625
0.0,3.14159265358979,0.453785605518526,1.39626340159546,0.02806554560733165,0.0368831622602518,0.017483487026929798
0.0,3.14159265358979,0.471238898038469,1.39626340159546,0.027663818443358003,0.03648586276482765,0.0172876164145149
0.0,3.14159265358979,0.488692190558412,1.39626340159546,0.0273212319998413,0.03612578614151545,0.01699357478098255
0.0,3.14159265358979,0.506145483078356,1.39626340159546,0.02696054440389055,0.03574537833886355,0.01656241992406835
0.0,3.14159265358979,0.523598775598299,1.39626340159546,0.0265607613032417,0.035345125624476045,0.0162737013165052
0.0,3.14159265358979,0.541052068118242,1.39626340159546,0.02621576031213465,0.03503806756093655,0.0160494538502404
0.0,3.14159265358979,0.558505360638185,1.39626340159546,0.0259643412002774,0.03481174870241095,0.0158465335266602
0.0,3.14159265358979,0.575958653158129,1.39626340159546,0.025895823826780753,0.034705559453214255,0.01601364926131825
0.0,3.14159265358979,0.593411945678072,1.39626340159546,0.02588922725894835,0.03479074203648305,0.0162105907170066
0.0,3.14159265358979,0.610865238198015,1.39626340159546,0.025816747367283552,0.0348258456549562,0.015907194393247198
0.0,3.14159265358979,0.628318530717959,1.39626340159546,0.025755321501546198,0.034737628345861055,0.0155647543792608
0.0,3.14159265358979,0.645771823237902,1.39626340159546,0.0257350205954402,0.034701182849998,0.015463326018105149
0.0,3.14159265358979,0.663225115757845,1.39626340159546,0.02574639206014035,0.0346669304753,0.015557586825119901
0.0,3.14159265358979,0.680678408277788,1.39626340159546,0.02575263519757965,0.0346981280242363,0.0156775888866301
0.0,3.14159265358979,0.698131700797732,1.39626340159546,0.025608497678066548,0.0345948120996748,0.015413811373021849
0.0,3.14159265358979,0.715584993317675,1.39626340159546,0.025418996218205148,0.0343595325642782,0.0151814388967148
0.0,3.14159265358979,0.733038285837618,1.39626340159546,0.0253421769257316,0.03413881708014985,0.01524252082947385
0.0,3.14159265358979,0.750491578357562,1.39626340159546,0.025235531366833153,0.03386359834478675,0.0151318009255848
0.0,3.14159265358979,0.767944870877505,1.39626340159546,0.02510678494705825,0.03363036593475035,0.01496702803022875
0.0,3.14159265358979,0.785398163397448,1.39626340159546,0.02503850178583855,0.03350450024656475,0.0149290931843588
0.0,3.14159265358979,0.802851455917391,1.39626340159546,0.02497414760692515,0.0334602030090202,0.01506104961875305
0.0,3.14159265358979,0.820304748437335,1.39626340159546,0.024878838765647053,0.0332918333100107,0.0153537127127249
0.0,3.14159265358979,0.837758040957278,1.39626340159546,0.0247633724032246,0.03298611282552815,0.015191246300028851
0.0,3.14159265358979,0.855211333477221,1.39626340159546,0.0246879356791029,0.032879104155251596,0.014740913958965051
0.0,3.14159265358979,0.872664625997165,1.39626340159546,0.0247323273862089,0.03290928505624235,0.0145959443726922
0.0,3.14159265358979,0.890117918517108,1.39626340159546,0.02476803421166875,0.03293695742561685,0.01441744966650525
0.0,3.14159265358979,0.907571211037051,1.39626340159546,0.0249660830658971,0.03311627350508915,0.01400225781763515
0.0,3.14159265358979,0.925024503556995,1.39626340159546,0.0249959579048475,0.0331085719082202,0.0143584813578719
0.0,3.14159265358979,0.942477796076938,1.39626340159546,0.024845728344315553,0.03296827688190365,0.01479458209084685
0.0,3.14159265358979,0.959931088596881,1.39626340159546,0.02463193886873235,0.032807096894072005,0.0148369847047885
0.0,3.14159265358979,0.977384381116825,1.39626340159546,0.024505797746025147,0.0326800589327906,0.01463545604728475
0.0,3.14159265358979,0.994837673636768,1.39626340159546,0.02441161464864965,0.032300095306667845,0.0146487650057022
0.0,3.14159265358979,1.01229096615671,1.39626340159546,0.024393127944078,0.0321653647054503,0.014479579236475349
0.0,3.14159265358979,1.02974425867665,1.39626340159546,0.02446636897916735,0.0321201635580767,0.0142045690823494
0.0,3.14159265358979,1.0471975511966,1.39626340159546,0.0245993623645286,0.0323470222409522,0.01398671214192035
0.0,3.14159265358979,1.06465084371654,1.39626340159546,0.02473876759644905,0.0324086352156806,0.01406044322495175
0.0,3.14159265358979,1.08210413623648,1.39626340159546,0.02472145992060025,0.03207134980343125,0.01390595196392655
0.0,3.14159265358979,1.09955742875643,1.39626340159546,0.0247150190964272,0.0317274009570853,0.01375471857426195
0.0,3.14159265358979,1.11701072127637,1.39626340159546,0.0245613189658597,0.031043552863837448,0.0137061422421742
0.0,3.14159265358979,1.13446401379631,1.39626340159546,0.024412689256424647,0.0306529438397019,0.01388488953578405
0.0,3.14159265358979,1.15191730631626,1.39626340159546,0.02424678720681005,0.03043574265809345,0.0141541508875538
0.0,3.14159265358979,1.1693705988362,1.39626340159546,0.024193463998965152,0.03028579806018045,0.01422042030957105
0.0,3.14159265358979,1.18682389135614,1.39626340159546,0.024170475134531903,0.03006433384639665,0.0142094101162455
0.0,3.14159265358979,1.20427718387609,1.39626340159546,0.02407031811984325,0.0297274880963933,0.01409504947454995
0.0,3.14159265358979,1.22173047639603,1.39626340159546,0.024120386607590402,0.02960100149305385,0.0139566776104492
0.0,3.14159265358979,1.23918376891597,1.39626340159546,0.0240574885539627,0.0293169095462696,0.01387625446613915
0.0,3.14159265358979,1.25663706143592,1.39626340159546,0.02400751309921135,0.029144066449387,0.0136183807838363
0.0,3.14159265358979,1.27409035395586,1.39626340159546,0.0239518151905796,0.02901675875289135,0.01325458489801625
0.0,3.14159265358979,1.2915436464758,1.39626340159546,0.0240172384457884,0.0289882412655023,0.0134162028765891
0.0,3.14159265358979,1.30899693899575,1.39626340159546,0.02367620635896945,0.028790777446272203,0.0129975694871365
0.0,3.14159265358979,1.32645023151569,1.39626340159546,0.0223247379850791,0.027076091008622648,0.0122671240086853
0.0,3.14159265358979,1.34390352403563,1.39626340159546,0.020782598222443348,0.0251328848897407,0.011476163761691149
0.0,3.14159265358979,1.36135681655558,1.39626340159546,0.01921157710782725,0.02319429346537425,0.01066047057818925
0.0,3.14159265358979,1.37881010907552,1.39626340159546,0.01761756616449065,0.021259569822484198,0.009823374671448424
0.0,3.14159265358979,1.39626340159546,1.39626340159546,0.01601077907925125,0.01932733562047375,0.008970821948695754
0.0,3.14159265358979,1.41371669411541,1.39626340159546,0.014339335908614751,0.017407479631120347,0.0079019183116076
0.0,3.14159265358979,1.43116998663535,1.39626340159546,0.01276195783010605,0.01547011118805455,0.007020504947819855
0.0,3.14159265358979,1.44862327915529,1.39626340159546,0.0111909149203741,0.0135314884310935,0.006186395101647859
0.0,3.14159265358979,1.46607657167524,1.39626340159546,0.0096035443796096,0.0115958731477404,0.0053346792353884
0.0,3.14159265358979,1.48352986419518,1.39626340159546,0.008004897824797286,0.009662621494081645,0.004468217949811855
0.0,3.14159265358979,1.50098315671512,1.39626340159546,0.00640082941003952,0.007730969106371965,0.0035903641920912747
0.0,3.14159265358979,1.51843644923507,1.39626340159546,0.00478511847840967,0.00580056864226227,0.002648619298429985
0.0,3.14159265358979,1.53588974175501,1.39626340159546,0.003189744886820455,0.00386571834121017,0.001756117195380525
0.0,3.14159265358979,1.55334303427495,1.39626340159546,0.00159653460766542,0.0019308147995991398,0.0008826841729643565
0.0,3.14159265358979,1.5707963267949,1.39626340159546,0.00103051611273123,0.0012450790094593101,0.0005700983192842681
0.0,3.14159265358979,0.0174532925199433,1.5707963267949,1.3079119926857534,1.3025714058489761,1.4440378783872752
0.0,3.14159265358979,0.0349065850398866,1.5707963267949,1.0859357732822716,1.0869631003936546,1.2241298541430294
0.0,3.14159265358979,0.0523598775598299,1.5707963267949,0.8553205370218795,0.8586034177784629,0.9547059589419246
0.0,3.14159265358979,0.0698131700797732,1.5707963267949,0.6382784871376475,0.6380058902820485,0.6978162322007385
0.0,3.14159265358979,0.0872664625997165,1.5707963267949,0.45185570144986653,0.4504664736892315,0.482185135753335
0.0,3.14159265358979,0.10471975511966,1.5707963267949,0.31985178734811803,0.318426526591696,0.32726176623966297
0.0,3.14159265358979,0.122173047639603,1.5707963267949,0.23182482744441202,0.23230029603665148,0.2271113337895435
0.0,3.14159265358979,0.139626340159546,1.5707963267949,0.1693654681459055,0.1714717882933725,0.15883628453249699
0.0,3.14159265358979,0.15707963267949,1.5707963267949,0.12758495108733606,0.1304889062016106,0.11324396488908464
0.0,3.14159265358979,0.174532925199433,1.5707963267949,0.1000191253258575,0.10347305868811815,0.08505793710879675
0.0,3.14159265358979,0.191986217719376,1.5707963267949,0.0809111148262442,0.08568416559099765,0.0667041464195242
0.0,3.14159265358979,0.20943951023932,1.5707963267949,0.06891092473939485,0.07490430283722399,0.0544289072519328
0.0,3.14159265358979,0.226892802759263,1.5707963267949,0.060503885073680194,0.0668448149768691,0.04629065553680865
0.0,3.14159265358979,0.244346095279206,1.5707963267949,0.05320834892494005,0.05993276117446015,0.039317744702869445
0.0,3.14159265358979,0.261799387799149,1.5707963267949,0.0473016024231875,0.054167323465460104,0.03325248470004625
0.0,3.14159265358979,0.279252680319093,1.5707963267949,0.043175901459810054,0.05040061009991645,0.0292035511218974
0.0,3.14159265358979,0.296705972839036,1.5707963267949,0.0401307517875714,0.047478376808085546,0.0264447501347607
0.0,3.14159265358979,0.314159265358979,1.5707963267949,0.03773193137650705,0.04540335951278155,0.024706624215614398
0.0,3.14159265358979,0.331612557878923,1.5707963267949,0.03578007211094765,0.0437418726401034,0.0234220579757132
0.0,3.14159265358979,0.349065850398866,1.5707963267949,0.034022407049769846,0.04222436192323155,0.0221801258634817
0.0,3.14159265358979,0.366519142918809,1.5707963267949,0.0325487910407907,0.0408700607674979,0.0211090291335817
0.0,3.14159265358979,0.383972435438752,1.5707963267949,0.03135096595543705,0.0396957130305714,0.02003575750860185
0.0,3.14159265358979,0.401425727958696,1.5707963267949,0.030306789111384798,0.0386714923137065,0.0191731125599535
0.0,3.14159265358979,0.418879020478639,1.5707963267949,0.0293956467845428,0.03794209743922955,0.01846585882020505
0.0,3.14159265358979,0.436332312998582,1.5707963267949,0.028631031706585153,0.03734233107815755,0.0179488933037511
0.0,3.14159265358979,0.453785605518526,1.5707963267949,0.028040247869944898,0.0368312355977992,0.01753045520281625
0.0,3.14159265358979,0.471238898038469,1.5707963267949,0.027483054414557402,0.03625933789450885,0.01706620634040255
0.0,3.14159265358979,0.488692190558412,1.5707963267949,0.0271032982708041,0.0361636325114071,0.01689269812602595
0.0,3.14159265358979,0.506145483078356,1.5707963267949,0.0267635302326148,0.03583388326624095,0.01661308781055985
0.0,3.14159265358979,0.523598775598299,1.5707963267949,0.026513088352286447,0.0354848954782631,0.01626620454993755
0.0,3.14159265358979,0.541052068118242,1.5707963267949,0.026215572422329497,0.03519412402508055,0.01566146077622085
0.0,3.14159265358979,0.558505360638185,1.5707963267949,0.02596832479263575,0.0350387939546,0.0156160755307694
0.0,3.14159265358979,0.575958653158129,1.5707963267949,0.025846314580581252,0.0348741270153929,0.01578283978678265
0.0,3.14159265358979,0.593411945678072,1.5707963267949,0.025750023274068702,0.034757584958899204,0.0157732410061983
0.0,3.14159265358979,0.610865238198015,1.5707963267949,0.0256129851076801,0.0348155265373232,0.0156540226895083
0.0,3.14159265358979,0.628318530717959,1.5707963267949,0.025555460512247698,0.0348124211585408,0.01540398755009975
0.0,3.14159265358979,0.645771823237902,1.5707963267949,0.025589198036067,0.0349735204935458,0.015419898101630851
0.0,3.14159265358979,0.663225115757845,1.5707963267949,0.025537918021249252,0.03493291578525305,0.01568132996228295
0.0,3.14159265358979,0.680678408277788,1.5707963267949,0.025407221796430998,0.034827255200933604,0.0156159319900268
0.0,3.14159265358979,0.698131700797732,1.5707963267949,0.0254014682079787,0.0346733478535087,0.01529932520910595
0.0,3.14159265358979,0.715584993317675,1.5707963267949,0.0253274998125675,0.03429093900329905,0.01508285378876905
0.0,3.14159265358979,0.733038285837618,1.5707963267949,0.02505860436015855,0.033944350652128655,0.014846536655758
0.0,3.14159265358979,0.750491578357562,1.5707963267949,0.02485154256211445,0.033873720090458,0.01480755933031355
0.0,3.14159265358979,0.767944870877505,1.5707963267949,0.0246421444316963,0.03361142611256545,0.014735633142745199
0.0,3.14159265358979,0.785398163397448,1.5707963267949,0.0246084725882734,0.033455420044489245,0.0144918601227273
0.0,3.14159265358979,0.802851455917391,1.5707963267949,0.02453007541034025,0.03321519171465865,0.01477811200819475
0.0,3.14159265358979,0.820304748437335,1.5707963267949,0.0244965302451273,0.03285695914532235,0.014762739967088101
0.0,3.14159265358979,0.837758040957278,1.5707963267949,0.024518166180885897,0.0329288008010798,0.0145554452339157
0.0,3.14159265358979,0.855211333477221,1.5707963267949,0.024691194940181002,0.03295942979156405,0.0146280787904422
0.0,3.14159265358979,0.872664625997165,1.5707963267949,0.0246458563758404,0.032980524323553445,0.01467692404136155
0.0,3.14159265358979,0.890117918517108,1.5707963267949,0.024811696231827052,0.03325072456210865,0.014213667090032502
0.0,3.14159265358979,0.907571211037051,1.5707963267949,0.02495064844279525,0.0332692867605266,0.0141808947686901
0.0,3.14159265358979,0.925024503556995,1.5707963267949,0.0249155860229612,0.03306580877959945,0.0143381397357315
0.0,3.14159265358979,0.942477796076938,1.5707963267949,0.024740420838598502,0.03291024308638045,0.014358758822830251
0.0,3.14159265358979,0.959931088596881,1.5707963267949,0.0244354822083085,0.03242836571409215,0.014551963760625251
0.0,3.14159265358979,0.977384381116825,1.5707963267949,0.02436564981120095,0.0320346013014624,0.014027851142470099
0.0,3.14159265358979,0.994837673636768,1.5707963267949,0.02414505575192955,0.03189409104053355,0.0133717509390214
0.0,3.14159265358979,1.01229096615671,1.5707963267949,0.024067154776801852,0.03208077474019395,0.0136324546888997
0.0,3.14159265358979,1.02974425867665,1.5707963267949,0.02401453521827045,0.032015933625791554,0.01410206984198535
0.0,3.14159265358979,1.0471975511966,1.5707963267949,0.023974750129007,0.03167486724115355,0.01420617089923115
0.0,3.14159265358979,1.06465084371654,1.5707963267949,0.02413545197523825,0.03136850308480055,0.01407158993252865
0.0,3.14159265358979,1.08210413623648,1.5707963267949,0.0241396938111638,0.03104233436326965,0.0140941211760881
0.0,3.14159265358979,1.09955742875643,1.5707963267949,0.0242049483694768,0.030914374671974047,0.01398813143655775
0.0,3.14159265358979,1.11701072127637,1.5707963267949,0.0241534509653119,0.0308354223333082,0.01427586993527965
0.0,3.14159265358979,1.13446401379631,1.5707963267949,0.024040042035138348,0.030622798749377803,0.01483130994050225
0.0,3.14159265358979,1.15191730631626,1.5707963267949,0.0240209370924888,0.030541592401955503,0.0146004525071337
0.0,3.14159265358979,1.1693705988362,1.5707963267949,0.0239265278912962,0.030228382738506247,0.0145301030759075
0.0,3.14159265358979,1.18682389135614,1.5707963267949,0.023956520020241297,0.029990205926472703,0.014391526237221
0.0,3.14159265358979,1.20427718387609,1.5707963267949,0.02403849694423445,0.02998673180844765,0.014247059756707401
0.0,3.14159265358979,1.22173047639603,1.5707963267949,0.02413581188508005,0.029971603638052347,0.0138231865883637
0.0,3.14159265358979,1.23918376891597,1.5707963267949,0.02405594738783725,0.0296839678500137,0.0132851079965695
0.0,3.14159265358979,1.25663706143592,1.5707963267949,0.0239899899320734,0.029651099211863,0.0131562170741499
0.0,3.14159265358979,1.27409035395586,1.5707963267949,0.02387955892717765,0.02960111688345185,0.01315192070219785
0.0,3.14159265358979,1.2915436464758,1.5707963267949,0.02378569769517055,0.029543752417625052,0.01314845702925955
0.0,3.14159265358979,1.30899693899575,1.5707963267949,0.023726735410404452,0.0295134477601303,0.01314636672215925
0.0,3.14159265358979,1.32645023151569,1.5707963267949,0.0221449530497108,0.02754588457612165,0.012269942274015299
0.0,3.14159265358979,1.34390352403563,1.5707963267949,0.0205631706890172,0.0255783213921129,0.01139351782587135
0.0,3.14159265358979,1.36135681655558,1.5707963267949,0.01898138832832355,0.0236107582081042,0.010517093377727351
0.0,3.14159265358979,1.37881010907552,1.5707963267949,0.01739960596762995,0.02164319502409555,0.00964066892958344
0.0,3.14159265358979,1.39626340159546,1.5707963267949,0.0158178236069363,0.01967563184008685,0.008764244481439495
0.0,3.14159265358979,1.41371669411541,1.5707963267949,0.014236041246242701,0.0177080686560782,0.007887820033295544
0.0,3.14159265358979,1.43116998663535,1.5707963267949,0.012654258885549,0.015740505472069448,0.0070113955851515905
0.0,3.14159265358979,1.44862327915529,1.5707963267949,0.0110724765248554,0.0137729422880608,0.006134971137007645
0.0,3.14159265358979,1.46607657167524,1.5707963267949,0.009490694164161786,0.0118053791040521,0.005258546688863695
0.0,3.14159265358979,1.48352986419518,1.5707963267949,0.007908911803468146,0.00983781592004344,0.004382122240719745
0.0,3.14159265358979,1.50098315671512,1.5707963267949,0.006327129442774524,0.007870252736034734,0.0035056977925758
0.0,3.14159265358979,1.51843644923507,1.5707963267949,0.004745347082080885,0.00590268955202605,0.0026292733444318447
0.0,3.14159265358979,1.53588974175501,1.5707963267949,0.00316356472138726,0.003935126368017365,0.001752848896287895
0.0,3.14159265358979,1.55334303427495,1.5707963267949,0.00158178236069359,0.0019675631840086498,0.0008764244481439391
0.0,3.14159265358979,1.5707963267949,1.5707963267949,0.0,0.0,0.0
0.0,3.14159265358979,0.0174532925199433,1.74532925199433,1.3108273158959105,1.301721835538817,1.4505018939418801
0.0,3.14159265358979,0.0349065850398866,1.74532925199433,1.103510417842324,1.0990578110987306,1.2441480267495535
0.0,3.14159265358979,0.0523598775598299,1.74532925199433,0.8895892265564235,0.887647829971417,0.995604444762594
0.0,3.14159265358979,0.0698131700797732,1.74532925199433,0.6807780391772056,0.676469697703904,0.7543230754258395
0.0,3.14159265358979,0.0872664625997165,1.74532925199433,0.4927553818431385,0.489736654467156,0.54285968032684
0.0,3.14159265358979,0.10471975511966,1.74532925199433,0.35369827778362195,0.3511891576319325,0.3785916148123005
0.0,3.14159265358979,0.122173047639603,1.74532925199433,0.256674594925316,0.254381569343818,0.261369853790489
0.0,3.14159265358979,0.139626340159546,1.74532925199433,0.18855693962054998,0.188486711928589,0.18604511733290552
0.0,3.14159265358979,0.15707963267949,1.74532925199433,0.13936802800492448,0.1411283837508055,0.1342335398332759
0.0,3.14159265358979,0.174532925199433,1.74532925199433,0.10560981271214831,0.10835433658686566,0.09669296846848084
0.0,3.14159265358979,0.191986217719376,1.74532925199433,0.08543256766461955,0.0893741104233213,0.0737106552168646
0.0,3.14159265358979,0.20943951023932,1.74532925199433,0.07269974247122304,0.07774932525980141,0.0603831369846167
0.0,3.14159265358979,0.226892802759263,1.74532925199433,0.062623257382388,0.06830854537708865,0.05005897455456575
0.0,3.14159265358979,0.244346095279206,1.74532925199433,0.05430613746371775,0.0603751363348259,0.041235748440065
0.0,3.14159265358979,0.261799387799149,1.74532925199433,0.04823938053556235,0.05475158185394585,0.0348645631452553
0.0,3.14159265358979,0.279252680319093,1.74532925199433,0.04392284424947765,0.05091956820372395,0.03031240964093515
0.0,3.14159265358979,0.296705972839036,1.74532925199433,0.04059494391574115,0.0479856188376584,0.0271324486964542
0.0,3.14159265358979,0.314159265358979,1.74532925199433,0.03791026736505115,0.0456236265822824,0.02529216121193255
0.0,3.14159265358979,0.331612557878923,1.74532925199433,0.03581658916510955,0.0437572161979533,0.023961965325517802
0.0,3.14159265358979,0.349065850398866,1.74532925199433,0.03410911515389415,0.0421963855050334,0.02260571509401505
0.0,3.14159265358979,0.366519142918809,1.74532925199433,0.032594530010796555,0.040853404850876754,0.0212903995942352
0.0,3.14159265358979,0.383972435438752,1.74532925199433,0.03123327650853525,0.039737854878953496,0.020168313118602697
0.0,3.14159265358979,0.401425727958696,1.74532925199433,0.030175205572727203,0.03874738985556105,0.0192719677598726
0.0,3.14159265358979,0.418879020478639,1.74532925199433,0.02933833591922695,0.037874546434009504,0.01855468610477415
0.0,3.14159265358979,0.436332312998582,1.74532925199433,0.028614408057648748,0.0372911009876072,0.017872296710919902
0.0,3.14159265358979,0.453785605518526,1.74532925199433,0.02792711919795095,0.03686570636969515,0.0174578218216372
0.0,3.14159265358979,0.471238898038469,1.74532925199433,0.02737897463034785,0.036387873531645645,0.01724702923141105
0.0,3.14159265358979,0.488692190558412,1.74532925199433,0.0270104447883338,0.0360786195443219,0.01696534396882975
0.0,3.14159265358979,0.506145483078356,1.74532925199433,0.0267058302634101,0.0358166653005726,0.01654925389090415
0.0,3.14159265358979,0.523598775598299,1.74532925199433,0.026498664914988798,0.03549814737407175,0.016112147215391
0.0,3.14159265358979,0.541052068118242,1.74532925199433,0.0262574316098344,0.03531943198903585,0.01582942953770125
0.0,3.14159265358979,0.558505360638185,1.74532925199433,0.0259987570569003,0.0352388367801744,0.0157971517826941
0.0,3.14159265358979,0.575958653158129,1.74532925199433,0.025791477741482847,0.0350424922957756,0.01585534547136385
0.0,3.14159265358979,0.593411945678072,1.74532925199433,0.02563034557973695,0.034766476781016895,0.01587113378541615
0.0,3.14159265358979,0.610865238198015,1.74532925199433,0.02549733324567215,0.03464846067003395,0.01567361654629485
0.0,3.14159265358979,0.628318530717959,1.74532925199433,0.025459098459133703,0.034654436734369354,0.015438082993085401
0.0,3.14159265358979,0.645771823237902,1.74532925199433,0.0255104644143756,0.0346619922908844,0.01531045044292715
0.0,3.14159265358979,0.663225115757845,1.74532925199433,0.0255497539542716,0.034716180072894495,0.0153040539990485
0.0,3.14159265358979,0.680678408277788,1.74532925199433,0.0254954133305044,0.034649835299606,0.0153749824077834
0.0,3.14159265358979,0.698131700797732,1.74532925199433,0.02529479767154515,0.0344074568209687,0.015330550670596299
0.0,3.14159265358979,0.715584993317675,1.74532925199433,0.025035116618591348,0.034105885629885604,0.015006245584098701
0.0,3.14159265358979,0.733038285837618,1.74532925199433,0.02486162948088625,0.0337586487260962,0.0146111317212412
0.0,3.14159265358979,0.750491578357562,1.74532925199433,0.0247815386408155,0.03359886099724215,0.0144516397787899
0.0,3.14159265358979,0.767944870877505,1.74532925199433,0.024732162245565598,0.03346144620262605,0.0144263498534038
0.0,3.14159265358979,0.785398163397448,1.74532925199433,0.0246555113262276,0.033265684083603,0.0145917881029286
0.0,3.14159265358979,0.802851455917391,1.74532925199433,0.024506866700479052,0.03316462420081155,0.014903150794365948
0.0,3.14159265358979,0.820304748437335,1.74532925199433,0.02438675455063155,0.03310101961182845,0.0150246706695264
0.0,3.14159265358979,0.837758040957278,1.74532925199433,0.02422356871174965,0.032830532981341795,0.01488343555866535
0.0,3.14159265358979,0.855211333477221,1.74532925199433,0.0242527538294113,0.0327855854555524,0.0146697867261721
0.0,3.14159265358979,0.872664625997165,1.74532925199433,0.0243402497991246,0.0328654095665859,0.01465882251947335
0.0,3.14159265358979,0.890117918517108,1.74532925199433,0.0244807264941906,0.0328134251964527,0.014480639037275249
0.0,3.14159265358979,0.907571211037051,1.74532925199433,0.02462230140889485,0.0327640441525817,0.0140547643082291
0.0,3.14159265358979,0.925024503556995,1.74532925199433,0.02460205466329785,0.032681397857862546,0.0140634702935356
0.0,3.14159265358979,0.942477796076938,1.74532925199433,0.02451964638943285,0.0326059042349361,0.014252686089718001
0.0,3.14159265358979,0.959931088596881,1.74532925199433,0.02440812720700735,0.03262998044501085,0.0144354959802102
0.0,3.14159265358979,0.977384381116825,1.74532925199433,0.02430533946377185,0.0326824187699861,0.0141981160915856
0.0,3.14159265358979,0.994837673636768,1.74532925199433,0.02441558996968055,0.0326350746022364,0.01421653309393865
0.0,3.14159265358979,1.01229096615671,1.74532925199433,0.024475318598468153,0.032654144086604844,0.0142440433082888
0.0,3.14159265358979,1.02974425867665,1.74532925199433,0.0245991329346087,0.03271215643973065,0.0143324531812262
0.0,3.14159265358979,1.0471975511966,1.74532925199433,0.0248312954408066,0.0326488813390605,0.014231614115143301
0.0,3.14159265358979,1.06465084371654,1.74532925199433,0.0248137502219163,0.03241894584652335,0.0141071421394911
0.0,3.14159265358979,1.08210413623648,1.74532925199433,0.0248511914739111,0.032222698668604305,0.01398824153531395
0.0,3.14159265358979,1.09955742875643,1.74532925199433,0.02466206142725555,0.031976142518369104,0.01419148613292135
0.0,3.14159265358979,1.11701072127637,1.74532925199433,0.02454597961196165,0.031421518205620155,0.0140627435082595
0.0,3.14159265358979,1.13446401379631,1.74532925199433,0.02438027205791055,0.0310532034528255,0.01408533879177325
0.0,3.14159265358979,1.15191730631626,1.74532925199433,0.02407565146466695,0.0306522368699876,0.013899335447416901
0.0,3.14159265358979,1.1693705988362,1.74532925199433,0.0238659493639524,0.03024790501681955,0.0141027694128609
0.0,3.14159265358979,1.18682389135614,1.74532925199433,0.0238165763875201,0.030188197080253547,0.0142074291953848
0.0,3.14159265358979,1.20427718387609,1.74532925199433,0.02364666649132935,0.0300648315082951,0.01399858822958075
0.0,3.14159265358979,1.22173047639603,1.74532925199433,0.02348832280370345,0.029962607201975,0.014012702259779599
0.0,3.14159265358979,1.23918376891597,1.74532925199433,0.023275003695762297,0.029689225606235152,0.01440099510136305
0.0,3.14159265358979,1.25663706143592,1.74532925199433,0.0231701204007442,0.02957078983565675,0.0143689542233997
0.0,3.14159265358979,1.27409035395586,1.74532925199433,0.02314708321364315,0.029575167672331197,0.0141120058134494
0.0,3.14159265358979,1.2915436464758,1.74532925199433,0.02311758265887775,0.029635946568411398,0.01393093731327525
0.0,3.14159265358979,1.30899693899575,1.74532925199433,0.0229043276337798,0.029328115518585003,0.0138697635031807
0.0,3.14159265358979,1.32645023151569,1.74532925199433,0.0215242803331586,0.02746094951592485,0.01304821831683925
0.0,3.14159265358979,1.34390352403563,1.74532925199433,0.01996667391885045,0.0254150807650643,0.012089329988827849
0.0,3.14159265358979,1.36135681655558,1.74532925199433,0.01841004512581805,0.0234061810338628,0.01111857323546385
0.0,3.14159265358979,1.37881010907552,1.74532925199433,0.01685506464643765,0.0214276794692951,0.010140415359175585
0.0,3.14159265358979,1.39626340159546,1.74532925199433,0.015302960948054549,0.019468596751033303,0.00916227004089178
0.0,3.14159265358979,1.41371669411541,1.74532925199433,0.0138253860131415,0.01765786282310535,0.00835135187588164
0.0,3.14159265358979,1.43116998663535,1.74532925199433,0.012295831567547849,0.01568108250741065,0.007450539776478645
0.0,3.14159265358979,1.44862327915529,1.74532925199433,0.010747335566872549,0.013679345463367399,0.006501937604217985
0.0,3.14159265358979,1.46607657167524,1.74532925199433,0.00920124783638185,0.01170061726646525,0.00555093366771315
0.0,3.14159265358979,1.48352986419518,1.74532925199433,0.0076581453134004045,0.009739276039048509,0.00460134832908327
0.0,3.14159265358979,1.50098315671512,1.74532925199433,0.006118710995238625,0.0077888971228665446,0.0036575362664671247
0.0,3.14159265358979,1.51843644923507,1.74532925199433,0.0046031393833733305,0.0058732995111028,0.00277400167076248
0.0,3.14159265358979,1.53588974175501,1.74532925199433,0.0030720498295855603,0.0039172274176366,0.001860643281980275
0.0,3.14159265358979,1.55334303427495,1.74532925199433,0.0015334320526048401,0.0019521352594251149,0.0009274023350382184
0.0,3.14159265358979,1.5707963267949,1.74532925199433,0.0009888731050631846,0.00125781148941401,0.000598359179914554
0.0,3.14159265358979,0.0174532925199433,1.91986217719376,1.3167592440579838,1.3044548884703944,1.459405050695935
0.0,3.14159265358979,0.0349065850398866,1.91986217719376,1.132566332832682,1.12189945076632,1.2764144998554126
0.0,3.14159265358979,0.0523598775598299,1.91986217719376,0.9397886300526885,0.931779599497879,1.0555089919930976
0.0,3.14159265358979,0.0698131700797732,1.91986217719376,0.7273292412813319,0.718970801122658,0.8172404668493645
0.0,3.14159265358979,0.0872664625997165,1.91986217719376,0.5369357239878665,0.529781675586506,0.6032828395083495
0.0,3.14159265358979,0.10471975511966,1.91986217719376,0.3875741627888605,0.380041692599174,0.425432141517476
0.0,3.14159265358979,0.122173047639603,1.91986217719376,0.2769857762137155,0.270024458328254,0.2885449024812375
0.0,3.14159265358979,0.139626340159546,1.91986217719376,0.202463159493911,0.198132995163955,0.202918716648959
0.0,3.14159265358979,0.15707963267949,1.91986217719376,0.148659167088798,0.1471485939435365,0.1447010954966431
0.0,3.14159265358979,0.174532925199433,1.91986217719376,0.11043062930108224,0.11162871441575765,0.101945544800595
0.0,3.14159265358979,0.191986217719376,1.91986217719376,0.0871101421570297,0.09038272026131289,0.07580251823392295
0.0,3.14159265358979,0.20943951023932,1.91986217719376,0.07250357446304975,0.0769774547004296,0.059928506655254454
0.0,3.14159265358979,0.226892802759263,1.91986217719376,0.0618645589179381,0.0671707469327694,0.04870378647076165
0.0,3.14159265358979,0.244346095279206,1.91986217719376,0.05402147620144205,0.059825581853524046,0.040432717048109246
0.0,3.14159265358979,0.261799387799149,1.91986217719376,0.0484524851284265,0.05479885267125045,0.03454091889418075
0.0,3.14159265358979,0.279252680319093,1.91986217719376,0.0445524633036774,0.0514078474170557,0.030691115806995448
0.0,3.14159265358979,0.296705972839036,1.91986217719376,0.0412711627342289,0.04894713464115825,0.028158306813037152
0.0,3.14159265358979,0.314159265358979,1.91986217719376,0.03876086469767025,0.0467603870245443,0.02613530827424215
0.0,3.14159265358979,0.331612557878923,1.91986217719376,0.03664581894214035,0.044745651779683454,0.02447519055149125
0.0,3.14159265358979,0.349065850398866,1.91986217719376,0.03453430503818695,0.042698073055672095,0.022916002258648
0.0,3.14159265358979,0.366519142918809,1.91986217719376,0.0326970252168765,0.04123695768477405,0.02174575452824585
0.0,3.14159265358979,0.383972435438752,1.91986217719376,0.031228438595396098,0.039976836342197,0.02068943928824385
0.0,3.14159265358979,0.401425727958696,1.91986217719376,0.030155253957129598,0.038944403807936345,0.01971283159243965
0.0,3.14159265358979,0.418879020478639,1.91986217719376,0.0293614920057628,0.0381031081853276,0.01878446322037915
0.0,3.14159265358979,0.436332312998582,1.91986217719376,0.02872722255980565,0.0374833922707294,0.01806328839633125
0.0,3.14159265358979,0.453785605518526,1.91986217719376,0.0281664827545943,0.037000248036185054,0.01760690986866675
0.0,3.14159265358979,0.471238898038469,1.91986217719376,0.02759056937930655,0.0366348142566921,0.0173483282715879
0.0,3.14159265358979,0.488692190558412,1.91986217719376,0.027060023208760352,0.0362046390775514,0.017153003656198
0.0,3.14159265358979,0.506145483078356,1.91986217719376,0.0266815551182766,0.03583142876355195,0.01681173208246715
0.0,3.14159265358979,0.523598775598299,1.91986217719376,0.02639735373567345,0.03570807052445555,0.016384257907161102
0.0,3.14159265358979,0.541052068118242,1.91986217719376,0.026191884111698448,0.0354257728461823,0.01590530185783125
0.0,3.14159265358979,0.558505360638185,1.91986217719376,0.0261780600011119,0.03517391366106575,0.015759918548480398
0.0,3.14159265358979,0.575958653158129,1.91986217719376,0.02606280162968275,0.035158275047151896,0.0156402064324188
0.0,3.14159265358979,0.593411945678072,1.91986217719376,0.0258750802902339,0.03524678658612575,0.0157454006864093
0.0,3.14159265358979,0.610865238198015,1.91986217719376,0.0257448623802073,0.0352649798275274,0.01570762985666705
0.0,3.14159265358979,0.628318530717959,1.91986217719376,0.02564509722037015,0.035210115228722,0.0156546297508456
0.0,3.14159265358979,0.645771823237902,1.91986217719376,0.025477679654569048,0.03499415942038895,0.015549592461160399
0.0,3.14159265358979,0.663225115757845,1.91986217719376,0.025371096456902748,0.0348940614022408,0.0153744506689148
0.0,3.14159265358979,0.680678408277788,1.91986217719376,0.02529392279740015,0.0348046518853663,0.0154332068037833
0.0,3.14159265358979,0.698131700797732,1.91986217719376,0.025196296398506048,0.034625777379073894,0.0153526910506027
0.0,3.14159265358979,0.715584993317675,1.91986217719376,0.0250790036514901,0.0344557007569397,0.0152152612776925
0.0,3.14159265358979,0.733038285837618,1.91986217719376,0.02499573337951505,0.0343177643718475,0.01511940922964935
0.0,3.14159265358979,0.750491578357562,1.91986217719376,0.02489878588147245,0.0340924721402861,0.01499922777887095
0.0,3.14159265358979,0.767944870877505,1.91986217719376,0.024725031117256102,0.03377826749672775,0.01487993917344375
0.0,3.14159265358979,0.785398163397448,1.91986217719376,0.024518551290056048,0.033517724267665,0.01473503099646395
0.0,3.14159265358979,0.802851455917391,1.91986217719376,0.024410287105222653,0.0333619490053058,0.014615975594234
0.0,3.14159265358979,0.820304748437335,1.91986217719376,0.02429257537374905,0.033126173239829304,0.01474423416049825
0.0,3.14159265358979,0.837758040957278,1.91986217719376,0.0241838434193995,0.03292508270687805,0.0149458193616468
0.0,3.14159265358979,0.855211333477221,1.91986217719376,0.02401608999673455,0.03276375194713625,0.015023030043382051
0.0,3.14159265358979,0.872664625997165,1.91986217719376,0.02395870939037025,0.032818359368528754,0.0149824940477385
0.0,3.14159265358979,0.890117918517108,1.91986217719376,0.02415803790173875,0.0327202566656161,0.0149747309906238
0.0,3.14159265358979,0.907571211037051,1.91986217719376,0.02417171136440065,0.0326141423439592,0.0149495797043684
0.0,3.14159265358979,0.925024503556995,1.91986217719376,0.024174412562403852,0.0329925456431868,0.014464957863054951
0.0,3.14159265358979,0.942477796076938,1.91986217719376,0.02422468763977225,0.03312787790164495,0.01410936221565975
0.0,3.14159265358979,0.959931088596881,1.91986217719376,0.02433471790447165,0.03284393545608835,0.013899531626089
0.0,3.14159265358979,0.977384381116825,1.91986217719376,0.024381924433064202,0.032604676198385904,0.0139763503905873
0.0,3.14159265358979,0.994837673636768,1.91986217719376,0.02430498225371005,0.0324871489168816,0.0143616081392466
0.0,3.14159265358979,1.01229096615671,1.91986217719376,0.024390221242637802,0.03258595377705615,0.014592208751559602
0.0,3.14159265358979,1.02974425867665,1.91986217719376,0.024624223091942198,0.032824743349014404,0.014517413712185151
0.0,3.14159265358979,1.0471975511966,1.91986217719376,0.0247106588303064,0.032884131540713846,0.01449287955162775
0.0,3.14159265358979,1.06465084371654,1.91986217719376,0.0246824662203621,0.0328725479278347,0.0144725365326366
0.0,3.14159265358979,1.08210413623648,1.91986217719376,0.024788062944872902,0.032802751015715045,0.01433176773037945
0.0,3.14159265358979,1.09955742875643,1.91986217719376,0.024823050118152397,0.032607255783783845,0.014042629982017201
0.0,3.14159265358979,1.11701072127637,1.91986217719376,0.024641808370561298,0.03239831949540005,0.0139867283294863
0.0,3.14159265358979,1.13446401379631,1.91986217719376,0.02444052490173375,0.032078651851424146,0.013662530270615
0.0,3.14159265358979,1.15191730631626,1.91986217719376,0.02429239151152265,0.031902717589302854,0.013583689116641099
0.0,3.14159265358979,1.1693705988362,1.91986217719376,0.024208202533863347,0.0316912647162627,0.0139257910336658
0.0,3.14159265358979,1.18682389135614,1.91986217719376,0.0240897022225873,0.03159265706999735,0.0137213052842536
0.0,3.14159265358979,1.20427718387609,1.91986217719376,0.023992996837852998,0.0314488133776284,0.013854965637660251
0.0,3.14159265358979,1.22173047639603,1.91986217719376,0.023986687470822048,0.0315128948677002,0.0133762874691337
0.0,3.14159265358979,1.23918376891597,1.91986217719376,0.02388655774894645,0.03131219970613375,0.01353676870074275
0.0,3.14159265358979,1.25663706143592,1.91986217719376,0.02368877184211755,0.0310107834514073,0.0142486811589928
0.0,3.14159265358979,1.27409035395586,1.91986217719376,0.023496632355313747,0.03082947345459085,0.01345568132692355
0.0,3.14159265358979,1.2915436464758,1.91986217719376,0.0234794821793899,0.0307288530232272,0.01377815880637325
0.0,3.14159265358979,1.30899693899575,1.91986217719376,0.023066635082950898,0.030157178499721448,0.013737310575279351
0.0,3.14159265358979,1.32645023151569,1.91986217719376,0.0218209429901415,0.02856301381129265,0.013212544629271999
0.0,3.14159265358979,1.34390352403563,1.91986217719376,0.0202069367947902,0.0264773948501387,0.0123353537598717
0.0,3.14159265358979,1.36135681655558,1.91986217719376,0.01863832048147035,0.0244233849918417,0.01134748778912385
0.0,3.14159265358979,1.37881010907552,1.91986217719376,0.0171418345842975,0.02244019147747655,0.01038799237904535
0.0,3.14159265358979,1.39626340159546,1.91986217719376,0.0155474705482378,0.0203700090037342,0.00948358824791893
0.0,3.14159265358979,1.41371669411541,1.91986217719376,0.0140277858485451,0.018359837938715,0.00848016739964311
0.0,3.14159265358979,1.43116998663535,1.91986217719376,0.0124641957589191,0.01631795768308875,0.0075577449947229446
0.0,3.14159265358979,1.44862327915529,1.91986217719376,0.01087590392249505,0.014252820245172201,0.006646455404842315
0.0,3.14159265358979,1.46607657167524,1.91986217719376,0.009345997116637781,0.01223604112846775,0.00566841405078611
0.0,3.14159265358979,1.48352986419518,1.91986217719376,0.007788291344425151,0.010197040519263931,0.004725078358152405
0.0,3.14159265358979,1.50098315671512,1.91986217719376,0.006212997766385265,0.00814251866727101,0.003798380551514965
0.0,3.14159265358979,1.51843644923507,1.91986217719376,0.004665863333569369,0.00611181726463671,0.0028412971800993152
0.0,3.14159265358979,1.53588974175501,1.91986217719376,0.003114290718116555,0.00407766168813187,0.00189009501096567
0.0,3.14159265358979,1.55334303427495,1.91986217719376,0.00155368615315661,0.002035181702040815,0.000946150119286016
0.0,3.14159265358979,1.5707963267949,1.91986217719376,0.000986515392005553,0.00129136316950512,0.000597563149804118
0.0,3.14159265358979,0.0174532925199433,2.0943951023932,1.325611119192065,1.3106258666282176,1.4708476725186
0.0,3.14159265358979,0.0349065850398866,2.0943951023932,1.170924452415718,1.153045877255642,1.3195029846458355
0.0,3.14159265358979,0.0523598775598299,2.0943951023932,0.9674797532474679,0.95130188240169,1.096612715343512
0.0,3.14159265358979,0.0698131700797732,2.0943951023932,0.776870088690121,0.7625875795595485,0.88567594951276
0.0,3.14159265358979,0.0872664625997165,2.0943951023932,0.5743961469900325,0.5612251720878065,0.650951001804578
0.0,3.14159265358979,0.10471975511966,2.0943951023932,0.40955681776549546,0.396097914145989,0.451860061118891
0.0,3.14159265358979,0.122173047639603,2.0943951023932,0.288734157348089,0.2779420312596175,0.3009822038873785
0.0,3.14159265358979,0.139626340159546,2.0943951023932,0.21141170291655698,0.2043143971867075,0.209718385137929
0.0,3.14159265358979,0.15707963267949,2.0943951023932,0.155269750410372,0.1512947445707075,0.1479904020802477
0.0,3.14159265358979,0.174532925199433,2.0943951023932,0.1166717009393813,0.1153628538541479,0.1047167998836594
0.0,3.14159265358979,0.191986217719376,2.0943951023932,0.0915551381972627,0.0928873379665491,0.07683595466174405
0.0,3.14159265358979,0.20943951023932,2.0943951023932,0.07528844208127625,0.07871422706263051,0.0591729784638526
0.0,3.14159265358979,0.226892802759263,2.0943951023932,0.06403045287285725,0.06888498246606115,0.0488683247886315
0.0,3.14159265358979,0.244346095279206,2.0943951023932,0.0559193107992408,0.0614308001773617,0.0414074460369039
0.0,3.14159265358979,0.261799387799149,2.0943951023932,0.050036653453251353,0.0562984922891292,0.03562684442289585
0.0,3.14159265358979,0.279252680319093,2.0943951023932,0.045800130679537296,0.05270578422155575,0.0321447731686952
0.0,3.14159265358979,0.296705972839036,2.0943951023932,0.042260837166589696,0.049624968718017554,0.0293294077866359
0.0,3.14159265358979,0.314159265358979,2.0943951023932,0.0393479657729398,0.04705042329046705,0.02689656016088575
0.0,3.14159265358979,0.331612557878923,2.0943951023932,0.03685551128948315,0.044882195719203946,0.0249126520494063
0.0,3.14159265358979,0.349065850398866,2.0943951023932,0.03466804919874445,0.043004998250802354,0.02327933640227545
0.0,3.14159265358979,0.366519142918809,2.0943951023932,0.03284776797371225,0.0415165626680682,0.02171082666262405
0.0,3.14159265358979,0.383972435438752,2.0943951023932,0.0313895294457744,0.040191679326801746,0.020582730697349602
0.0,3.14159265358979,0.401425727958696,2.0943951023932,0.0302422585595283,0.0391687289853188,0.019963130403002
0.0,3.14159265358979,0.418879020478639,2.0943951023932,0.02932250033732775,0.03833855469015625,0.01925863606334475
0.0,3.14159265358979,0.436332312998582,2.0943951023932,0.02863124686294475,0.03779823502354225,0.018600860979072653
0.0,3.14159265358979,0.453785605518526,2.0943951023932,0.0280463060787633,0.03724509288592785,0.0178652157738406
0.0,3.14159265358979,0.471238898038469,2.0943951023932,0.0276024464032907,0.03686410919561265,0.01726941775292725
0.0,3.14159265358979,0.488692190558412,2.0943951023932,0.027235120895680802,0.0366384271143868,0.01690137796491015
0.0,3.14159265358979,0.506145483078356,2.0943951023932,0.0269257548343627,0.03640040690980405,0.0166033537802301
0.0,3.14159265358979,0.523598775598299,2.0943951023932,0.02670384434188685,0.03619201664677585,0.01646807675698455
0.0,3.14159265358979,0.541052068118242,2.0943951023932,0.0263840248409388,0.035801955902937346,0.01637211646604115
0.0,3.14159265358979,0.558505360638185,2.0943951023932,0.02615928960834455,0.0355617506649199,0.0163615742748708
0.0,3.14159265358979,0.575958653158129,2.0943951023932,0.025883172149530752,0.0352824084650455,0.016115330091627147
0.0,3.14159265358979,0.593411945678072,2.0943951023932,0.02565514999782065,0.035190526834943156,0.0157746658616772
0.0,3.14159265358979,0.610865238198015,2.0943951023932,0.0255689835485678,0.0351349106998923,0.0155163411780995
0.0,3.14159265358979,0.628318530717959,2.0943951023932,0.025574015829611448,0.0349555453280754,0.0154434125428038
0.0,3.14159265358979,0.645771823237902,2.0943951023932,0.0253767908447938,0.03473022310537005,0.01543174943695745
0.0,3.14159265358979,0.663225115757845,2.0943951023932,0.025309506827204648,0.0348073396506397,0.0153241528390704
0.0,3.14159265358979,0.680678408277788,2.0943951023932,0.02541372216884215,0.034836970943757,0.01542469976072405
0.0,3.14159265358979,0.698131700797732,2.0943951023932,0.0253038581707725,0.03486306993228265,0.015345601327945598
0.0,3.14159265358979,0.715584993317675,2.0943951023932,0.025116181607733802,0.03475180550529155,0.01513738338596095
0.0,3.14159265358979,0.733038285837618,2.0943951023932,0.02494422156131185,0.034485858834614996,0.0148929913952363
0.0,3.14159265358979,0.750491578357562,2.0943951023932,0.0249324936650915,0.034355245225719755,0.014928262233994849
0.0,3.14159265358979,0.767944870877505,2.0943951023932,0.024962897655496252,0.0343875588879978,0.01489449080272475
0.0,3.14159265358979,0.785398163397448,2.0943951023932,0.02485450742511295,0.034312349562621206,0.014925627127449399
0.0,3.14159265358979,0.802851455917391,2.0943951023932,0.0246852921515823,0.034296189952859754,0.0149348258583344
0.0,3.14159265358979,0.820304748437335,2.0943951023932,0.0245496268294495,0.034133400192719,0.01498473998907
0.0,3.14159265358979,0.837758040957278,2.0943951023932,0.02436368913855545,0.0339134772847236,0.01504988050607695
0.0,3.14159265358979,0.855211333477221,2.0943951023932,0.0242775881312429,0.03372696617750505,0.01487515250849975
0.0,3.14159265358979,0.872664625997165,2.0943951023932,0.0242866640853762,0.0335570994364994,0.0146380007785916
0.0,3.14159265358979,0.890117918517108,2.0943951023932,0.024382889877112297,0.033616397517560195,0.014571763025200801
0.0,3.14159265358979,0.907571211037051,2.0943951023932,0.024382055243196,0.0334872792720836,0.014398886229376951
0.0,3.14159265358979,0.925024503556995,2.0943951023932,0.02435896904570385,0.03335201457885275,0.0146157403883041
0.0,3.14159265358979,0.942477796076938,2.0943951023932,0.024271770180847953,0.03300346283954655,0.014816292591631499
0.0,3.14159265358979,0.959931088596881,2.0943951023932,0.02406311745644915,0.03271740508923395,0.01470368733882145
0.0,3.14159265358979,0.977384381116825,2.0943951023932,0.02398504188900235,0.0325603648043131,0.01468747811574405
0.0,3.14159265358979,0.994837673636768,2.0943951023932,0.02418447198303295,0.0326308769234524,0.01493470467976245
0.0,3.14159265358979,1.01229096615671,2.0943951023932,0.02438343856864185,0.0325026156842418,0.0151592197248651
0.0,3.14159265358979,1.02974425867665,2.0943951023932,0.02444699104819155,0.03230448365873975,0.014943136085510851
0.0,3.14159265358979,1.0471975511966,2.0943951023932,0.024400820835368,0.0319484883615494,0.01420338917527195
0.0,3.14159265358979,1.06465084371654,2.0943951023932,0.0243311429252812,0.0319608275539019,0.0139562032115681
0.0,3.14159265358979,1.08210413623648,2.0943951023932,0.0242635154673001,0.0318134299573731,0.01390039954826005
0.0,3.14159265358979,1.09955742875643,2.0943951023932,0.02417660098333255,0.031798344464693845,0.014323326080287
0.0,3.14159265358979,1.11701072127637,2.0943951023932,0.0240383169088653,0.0317762622305019,0.0145920053583532
0.0,3.14159265358979,1.13446401379631,2.0943951023932,0.0238365876266553,0.0317539396360364,0.01465195322119225
0.0,3.14159265358979,1.15191730631626,2.0943951023932,0.02362597040859455,0.03145869515608575,0.01476633269885585
0.0,3.14159265358979,1.1693705988362,2.0943951023932,0.023481400525064353,0.0313473670293464,0.0146852107820197
0.0,3.14159265358979,1.18682389135614,2.0943951023932,0.023464584114537952,0.03130203544955455,0.01429631740822705
0.0,3.14159265358979,1.20427718387609,2.0943951023932,0.0234522142202815,0.03125075641116475,0.01430246063928025
0.0,3.14159265358979,1.22173047639603,2.0943951023932,0.02339217994632695,0.0312509890996487,0.013847099709233
0.0,3.14159265358979,1.23918376891597,2.0943951023932,0.02326516734390985,0.031057732289612852,0.013829337180058049
0.0,3.14159265358979,1.25663706143592,2.0943951023932,0.02320800011485765,0.0311452909626585,0.01384196622458525
0.0,3.14159265358979,1.27409035395586,2.0943951023932,0.023219286034026197,0.03101422175089165,0.0140355390844609
0.0,3.14159265358979,1.2915436464758,2.0943951023932,0.02317022709059725,0.0309053687719087,0.014125268348790649
0.0,3.14159265358979,1.30899693899575,2.0943951023932,0.02300701913443425,0.030488877929306497,0.0144323955147009
0.0,3.14159265358979,1.32645023151569,2.0943951023932,0.0216789288993414,0.028697636329793302,0.0136569955090204
0.0,3.14159265358979,1.34390352403563,2.0943951023932,0.02010257939226855,0.0266392177346495,0.01257113659728
0.0,3.14159265358979,1.36135681655558,2.0943951023932,0.018608636237815952,0.02466131224256405,0.01172742181859895
0.0,3.14159265358979,1.37881010907552,2.0943951023932,0.01700598040571085,0.022529868757559197,0.01058585042839185
0.0,3.14159265358979,1.39626340159546,2.0943951023932,0.0154887862142607,0.020513346359212252,0.009749061174049735
0.0,3.14159265358979,1.41371669411541,2.0943951023932,0.0139394586157122,0.018462536257619552,0.008760081036659415
0.0,3.14159265358979,1.43116998663535,2.0943951023932,0.0123889022139505,0.016400380451402748,0.00780519610829482
0.0,3.14159265358979,1.44862327915529,2.0943951023932,0.01083559277494835,0.014358052010607799,0.00679935622382653
0.0,3.14159265358979,1.46607657167524,2.0943951023932,0.00931825266942181,0.012356130199527849,0.0058867882673081
0.0,3.14159265358979,1.48352986419518,2.0943951023932,0.00773569830381819,0.010257305518311124,0.0048369952851323745
0.0,3.14159265358979,1.50098315671512,2.0943951023932,0.00619893714289942,0.00821292263605362,0.0039038080985910554
0.0,3.14159265358979,1.51843644923507,2.0943951023932,0.004646696878756041,0.00615236290395202,0.00292082527580167
0.0,3.14159265358979,1.53588974175501,2.0943951023932,0.003096076022987995,0.004099256133382936,0.001948069329064825
0.0,3.14159265358979,1.55334303427495,2.0943951023932,0.001548455644677195,0.002051888950286145,0.0009749990840909745
0.0,3.14159265358979,1.5707963267949,2.0943951023932,-2.137778477032115e-05,-3.893138261433505e-05,-3.1823438190740905e-05
0.0,3.14159265358979,0.0174532925199433,2.26892802759263,1.3371760173873615,1.320001505511349,1.4847573299931
0.0,3.14159265358979,0.0349065850398866,2.26892802759263,1.1876564753240575,1.1622952415369274,1.339742812562904
0.0,3.14159265358979,0.0523598775598299,2.26892802759263,1.005777715892028,0.980002453122513,1.1483621357967966
0.0,3.14159265358979,0.0698131700797732,2.26892802759263,0.803391866365847,0.7804976211213395,0.922148154009441
0.0,3.14159265358979,0.0872664625997165,2.26892802759263,0.605152526893602,0.584549251016685,0.6903315311691189
0.0,3.14159265358979,0.10471975511966,2.26892802759263,0.43237636352459297,0.41471769160737,0.48102264072631495
0.0,3.14159265358979,0.122173047639603,2.26892802759263,0.30544699741362,0.292045914217418,0.3259841404899775
0.0,3.14159265358979,0.139626340159546,2.26892802759263,0.217788876405681,0.2079892407798415,0.2190035550428785
0.0,3.14159265358979,0.15707963267949,2.26892802759263,0.1596670893428305,0.153825541459285,0.15182450326003039
0.0,3.14159265358979,0.174532925199433,2.26892802759263,0.12109035674320034,0.11872731691743174,0.10923671207272255
0.0,3.14159265358979,0.191986217719376,2.26892802759263,0.09443374006145336,0.09469209994577915,0.08052106453394955
0.0,3.14159265358979,0.20943951023932,2.26892802759263,0.07716920780223119,0.07952041353047071,0.0618487204732127
0.0,3.14159265358979,0.226892802759263,2.26892802759263,0.06551603806277964,0.06944929222327889,0.0503005376676348
0.0,3.14159265358979,0.244346095279206,2.26892802759263,0.05714734274650625,0.062305412567881,0.0427776550700146
0.0,3.14159265358979,0.261799387799149,2.26892802759263,0.05091817316790315,0.057065921793776744,0.0374104450280535
0.0,3.14159265358979,0.279252680319093,2.26892802759263,0.0460328759984813,0.052891609389543695,0.033219313175953946
0.0,3.14159265358979,0.296705972839036,2.26892802759263,0.0421703376245164,0.049316351084749854,0.0296440996825864
0.0,3.14159265358979,0.314159265358979,2.26892802759263,0.039074134811818345,0.04662972363951,0.02661583539804355
0.0,3.14159265358979,0.331612557878923,2.26892802759263,0.03678898713610475,0.04466862359491295,0.0244244172921365
0.0,3.14159265358979,0.349065850398866,2.26892802759263,0.03471780637900085,0.042925260965313905,0.02288624041032685
0.0,3.14159265358979,0.366519142918809,2.26892802759263,0.0328167444314843,0.0414719375170161,0.021745218731423398
0.0,3.14159265358979,0.383972435438752,2.26892802759263,0.03141011506972645,0.04036188288371105,0.020691229558896948
0.0,3.14159265358979,0.401425727958696,2.26892802759263,0.030322816440207748,0.03936854816232325,0.01971954652906825
0.0,3.14159265358979,0.418879020478639,2.26892802759263,0.0295111845754748,0.038660143101814745,0.019070455859169548
0.0,3.14159265358979,0.436332312998582,2.26892802759263,0.02882655926391385,0.03812296629217905,0.01860797689531495
0.0,3.14159265358979,0.453785605518526,2.26892802759263,0.028269856087702952,0.037703143531247305,0.018258996032709147
0.0,3.14159265358979,0.471238898038469,2.26892802759263,0.02777676868382565,0.037304802503047546,0.01788749734649095
0.0,3.14159265358979,0.488692190558412,2.26892802759263,0.0273313377048833,0.036956720903593754,0.01746346833827035
0.0,3.14159265358979,0.506145483078356,2.26892802759263,0.0268992976451215,0.0366838677376415,0.017046552407398552
0.0,3.14159265358979,0.523598775598299,2.26892802759263,0.02660197013489385,0.036358468796283405,0.01687490887264565
0.0,3.14159265358979,0.541052068118242,2.26892802759263,0.026380483065906,0.035988976748125096,0.0165722138005931
0.0,3.14159265358979,0.558505360638185,2.26892802759263,0.02615087599819835,0.0358060311886904,0.016250360317039803
0.0,3.14159265358979,0.575958653158129,2.26892802759263,0.025907450875513903,0.03554816701243005,0.01602462126799005
0.0,3.14159265358979,0.593411945678072,2.26892802759263,0.02568619642138445,0.035390856213460456,0.0160352090282018
0.0,3.14159265358979,0.610865238198015,2.26892802759263,0.02567950637079025,0.035344117614429696,0.0159248451779555
0.0,3.14159265358979,0.628318530717959,2.26892802759263,0.0256563568653426,0.03524410518411325,0.0159143254006701
0.0,3.14159265358979,0.645771823237902,2.26892802759263,0.02548926931560925,0.035078266921864554,0.015775067695163653
0.0,3.14159265358979,0.663225115757845,2.26892802759263,0.02533779613714785,0.0349337843520532,0.0154143946960217
0.0,3.14159265358979,0.680678408277788,2.26892802759263,0.02539089598919915,0.03488970052869045,0.015128116206008301
0.0,3.14159265358979,0.698131700797732,2.26892802759263,0.0254453992810316,0.03501801978660445,0.015148758877281399
0.0,3.14159265358979,0.715584993317675,2.26892802759263,0.025423046147644797,0.034951430367281947,0.015238836647408951
0.0,3.14159265358979,0.733038285837618,2.26892802759263,0.0253242907732317,0.0347652675740102,0.0152213911508823
0.0,3.14159265358979,0.750491578357562,2.26892802759263,0.02523926095813705,0.03472450629455695,0.015129210168050699
0.0,3.14159265358979,0.767944870877505,2.26892802759263,0.025134914881687648,0.03462980090626235,0.0151668811817766
0.0,3.14159265358979,0.785398163397448,2.26892802759263,0.02491061086749635,0.03444436224009925,0.01519316757523045
0.0,3.14159265358979,0.802851455917391,2.26892802759263,0.02471965188050445,0.03441852328127235,0.01516231083597645
0.0,3.14159265358979,0.820304748437335,2.26892802759263,0.024613574982394602,0.0341703900524419,0.015117206303926801
0.0,3.14159265358979,0.837758040957278,2.26892802759263,0.024554485031451752,0.03399626677107135,0.01493305363167595
0.0,3.14159265358979,0.855211333477221,2.26892802759263,0.02449569644285845,0.0341389018935154,0.015081278532639901
0.0,3.14159265358979,0.872664625997165,2.26892802759263,0.0245323089127845,0.0342446102771047,0.01514338734399825
0.0,3.14159265358979,0.890117918517108,2.26892802759263,0.02461237886735535,0.0341895177442223,0.015434361173389699
0.0,3.14159265358979,0.907571211037051,2.26892802759263,0.0245913701788688,0.03400371958475675,0.015385177143198
0.0,3.14159265358979,0.925024503556995,2.26892802759263,0.0244537420058797,0.0337924567541997,0.015104704368565449
0.0,3.14159265358979,0.942477796076938,2.26892802759263,0.024389097963501097,0.03375761258259005,0.0147714482854501
0.0,3.14159265358979,0.959931088596881,2.26892802759263,0.0242388270918815,0.0336692435556271,0.014697892914669601
0.0,3.14159265358979,0.977384381116825,2.26892802759263,0.02425286073654535,0.033549404301162544,0.014365961897983049
0.0,3.14159265358979,0.994837673636768,2.26892802759263,0.02438578491525905,0.03323798376905525,0.01459726827502245
0.0,3.14159265358979,1.01229096615671,2.26892802759263,0.0246374085305167,0.033167108852480254,0.01462503271640165
0.0,3.14159265358979,1.02974425867665,2.26892802759263,0.0247197480197008,0.03306652169886205,0.01436513021319825
0.0,3.14159265358979,1.0471975511966,2.26892802759263,0.02444366877963595,0.033063003313981654,0.014387256316191751
0.0,3.14159265358979,1.06465084371654,2.26892802759263,0.024169929497532452,0.03291033915140855,0.014426209054819249
0.0,3.14159265358979,1.08210413623648,2.26892802759263,0.023959425149059348,0.03283352375865785,0.014751152112004149
0.0,3.14159265358979,1.09955742875643,2.26892802759263,0.02381713234391945,0.0327233649635487,0.0149257464996118
0.0,3.14159265358979,1.11701072127637,2.26892802759263,0.0236858520424417,0.03237694551875535,0.01493516526628925
0.0,3.14159265358979,1.13446401379631,2.26892802759263,0.023385423414869752,0.0318303228596716,0.0149882657516835
0.0,3.14159265358979,1.15191730631626,2.26892802759263,0.023229079341776898,0.0315972094956543,0.01466561175746995
0.0,3.14159265358979,1.1693705988362,2.26892802759263,0.02304217418771555,0.0313257108921917,0.01449672013055045
0.0,3.14159265358979,1.18682389135614,2.26892802759263,0.0230126178981538,0.0313574579221613,0.0144995491535925
0.0,3.14159265358979,1.20427718387609,2.26892802759263,0.0229698574837233,0.03124142910348625,0.0143965949650785
0.0,3.14159265358979,1.22173047639603,2.26892802759263,0.02287128146538775,0.031008379809783347,0.01452820233666995
0.0,3.14159265358979,1.23918376891597,2.26892802759263,0.02268300340090785,0.030693391319203248,0.01469656481039845
0.0,3.14159265358979,1.25663706143592,2.26892802759263,0.02256763336831865,0.03054854948547735,0.01440666377553305
0.0,3.14159265358979,1.27409035395586,2.26892802759263,0.02245214399896695,0.03043788285710805,0.01420737635869215
0.0,3.14159265358979,1.2915436464758,2.26892802759263,0.022460897758303948,0.030245943162096847,0.01438571643868905
0.0,3.14159265358979,1.30899693899575,2.26892802759263,0.0220092025519352,0.02957649942876355,0.014068541930967349
0.0,3.14159265358979,1.32645023151569,2.26892802759263,0.020822374467299648,0.0279984534066338,0.01330244349172535
0.0,3.14159265358979,1.34390352403563,2.26892802759263,0.019319596007447648,0.0259549108940213,0.01235671233951575
0.0,3.14159265358979,1.36135681655558,2.26892802759263,0.017862029771294752,0.0240801697014843,0.01137549182915475
0.0,3.14159265358979,1.37881010907552,2.26892802759263,0.0163797549460341,0.022047884050973902,0.0104499780378735
0.0,3.14159265358979,1.39626340159546,2.26892802759263,0.0148768443206308,0.02002542341796935,0.00948955373399033
0.0,3.14159265358979,1.41371669411541,2.26892802759263,0.0133896285147817,0.01804727546736605,0.008524245914022139
0.0,3.14159265358979,1.43116998663535,2.26892802759263,0.0118991830237448,0.01600715787786355,0.007597007908251791
0.0,3.14159265358979,1.44862327915529,2.26892802759263,0.01041360799173242,0.0139930267316864,0.006655365732507005
0.0,3.14159265358979,1.46607657167524,2.26892802759263,0.008919784867768989,0.0119998807916105,0.005693870713531285
0.0,3.14159265358979,1.48352986419518,2.26892802759263,0.007434004320723745,0.009993159667995126,0.004751086203345144
0.0,3.14159265358979,1.50098315671512,2.26892802759263,0.005951244871156295,0.008023686404170411,0.003786952482906475
0.0,3.14159265358979,1.51843644923507,2.26892802759263,0.004462521204497735,0.00601341219560644,0.0028419947507871152
0.0,3.14159265358979,1.53588974175501,2.26892802759263,0.0029735836776561553,0.0040024636329268545,0.00189691110716624
0.0,3.14159265358979,1.55334303427495,2.26892802759263,0.0014861111729063499,0.00200223142587941,0.000946676360233094
0.0,3.14159265358979,1.5707963267949,2.26892802759263,-7.96363688210233e-06,-1.94780652188614e-05,9.730633580631898e-07
0.0,3.14159265358979,0.0174532925199433,2.44346095279206,1.3511355536431606,1.3322725813843581,1.5008578420735001
0.0,3.14159265358979,0.0349065850398866,2.44346095279206,1.2112202700600525,1.178557088952267,1.3662738190482244
0.0,3.14159265358979,0.0523598775598299,2.44346095279206,1.0257995535748279,0.9914852711248545,1.1758816388571272
0.0,3.14159265358979,0.0698131700797732,2.44346095279206,0.825005006823604,0.7920107351864045,0.9537129331892651
0.0,3.14159265358979,0.0872664625997165,2.44346095279206,0.6252563907373795,0.5974852281295875,0.714625059439247
0.0,3.14159265358979,0.10471975511966,2.44346095279206,0.450461793910919,0.429095717478673,0.508572945197891
0.0,3.14159265358979,0.122173047639603,2.44346095279206,0.318405359832299,0.302538657121721,0.3492458781797865
0.0,3.14159265358979,0.139626340159546,2.44346095279206,0.223261349804282,0.21220139831865098,0.2319033034102615
0.0,3.14159265358979,0.15707963267949,2.44346095279206,0.16044273863745,0.15436112262809049,0.1562630503378257
0.0,3.14159265358979,0.174532925199433,2.44346095279206,0.1202928227990812,0.1175366207245418,0.11081154565664475
0.0,3.14159265358979,0.191986217719376,2.44346095279206,0.0930740567028489,0.09283550528139731,0.0801594919571029
0.0,3.14159265358979,0.20943951023932,2.44346095279206,0.0763112929152753,0.07822867588662785,0.0608071083200348
0.0,3.14159265358979,0.226892802759263,2.44346095279206,0.0652546440715532,0.0688266894149417,0.048923724487636544
0.0,3.14159265358979,0.244346095279206,2.44346095279206,0.057079565503529744,0.06195495730399965,0.0415787696676261
0.0,3.14159265358979,0.261799387799149,2.44346095279206,0.05064000355168655,0.0565326658870934,0.0363358220400452
0.0,3.14159265358979,0.279252680319093,2.44346095279206,0.045381263727765644,0.0520234768508096,0.03213159896889065
0.0,3.14159265358979,0.296705972839036,2.44346095279206,0.04122818657217585,0.04855460252056135,0.0286595469353502
0.0,3.14159265358979,0.314159265358979,2.44346095279206,0.03843196775836655,0.04624049515208495,0.0260168024208264
0.0,3.14159265358979,0.331612557878923,2.44346095279206,0.0363442866035636,0.044444753331956,0.0242498095077973
0.0,3.14159265358979,0.349065850398866,2.44346095279206,0.034596769690483906,0.042832719740637445,0.022970191621545448
0.0,3.14159265358979,0.366519142918809,2.44346095279206,0.03301074086267485,0.04149699036674555,0.021858056905548102
0.0,3.14159265358979,0.383972435438752,2.44346095279206,0.0316697906668263,0.040407655919582355,0.020877655696900997
0.0,3.14159265358979,0.401425727958696,2.44346095279206,0.0305799453422052,0.03946798147635585,0.0199050788981084
0.0,3.14159265358979,0.418879020478639,2.44346095279206,0.02965823264331325,0.0387715977153232,0.019152605898767952
0.0,3.14159265358979,0.436332312998582,2.44346095279206,0.02889234538148045,0.0382114202611514,0.01848958595246805
0.0,3.14159265358979,0.453785605518526,2.44346095279206,0.0282270191873591,0.037639273836641,0.01797029876140805
0.0,3.14159265358979,0.471238898038469,2.44346095279206,0.0276802130992598,0.03719770588693435,0.0175349052526758
0.0,3.14159265358979,0.488692190558412,2.44346095279206,0.027218743305997002,0.0368901040999335,0.01726335125264535
0.0,3.14159265358979,0.506145483078356,2.44346095279206,0.026849621178986947,0.03653621319102625,0.0171578998299626
0.0,3.14159265358979,0.523598775598299,2.44346095279206,0.026487204654750747,0.0361971237227236,0.017027279852390602
0.0,3.14159265358979,0.541052068118242,2.44346095279206,0.0261658991032563,0.035895842204966,0.0168609331914397
0.0,3.14159265358979,0.558505360638185,2.44346095279206,0.0258874452173475,0.035675817244348595,0.0167198869782972
0.0,3.14159265358979,0.575958653158129,2.44346095279206,0.0256448856880324,0.03552030736105645,0.016502458541593948
0.0,3.14159265358979,0.593411945678072,2.44346095279206,0.02548310279442965,0.035316948557445146,0.016210968947079102
0.0,3.14159265358979,0.610865238198015,2.44346095279206,0.0254118549822991,0.0351657314409036,0.01596164940986345
0.0,3.14159265358979,0.628318530717959,2.44346095279206,0.0252176074031342,0.03497907930450085,0.0157427565169829
0.0,3.14159265358979,0.645771823237902,2.44346095279206,0.025124363381522352,0.034801684152935455,0.0155641131083927
0.0,3.14159265358979,0.663225115757845,2.44346095279206,0.0250787062250432,0.034647525784376854,0.0152737973511111
0.0,3.14159265358979,0.680678408277788,2.44346095279206,0.025086438642582448,0.0346655557567528,0.015147575529541251
0.0,3.14159265358979,0.698131700797732,2.44346095279206,0.025115544615417047,0.03465902944929175,0.01518957632867365
0.0,3.14159265358979,0.715584993317675,2.44346095279206,0.0250438694697192,0.03455868001018795,0.0152776859243775
0.0,3.14159265358979,0.733038285837618,2.44346095279206,0.02494260875330675,0.034557061756037954,0.01537907570455555
0.0,3.14159265358979,0.750491578357562,2.44346095279206,0.0248529633335398,0.0345749106295239,0.0154983543137066
0.0,3.14159265358979,0.767944870877505,2.44346095279206,0.02490093974997425,0.0343891323022996,0.015644355010815403
0.0,3.14159265358979,0.785398163397448,2.44346095279206,0.024901259520531502,0.0342968355418313,0.015550632658042199
0.0,3.14159265358979,0.802851455917391,2.44346095279206,0.0246899230076166,0.03422789482958155,0.01546514425141865
0.0,3.14159265358979,0.820304748437335,2.44346095279206,0.0245551316296665,0.03422437459801025,0.01541870829354245
0.0,3.14159265358979,0.837758040957278,2.44346095279206,0.024473164291795198,0.0341289637586165,0.015203463323291151
0.0,3.14159265358979,0.855211333477221,2.44346095279206,0.0244823773999021,0.0340800294386633,0.015151264316638949
0.0,3.14159265358979,0.872664625997165,2.44346095279206,0.02449586717266035,0.033995278058993106,0.015003018349605799
0.0,3.14159265358979,0.890117918517108,2.44346095279206,0.0244867978892038,0.033977524072068555,0.014590905026030599
0.0,3.14159265358979,0.907571211037051,2.44346095279206,0.0244486395155898,0.0338613782538148,0.01466585058870255
0.0,3.14159265358979,0.925024503556995,2.44346095279206,0.024299975627911,0.033796023175611103,0.01502842369284195
0.0,3.14159265358979,0.942477796076938,2.44346095279206,0.0241351954083244,0.03375888248102275,0.01491879687730465
0.0,3.14159265358979,0.959931088596881,2.44346095279206,0.024207111538925102,0.0337359442712126,0.0149167257152365
0.0,3.14159265358979,0.977384381116825,2.44346095279206,0.0242409049115972,0.0336918175039648,0.014921185008188051
0.0,3.14159265358979,0.994837673636768,2.44346095279206,0.02417561009762955,0.03355751292436175,0.01501637549911825
0.0,3.14159265358979,1.01229096615671,2.44346095279206,0.02431918455992025,0.0335026174310942,0.014891209548474449
0.0,3.14159265358979,1.02974425867665,2.44346095279206,0.024506821541932747,0.0334822518619153,0.0149361005650888
0.0,3.14159265358979,1.0471975511966,2.44346095279206,0.0245123743072357,0.033267626068388,0.0151343052583219
0.0,3.14159265358979,1.06465084371654,2.44346095279206,0.0245144438082692,0.0332608054366468,0.01506774488224345
0.0,3.14159265358979,1.08210413623648,2.44346095279206,0.02448232560260885,0.03322802485476295,0.014857371333998951
0.0,3.14159265358979,1.09955742875643,2.44346095279206,0.02430570630172115,0.03321834331174715,0.0148789550313715
0.0,3.14159265358979,1.11701072127637,2.44346095279206,0.024037676882673602,0.0330533610987932,0.01485459465525105
0.0,3.14159265358979,1.13446401379631,2.44346095279206,0.0236888170481502,0.0326974024037553,0.01484903978949325
0.0,3.14159265358979,1.15191730631626,2.44346095279206,0.0235064461022673,0.03263774703232615,0.014857005260583901
0.0,3.14159265358979,1.1693705988362,2.44346095279206,0.02339604682534475,0.032510431779157,0.0146181469649525
0.0,3.14159265358979,1.18682389135614,2.44346095279206,0.0232621065579004,0.0321790141600696,0.0146238710562771
0.0,3.14159265358979,1.20427718387609,2.44346095279206,0.023165020016803352,0.0319713829891249,0.0146833378503971
0.0,3.14159265358979,1.22173047639603,2.44346095279206,0.02310072013975635,0.03183692473469695,0.014491282597325301
0.0,3.14159265358979,1.23918376891597,2.44346095279206,0.0230001147381001,0.031529746822638746,0.01463899982810505
0.0,3.14159265358979,1.25663706143592,2.44346095279206,0.0229489838476836,0.0314311063381739,0.0144290235611073
0.0,3.14159265358979,1.27409035395586,2.44346095279206,0.022923914642820252,0.0312876931528888,0.0143811033221958
0.0,3.14159265358979,1.2915436464758,2.44346095279206,0.0227880877882796,0.03095529433894325,0.014679410201792701
0.0,3.14159265358979,1.30899693899575,2.44346095279206,0.0225427905764783,0.030614890076362297,0.0143062591475666
0.0,3.14159265358979,1.32645023151569,2.44346095279206,0.021352153374168202,0.028985938579607698,0.013538938663315
0.0,3.14159265358979,1.34390352403563,2.44346095279206,0.01983625830603905,0.026951615947958002,0.01254582118756375
0.0,3.14159265358979,1.36135681655558,2.44346095279206,0.018309268467815352,0.024764703207601248,0.01159992413489275
0.0,3.14159265358979,1.37881010907552,2.44346095279206,0.016761490534628998,0.022731138992379198,0.0106713087656687
0.0,3.14159265358979,1.39626340159546,2.44346095279206,0.0152515588543903,0.0206768576119774,0.009673366868821255
0.0,3.14159265358979,1.41371669411541,2.44346095279206,0.0137355942340551,0.01858865380910265,0.008698005603594015
0.0,3.14159265358979,1.43116998663535,2.44346095279206,0.01220077974507775,0.0165536891980996,0.007737003121646725
0.0,3.14159265358979,1.44862327915529,2.44346095279206,0.0106663489447483,0.01448676131187465,0.00676802392606624
0.0,3.14159265358979,1.46607657167524,2.44346095279206,0.009156401315041359,0.012420011486248099,0.005792632057030725
0.0,3.14159265358979,1.48352986419518,2.44346095279206,0.0076254588282094245,0.0103549432840657,0.004832422831834505
0.0,3.14159265358979,1.50098315671512,2.44346095279206,0.006102594750448585,0.008254730653623395,0.00386511931974952
0.0,3.14159265358979,1.51843644923507,2.44346095279206,0.00457676993952994,0.00619591272801209,0.002899743751083545
0.0,3.14159265358979,1.53588974175501,2.44346095279206,0.003048712066338495,0.0041334401588851745,0.0019333812163615449
0.0,3.14159265358979,1.55334303427495,2.44346095279206,0.0015244186297351699,0.002064133947210735,0.0009655375835488565
0.0,3.14159265358979,1.5707963267949,2.44346095279206,-9.467222376116625e-06,-1.0809277419671107e-06,-3.3854348325812246e-06
0.0,3.14159265358979,0.0174532925199433,2.61799387799149,1.3670655745141929,1.3470662438163123,1.5186600028474748
0.0,3.14159265358979,0.0349065850398866,2.61799387799149,1.2408998626444956,1.2013373114968489,1.3982898728950839
0.0,3.14159265358979,0.0523598775598299,2.61799387799149,1.0347193400651695,0.9928957412372115,1.180893400611103
0.0,3.14159265358979,0.0698131700797732,2.61799387799149,0.8336296926656079,0.793902380452536,0.963365255544437
0.0,3.14159265358979,0.0872664625997165,2.61799387799149,0.63106630057022,0.5980642523262615,0.7212014062584615
0.0,3.14159265358979,0.10471975511966,2.61799387799149,0.46227920530467803,0.43668297732873296,0.522814076590668
0.0,3.14159265358979,0.122173047639603,2.61799387799149,0.3252734356006245,0.3063993190502965,0.36083764232933546
0.0,3.14159265358979,0.139626340159546,2.61799387799149,0.22901240461322397,0.215783978852514,0.24401534804111097
0.0,3.14159265358979,0.15707963267949,2.61799387799149,0.16441768127703799,0.156789268269419,0.1640130236536485
0.0,3.14159265358979,0.174532925199433,2.61799387799149,0.1209747456823873,0.1170394009874012,0.11252664739208795
0.0,3.14159265358979,0.191986217719376,2.61799387799149,0.09355821037970835,0.09258152085767946,0.08001754881800324
0.0,3.14159265358979,0.20943951023932,2.61799387799149,0.07688984981314476,0.0785302990482517,0.06043347675921645
0.0,3.14159265358979,0.226892802759263,2.61799387799149,0.06599844759497915,0.069970653436499,0.05034863015369795
0.0,3.14159265358979,0.244346095279206,2.61799387799149,0.05734129119015405,0.0630556704946856,0.0428781560501049
0.0,3.14159265358979,0.261799387799149,2.61799387799149,0.0499486256445743,0.05605327977872935,0.0362830056290568
0.0,3.14159265358979,0.279252680319093,2.61799387799149,0.044877680295622155,0.0511044647545962,0.03137053640564675
0.0,3.14159265358979,0.296705972839036,2.61799387799149,0.0412082013767331,0.04809622253262055,0.028046729687260602
0.0,3.14159265358979,0.314159265358979,2.61799387799149,0.038536285452566155,0.0459838217294107,0.02586525757010685
0.0,3.14159265358979,0.331612557878923,2.61799387799149,0.036483153080828404,0.044520783764056895,0.02450530278346345
0.0,3.14159265358979,0.349065850398866,2.61799387799149,0.034785992330138,0.04315779929311405,0.023297828150682
0.0,3.14159265358979,0.366519142918809,2.61799387799149,0.0331605802485245,0.041718493723310754,0.0220764880483396
0.0,3.14159265358979,0.383972435438752,2.61799387799149,0.0316097333223702,0.040483544028625945,0.02091689993237405
0.0,3.14159265358979,0.401425727958696,2.61799387799149,0.030398059089626752,0.0395669621199187,0.02000374524319295
0.0,3.14159265358979,0.418879020478639,2.61799387799149,0.02951910176477605,0.038869221887567695,0.01925622965397345
0.0,3.14159265358979,0.436332312998582,2.61799387799149,0.028874596571157547,0.0382886443468909,0.018658683771733797
0.0,3.14159265358979,0.453785605518526,2.61799387799149,0.02836225009910865,0.03774613010120325,0.01808556941917705
0.0,3.14159265358979,0.471238898038469,2.61799387799149,0.02789949349655705,0.0372968963195852,0.0176234451486292
0.0,3.14159265358979,0.488692190558412,2.61799387799149,0.0273594788288322,0.03691779941328995,0.017332025015587352
0.0,3.14159265358979,0.506145483078356,2.61799387799149,0.026869290148818697,0.0366677482881992,0.01721624579059635
0.0,3.14159265358979,0.523598775598299,2.61799387799149,0.02651992810570835,0.03627053576346485,0.0170472118978591
0.0,3.14159265358979,0.541052068118242,2.61799387799149,0.0262702274716571,0.0359900905737644,0.0166362742315517
0.0,3.14159265358979,0.558505360638185,2.61799387799149,0.0258800553181756,0.0355975554269461,0.01610397624792815
0.0,3.14159265358979,0.575958653158129,2.61799387799149,0.0256560244751356,0.03548775768207295,0.01595989762671295
0.0,3.14159265358979,0.593411945678072,2.61799387799149,0.025582567859091097,0.035403292848518356,0.015934795215193198
0.0,3.14159265358979,0.610865238198015,2.61799387799149,0.025470372727491003,0.0352762557677603,0.01593465734599775
0.0,3.14159265358979,0.628318530717959,2.61799387799149,0.02536210959426005,0.03521580973064035,0.0158331891715589
0.0,3.14159265358979,0.645771823237902,2.61799387799149,0.02537638426792245,0.0350631867499897,0.015709448174728
0.0,3.14159265358979,0.663225115757845,2.61799387799149,0.02537176315817875,0.03493642405541115,0.01559797751889095
0.0,3.14159265358979,0.680678408277788,2.61799387799149,0.025213668185409897,0.03488208919059115,0.01556591825722505
0.0,3.14159265358979,0.698131700797732,2.61799387799149,0.02504079289774305,0.034716708189160894,0.01549025373056105
0.0,3.14159265358979,0.715584993317675,2.61799387799149,0.0249137722883611,0.0345340565779924,0.015464507777066051
0.0,3.14159265358979,0.733038285837618,2.61799387799149,0.024771961439514198,0.0344439251901619,0.015393702067593051
0.0,3.14159265358979,0.750491578357562,2.61799387799149,0.0247443564532652,0.03457041252905185,0.0153272225104888
0.0,3.14159265358979,0.767944870877505,2.61799387799149,0.024737591924107898,0.0344241268359486,0.01527185296018125
0.0,3.14159265358979,0.785398163397448,2.61799387799149,0.024781158774180752,0.034333165814226754,0.0154496120838662
0.0,3.14159265358979,0.802851455917391,2.61799387799149,0.02467388553415365,0.0342724637023559,0.0153184357679447
0.0,3.14159265358979,0.820304748437335,2.61799387799149,0.02452038640219435,0.03429774904622525,0.01493646142352785
0.0,3.14159265358979,0.837758040957278,2.61799387799149,0.0243851147342132,0.03423162270402265,0.01463966820487855
0.0,3.14159265358979,0.855211333477221,2.61799387799149,0.0242281313380254,0.0341925338311775,0.01483822090270295
0.0,3.14159265358979,0.872664625997165,2.61799387799149,0.0241444462383053,0.0342146361731096,0.0147958175665059
0.0,3.14159265358979,0.890117918517108,2.61799387799149,0.024191781184373103,0.03425586057745335,0.0146296189183059
0.0,3.14159265358979,0.907571211037051,2.61799387799149,0.024309840817563898,0.034243749985261154,0.01435756078945375
0.0,3.14159265358979,0.925024503556995,2.61799387799149,0.02431510894146245,0.03406958927108295,0.01472064705420975
0.0,3.14159265358979,0.942477796076938,2.61799387799149,0.0244446080683056,0.033841650615208704,0.01511140902796545
0.0,3.14159265358979,0.959931088596881,2.61799387799149,0.024221989041893502,0.03390387252584305,0.01509711721909765
0.0,3.14159265358979,0.977384381116825,2.61799387799149,0.0241467285366219,0.0339229214860843,0.01498315811327965
0.0,3.14159265358979,0.994837673636768,2.61799387799149,0.0241819465201011,0.0339068563841165,0.01464412811867325
0.0,3.14159265358979,1.01229096615671,2.61799387799149,0.0242574713291165,0.0336800880798931,0.0146209246477783
0.0,3.14159265358979,1.02974425867665,2.61799387799149,0.02444445970201785,0.03357835075301195,0.0147423944693665
0.0,3.14159265358979,1.0471975511966,2.61799387799149,0.0245738634163757,0.03338340884237995,0.01485071098687055
0.0,3.14159265358979,1.06465084371654,2.61799387799149,0.0244937997696978,0.033264576857928954,0.014824040992926151
0.0,3.14159265358979,1.08210413623648,2.61799387799149,0.024330433200714797,0.032971891294713146,0.01493447111296375
0.0,3.14159265358979,1.09955742875643,2.61799387799149,0.02429076536044605,0.0327343700710388,0.014707945757103151
0.0,3.14159265358979,1.11701072127637,2.61799387799149,0.0242614843536992,0.03261046103956925,0.01474596963536905
0.0,3.14159265358979,1.13446401379631,2.61799387799149,0.0241569561178866,0.032577546578187,0.0148432498475705
0.0,3.14159265358979,1.15191730631626,2.61799387799149,0.024060970689835898,0.0325338179084125,0.01481345852394135
0.0,3.14159265358979,1.1693705988362,2.61799387799149,0.02415463710676425,0.03263692730939505,0.014728811231855
0.0,3.14159265358979,1.18682389135614,2.61799387799149,0.024200285519899452,0.03268823188247125,0.01498207439855335
0.0,3.14159265358979,1.20427718387609,2.61799387799149,0.0240869291583674,0.03254433322869465,0.014837440791884749
0.0,3.14159265358979,1.22173047639603,2.61799387799149,0.0239788457719172,0.0323538787216606,0.015059121145318901
0.0,3.14159265358979,1.23918376891597,2.61799387799149,0.023873313073994748,0.0322012217631491,0.0151900614840123
0.0,3.14159265358979,1.25663706143592,2.61799387799149,0.02379729295002775,0.0320515501741636,0.0152356142605021
0.0,3.14159265358979,1.27409035395586,2.61799387799149,0.02372823640854885,0.0319300265280596,0.01507448856568505
0.0,3.14159265358979,1.2915436464758,2.61799387799149,0.02379605962811015,0.031829051239765004,0.0150254107508532
0.0,3.14159265358979,1.30899693899575,2.61799387799149,0.02338635931193115,0.0312657018117755,0.01449274593890685
0.0,3.14159265358979,1.32645023151569,2.61799387799149,0.021959586271466852,0.029396740592789898,0.0135324977105835
0.0,3.14159265358979,1.34390352403563,2.61799387799149,0.02043538900630655,0.0273066740577204,0.012598970632968401
0.0,3.14159265358979,1.36135681655558,2.61799387799149,0.018848269302030853,0.0252174907394257,0.011587788189348351
0.0,3.14159265358979,1.37881010907552,2.61799387799149,0.0173325271153469,0.02311013129161585,0.010673213024204684
0.0,3.14159265358979,1.39626340159546,2.61799387799149,0.01569530773000035,0.021007801065763852,0.009673857516430335
0.0,3.14159265358979,1.41371669411541,2.61799387799149,0.0141360708602685,0.01891586164836595,0.008722315011447556
0.0,3.14159265358979,1.43116998663535,2.61799387799149,0.0125489286561889,0.01679858487333365,0.00773214865845789
0.0,3.14159265358979,1.44862327915529,2.61799387799149,0.0109963189461376,0.01470727263083755,0.00677896803439074
0.0,3.14159265358979,1.46607657167524,2.61799387799149,0.00942943688909857,0.01260972004986855,0.005775258023413185
0.0,3.14159265358979,1.48352986419518,2.61799387799149,0.00786557580278493,0.01050200846142195,0.00483715068632809
0.0,3.14159265358979,1.50098315671512,2.61799387799149,0.00628046547289518,0.00840440989894629,0.0038662568996709447
0.0,3.14159265358979,1.51843644923507,2.61799387799149,0.00471238499655287,0.00630381087143343,0.00290640444217635
0.0,3.14159265358979,1.53588974175501,2.61799387799149,0.00313772825405205,0.0042004730793462,0.00193566960202609
0.0,3.14159265358979,1.55334303427495,2.61799387799149,0.001569033211096735,0.0020991318009221252,0.0009654974988559665
0.0,3.14159265358979,1.5707963267949,2.61799387799149,0.0008808138698105745,0.00117764351582788,0.0005512450084896065
0.0,3.14159265358979,0.0174532925199433,2.79252680319093,1.384449045798448,1.363957344552434,1.53747644581045
0.0,3.14159265358979,0.0349065850398866,2.79252680319093,1.247188670968616,1.2061399166532414,1.399748157956718
0.0,3.14159265358979,0.0523598775598299,2.79252680319093,1.048936162831714,1.0003267546906425,1.1880081061026095
0.0,3.14159265358979,0.0698131700797732,2.79252680319093,0.8255032313997954,0.7809844971983415,0.941549695963404
0.0,3.14159265358979,0.0872664625997165,2.79252680319093,0.6278129521789315,0.592047252090662,0.7131057085819374
0.0,3.14159265358979,0.10471975511966,2.79252680319093,0.4643038138986295,0.4363399665473865,0.5226405340057975
0.0,3.14159265358979,0.122173047639603,2.79252680319093,0.32984017317750747,0.3085831783768975,0.364420801656895
0.0,3.14159265358979,0.139626340159546,2.79252680319093,0.2317474976857175,0.216447469185488,0.2441154900208995
0.0,3.14159265358979,0.15707963267949,2.79252680319093,0.1656436215737775,0.15657276882092,0.1619048572257025
0.0,3.14159265358979,0.174532925199433,2.79252680319093,0.12259893793976409,0.11869259209567265,0.1128637385833607
0.0,3.14159265358979,0.191986217719376,2.79252680319093,0.0946835324340313,0.09448140989988245,0.083463577225553
0.0,3.14159265358979,0.20943951023932,2.79252680319093,0.076794113341588,0.079278209010765,0.0643843902124011
0.0,3.14159265358979,0.226892802759263,2.79252680319093,0.0650564120531089,0.0689356600718692,0.05214418495719935
0.0,3.14159265358979,0.244346095279206,2.79252680319093,0.05597756742774655,0.06106005618702455,0.04338640759710085
0.0,3.14159265358979,0.261799387799149,2.79252680319093,0.049410539371191706,0.0556899328927924,0.03634606678264275
0.0,3.14159265358979,0.279252680319093,2.79252680319093,0.044965076112517294,0.052018865619868945,0.0319152497304986
0.0,3.14159265358979,0.296705972839036,2.79252680319093,0.0416601713865931,0.049053821943759054,0.02932158730643255
0.0,3.14159265358979,0.314159265358979,2.79252680319093,0.0390097870475463,0.04670824730043225,0.0273600457672802
0.0,3.14159265358979,0.331612557878923,2.79252680319093,0.0367716187222048,0.04484889600489595,0.02559544690351355
0.0,3.14159265358979,0.349065850398866,2.79252680319093,0.03479268085892785,0.043186607828768,0.023849759873096447
0.0,3.14159265358979,0.366519142918809,2.79252680319093,0.033083837906154545,0.0417417557172042,0.022169868590597698
0.0,3.14159265358979,0.383972435438752,2.79252680319093,0.03177978082267425,0.0405921787004259,0.0208950591458361
0.0,3.14159265358979,0.401425727958696,2.79252680319093,0.030697592023615,0.03953415001159695,0.0199571700385826
0.0,3.14159265358979,0.418879020478639,2.79252680319093,0.02982081484230735,0.038719316251811506,0.0192122773637631
0.0,3.14159265358979,0.436332312998582,2.79252680319093,0.0290426720313499,0.038127335454718456,0.01868215845911005
0.0,3.14159265358979,0.453785605518526,2.79252680319093,0.02836544399006225,0.037700331172244195,0.01824562059295175
0.0,3.14159265358979,0.471238898038469,2.79252680319093,0.02785515540230905,0.03729239296101505,0.0178754646716213
0.0,3.14159265358979,0.488692190558412,2.79252680319093,0.027424833367955502,0.036907709776999656,0.01752183568684035
0.0,3.14159265358979,0.506145483078356,2.79252680319093,0.02703904940708605,0.036634038466031346,0.01721802000340255
0.0,3.14159265358979,0.523598775598299,2.79252680319093,0.02666130837921375,0.036423250726447,0.0169671368856175
0.0,3.14159265358979,0.541052068118242,2.79252680319093,0.026169951590669052,0.036130931824698745,0.0168842943195546
0.0,3.14159265358979,0.558505360638185,2.79252680319093,0.025766678781890998,0.035796495785146,0.0165906858889832
0.0,3.14159265358979,0.575958653158129,2.79252680319093,0.02550902503459905,0.03551991921992715,0.016242195672156047
0.0,3.14159265358979,0.593411945678072,2.79252680319093,0.025329576444389497,0.035401949176885855,0.0161086959549942
0.0,3.14159265358979,0.610865238198015,2.79252680319093,0.02525758398936195,0.0353662267003438,0.01590816417705565
0.0,3.14159265358979,0.628318530717959,2.79252680319093,0.025278089349129,0.0353574840647776,0.01598219768543195
0.0,3.14159265358979,0.645771823237902,2.79252680319093,0.02529484281203705,0.0352759299493795,0.016054561994071598
0.0,3.14159265358979,0.663225115757845,2.79252680319093,0.0252279845243202,0.035006865173256504,0.01613015467384785
0.0,3.14159265358979,0.680678408277788,2.79252680319093,0.025216336433429652,0.034870510085269,0.0160468811079454
0.0,3.14159265358979,0.698131700797732,2.79252680319093,0.025194832273059548,0.0349204443393646,0.01591043188857565
0.0,3.14159265358979,0.715584993317675,2.79252680319093,0.025118771333444652,0.034922845319078855,0.0158713836141498
0.0,3.14159265358979,0.733038285837618,2.79252680319093,0.025012509716852,0.03482979503465035,0.0158785023735067
0.0,3.14159265358979,0.750491578357562,2.79252680319093,0.0249018354671623,0.03459870280592065,0.01578515217634355
0.0,3.14159265358979,0.767944870877505,2.79252680319093,0.024832435800764302,0.0344206510602626,0.015651347866808298
0.0,3.14159265358979,0.785398163397448,2.79252680319093,0.024749808994112048,0.03428488372168435,0.0156211708661299
0.0,3.14159265358979,0.802851455917391,2.79252680319093,0.0246788263930007,0.0344686812357003,0.015532014493533901
0.0,3.14159265358979,0.820304748437335,2.79252680319093,0.024587257869241298,0.034612057120886996,0.01548446398152005
0.0,3.14159265358979,0.837758040957278,2.79252680319093,0.02452996460424315,0.0345071748318745,0.015538639406128148
0.0,3.14159265358979,0.855211333477221,2.79252680319093,0.02437308425211315,0.03429359392899865,0.015611609365147
0.0,3.14159265358979,0.872664625997165,2.79252680319093,0.024300591935793002,0.03415633972419805,0.0156912641959859
0.0,3.14159265358979,0.890117918517108,2.79252680319093,0.02431247728342425,0.03412401691100305,0.01563448076567
0.0,3.14159265358979,0.907571211037051,2.79252680319093,0.0245586974858921,0.03422460671182265,0.01566541533688065
0.0,3.14159265358979,0.925024503556995,2.79252680319093,0.0245634726715777,0.03409945582224005,0.0154313727524174
0.0,3.14159265358979,0.942477796076938,2.79252680319093,0.0243184553364909,0.0341774199423687,0.01515990241141675
0.0,3.14159265358979,0.959931088596881,2.79252680319093,0.02412199398196865,0.034189424374659605,0.01494891495541285
0.0,3.14159265358979,0.977384381116825,2.79252680319093,0.0241024245076637,0.03396376175447875,0.014958481593286749
0.0,3.14159265358979,0.994837673636768,2.79252680319093,0.02414178462144265,0.03366811100131535,0.015149627789446
0.0,3.14159265358979,1.01229096615671,2.79252680319093,0.024295093548586,0.03330759575184505,0.0152784983879206
0.0,3.14159265358979,1.02974425867665,2.79252680319093,0.02446208407160255,0.0331024368528354,0.015329635879947
0.0,3.14159265358979,1.0471975511966,2.79252680319093,0.0247415050887155,0.033182278613044,0.01543042253858195
0.0,3.14159265358979,1.06465084371654,2.79252680319093,0.02497317133505335,0.0333738665525429,0.01550229162001465
0.0,3.14159265358979,1.08210413623648,2.79252680319093,0.024981991229025002,0.0335386789637723,0.0154491794544598
0.0,3.14159265358979,1.09955742875643,2.79252680319093,0.024681567980338298,0.0334435317102763,0.01522396266809185
0.0,3.14159265358979,1.11701072127637,2.79252680319093,0.02427438716422495,0.033144883127355806,0.01500972014467555
0.0,3.14159265358979,1.13446401379631,2.79252680319093,0.024018640061924952,0.0329577654582604,0.0151218855026667
0.0,3.14159265358979,1.15191730631626,2.79252680319093,0.0237910949836661,0.03279804128361095,0.01509568296540325
0.0,3.14159265358979,1.1693705988362,2.79252680319093,0.02361282062481345,0.03277216198633205,0.0149232564198746
0.0,3.14159265358979,1.18682389135614,2.79252680319093,0.02347777808905795,0.0326328641707789,0.014850475586457551
0.0,3.14159265358979,1.20427718387609,2.79252680319093,0.023420978741775,0.0324205112288829,0.0146380407889929
0.0,3.14159265358979,1.22173047639603,2.79252680319093,0.02336835793959215,0.03233929159236085,0.01404855865257035
0.0,3.14159265358979,1.23918376891597,2.79252680319093,0.023284484824974,0.0321511816323365,0.013872894453976551
0.0,3.14159265358979,1.25663706143592,2.79252680319093,0.0233175066953978,0.03180162640209735,0.0137531819889192
0.0,3.14159265358979,1.27409035395586,2.79252680319093,0.02328087793890515,0.03160802916433495,0.013389625309239449
0.0,3.14159265358979,1.2915436464758,2.79252680319093,0.0232978984351111,0.03145067922554755,0.0135786994527227
0.0,3.14159265358979,1.30899693899575,2.79252680319093,0.0229269631616811,0.03084457026283045,0.013376689347521151
0.0,3.14159265358979,1.32645023151569,2.79252680319093,0.0217439161056404,0.029276207680685902,0.01271640753112435
0.0,3.14159265358979,1.34390352403563,2.79252680319093,0.020163766694513502,0.02712876843237015,0.01180770596928285
0.0,3.14159265358979,1.36135681655558,2.79252680319093,0.0186058864876802,0.02501648988705215,0.01088834052723355
0.0,3.14159265358979,1.37881010907552,2.79252680319093,0.017082943519666847,0.0230002290399121,0.009991680678926154
0.0,3.14159265358979,1.39626340159546,2.79252680319093,0.0155120977710477,0.02087190741027005,0.009082578662265695
0.0,3.14159265358979,1.41371669411541,2.79252680319093,0.0139773796212288,0.0188175832272716,0.008172276449075885
0.0,3.14159265358979,1.43116998663535,2.79252680319093,0.01242266333523785,0.01672474090205145,0.0072666099854284995
0.0,3.14159265358979,1.44862327915529,2.79252680319093,0.01085478390972465,0.014602697252994,0.006357588772382626
0.0,3.14159265358979,1.46607657167524,2.79252680319093,0.009315266324771304,0.01254092043402985,0.005449165389611295
0.0,3.14159265358979,1.48352986419518,2.79252680319093,0.007763098282829039,0.010450965876698401,0.004541414227899435
0.0,3.14159265358979,1.50098315671512,2.79252680319093,0.00620137325139373,0.008342242594365985,0.003632346957499155
0.0,3.14159265358979,1.51843644923507,2.79252680319093,0.00465385534011806,0.0062629061181592345,0.002724160160871
0.0,3.14159265358979,1.53588974175501,2.79252680319093,0.00310441712823024,0.004179131209606345,0.00181619210025745
0.0,3.14159265358979,1.55334303427495,2.79252680319093,0.00154969531212294,0.00208549020708055,0.0009071269139048415
0.0,3.14159265358979,1.5707963267949,2.79252680319093,0.000983048087828075,0.00132361961855878,0.0005749352894787779
0.0,3.14159265358979,0.0174532925199433,2.96705972839036,1.402695743681517,1.3824784184964445,1.556460194007515
0.0,3.14159265358979,0.0349065850398866,2.96705972839036,1.258225108215002,1.216097968314082,1.405102864870341
0.0,3.14159265358979,0.0523598775598299,2.96705972839036,1.0368995739414344,0.9834706861071705,1.1523575152908485
0.0,3.14159265358979,0.0698131700797732,2.96705972839036,0.8172149008650349,0.768678387089637,0.9161160339273355
0.0,3.14159265358979,0.0872664625997165,2.96705972839036,0.6174859315531469,0.5804164238715175,0.6939515436594175
0.0,3.14159265358979,0.10471975511966,2.96705972839036,0.45356123366914847,0.4240619118964495,0.504467432425683
0.0,3.14159265358979,0.122173047639603,2.96705972839036,0.32319316506420404,0.3013621027551525,0.3489664147936885
0.0,3.14159265358979,0.139626340159546,2.96705972839036,0.2245703662122955,0.209252647439013,0.23127574906202802
0.0,3.14159265358979,0.15707963267949,2.96705972839036,0.1585276184760635,0.150153945774439,0.152408521435444
0.0,3.14159265358979,0.174532925199433,2.96705972839036,0.11832694939404259,0.1149213027885039,0.1063128005958348
0.0,3.14159265358979,0.191986217719376,2.96705972839036,0.09192888398507054,0.0917019790504664,0.0782547529038076
0.0,3.14159265358979,0.20943951023932,2.96705972839036,0.07365399089678851,0.07618630705762469,0.059988044483336556
0.0,3.14159265358979,0.226892802759263,2.96705972839036,0.06209701852703785,0.0662635487588406,0.048421615980108704
0.0,3.14159265358979,0.244346095279206,2.96705972839036,0.054406484916176404,0.0595917698958673,0.04083150362491395
0.0,3.14159265358979,0.261799387799149,2.96705972839036,0.04887282729371985,0.054948516303275546,0.0354865804581519
0.0,3.14159265358979,0.279252680319093,2.96705972839036,0.04479422744174365,0.05160784787070355,0.0316445903820991
0.0,3.14159265358979,0.296705972839036,2.96705972839036,0.04168057619511545,0.0489281326831605,0.028923003663881147
0.0,3.14159265358979,0.314159265358979,2.96705972839036,0.03902196999124045,0.04664008113182475,0.026777338661720752
0.0,3.14159265358979,0.331612557878923,2.96705972839036,0.036664048460497645,0.04459707470120215,0.024899998267394398
0.0,3.14159265358979,0.349065850398866,2.96705972839036,0.034796066371239,0.04294366094275055,0.0232174252482288
0.0,3.14159265358979,0.366519142918809,2.96705972839036,0.033306085624960804,0.04165133011460765,0.0219293837714967
0.0,3.14159265358979,0.383972435438752,2.96705972839036,0.031983997599762504,0.040594926230627854,0.020956462677404
0.0,3.14159265358979,0.401425727958696,2.96705972839036,0.03083221604069905,0.039673485351829255,0.02013763836370765
0.0,3.14159265358979,0.418879020478639,2.96705972839036,0.029843090244067998,0.0388448682255063,0.01945204820281945
0.0,3.14159265358979,0.436332312998582,2.96705972839036,0.0290902049394146,0.0381396813944844,0.0189517056246574
0.0,3.14159265358979,0.453785605518526,2.96705972839036,0.0284640260685202,0.0376236678651861,0.01840960287862055
0.0,3.14159265358979,0.471238898038469,2.96705972839036,0.0278965364337799,0.0371754111359721,0.017940261425623848
0.0,3.14159265358979,0.488692190558412,2.96705972839036,0.027407883685637,0.0368052906071284,0.01755267019253015
0.0,3.14159265358979,0.506145483078356,2.96705972839036,0.0269446653061107,0.03647654547720175,0.01718089146720645
0.0,3.14159265358979,0.523598775598299,2.96705972839036,0.02651784127106975,0.0361475900174799,0.0168796422464481
0.0,3.14159265358979,0.541052068118242,2.96705972839036,0.02617560566959275,0.0359559812404619,0.0166622396049071
0.0,3.14159265358979,0.558505360638185,2.96705972839036,0.0259060908652266,0.035825329491216154,0.0165997765202429
0.0,3.14159265358979,0.575958653158129,2.96705972839036,0.02573592900286795,0.03556624093511005,0.0166332511695101
0.0,3.14159265358979,0.593411945678072,2.96705972839036,0.02558359224191395,0.0353162722884945,0.0165347070556263
0.0,3.14159265358979,0.610865238198015,2.96705972839036,0.02542000129501655,0.0351822416908755,0.01635469247406195
0.0,3.14159265358979,0.628318530717959,2.96705972839036,0.02542019197041905,0.035020770052793096,0.0163445261870794
0.0,3.14159265358979,0.645771823237902,2.96705972839036,0.02542590766455905,0.0348563697770901,0.01632907861799055
0.0,3.14159265358979,0.663225115757845,2.96705972839036,0.025375005918595,0.034768327908985056,0.01620843295750915
0.0,3.14159265358979,0.680678408277788,2.96705972839036,0.025344655346849952,0.0346802333658996,0.0161684414510629
0.0,3.14159265358979,0.698131700797732,2.96705972839036,0.0252485300968829,0.0345832794239426,0.0161290316797471
0.0,3.14159265358979,0.715584993317675,2.96705972839036,0.02511599744103555,0.03456668594643915,0.0159122687879482
0.0,3.14159265358979,0.733038285837618,2.96705972839036,0.02504611247344065,0.034677930316659805,0.0157859542435606
0.0,3.14159265358979,0.750491578357562,2.96705972839036,0.0250064756072361,0.03470322545668205,0.015806987054109302
0.0,3.14159265358979,0.767944870877505,2.96705972839036,0.0249688694175801,0.03462014826465655,0.01582410111562435
0.0,3.14159265358979,0.785398163397448,2.96705972839036,0.0248621754886153,0.03448957762109315,0.015831272375815
0.0,3.14159265358979,0.802851455917391,2.96705972839036,0.02477842250530625,0.0343818315425973,0.0158644417689646
0.0,3.14159265358979,0.820304748437335,2.96705972839036,0.02471699811079665,0.0342240957293929,0.0157297380516048
0.0,3.14159265358979,0.837758040957278,2.96705972839036,0.0245928505323341,0.03406511131001765,0.01569876488168645
0.0,3.14159265358979,0.855211333477221,2.96705972839036,0.02443656637590445,0.03396899591465545,0.015759991672701902
0.0,3.14159265358979,0.872664625997165,2.96705972839036,0.02431928464468125,0.0339099923043453,0.015739995494904797
0.0,3.14159265358979,0.890117918517108,2.96705972839036,0.02428736300341655,0.03372824023727735,0.015585198241560499
0.0,3.14159265358979,0.907571211037051,2.96705972839036,0.024360363423434,0.03367351754450195,0.01544927827684155
0.0,3.14159265358979,0.925024503556995,2.96705972839036,0.0245204091210133,0.03389180061691115,0.015456954114975299
0.0,3.14159265358979,0.942477796076938,2.96705972839036,0.0245822435633241,0.03413329160713565,0.01526969531346515
0.0,3.14159265358979,0.959931088596881,2.96705972839036,0.02457454688755915,0.034190731522482,0.01546368005905865
0.0,3.14159265358979,0.977384381116825,2.96705972839036,0.024612300858701,0.033880374528474755,0.0156653354184241
0.0,3.14159265358979,0.994837673636768,2.96705972839036,0.024664393499771897,0.0334787420602188,0.015577065260053449
0.0,3.14159265358979,1.01229096615671,2.96705972839036,0.02457804895234755,0.0333331990739481,0.0152786221183245
0.0,3.14159265358979,1.02974425867665,2.96705972839036,0.02452313633595065,0.033477432744924,0.01506321328923845
0.0,3.14159265358979,1.0471975511966,2.96705972839036,0.02457918668724185,0.03357175930561445,0.015089862402958499
0.0,3.14159265358979,1.06465084371654,2.96705972839036,0.024663547020718497,0.03335146832036415,0.0151484194633293
0.0,3.14159265358979,1.08210413623648,2.96705972839036,0.024877313071370102,0.033346426296246304,0.01532074132514835
0.0,3.14159265358979,1.09955742875643,2.96705972839036,0.0249515949468275,0.033109099040231946,0.015447008119617248
0.0,3.14159265358979,1.11701072127637,2.96705972839036,0.024940997690764848,0.03320364746406875,0.01581331926738175
0.0,3.14159265358979,1.13446401379631,2.96705972839036,0.02470704828727805,0.032940462676609605,0.015834521692074797
0.0,3.14159265358979,1.15191730631626,2.96705972839036,0.0244972464145026,0.0328430393526383,0.015482374829060551
0.0,3.14159265358979,1.1693705988362,2.96705972839036,0.0241913633751492,0.03270638071067835,0.01521925804268805
0.0,3.14159265358979,1.18682389135614,2.96705972839036,0.02397415082399195,0.03250130978530015,0.015065965635020901
0.0,3.14159265358979,1.20427718387609,2.96705972839036,0.0238222769533383,0.032387219818430055,0.014879017655320449
0.0,3.14159265358979,1.22173047639603,2.96705972839036,0.0235499970081856,0.0321322830751875,0.01466895153210305
0.0,3.14159265358979,1.23918376891597,2.96705972839036,0.023321810318142552,0.0320124498583997,0.014596758853054548
0.0,3.14159265358979,1.25663706143592,2.96705972839036,0.0231728849766644,0.0318679044050536,0.014551033668008351
0.0,3.14159265358979,1.27409035395586,2.96705972839036,0.02308787920327295,0.0315939126096705,0.014555449899058201
0.0,3.14159265358979,1.2915436464758,2.96705972839036,0.02301838087466785,0.03143282559061185,0.01463612319455245
0.0,3.14159265358979,1.30899693899575,2.96705972839036,0.02271404177931135,0.031005848956578153,0.014499057046954901
0.0,3.14159265358979,1.32645023151569,2.96705972839036,0.02135293721484055,0.029240723365116253,0.01369559400344215
0.0,3.14159265358979,1.34390352403563,2.96705972839036,0.019823049558566147,0.0272288864019744,0.012741790777584201
0.0,3.14159265358979,1.36135681655558,2.96705972839036,0.018288990565025,0.0251912679528998,0.011753753162905601
0.0,3.14159265358979,1.37881010907552,2.96705972839036,0.0167521922506925,0.02313190844389295,0.01073997034663755
0.0,3.14159265358979,1.39626340159546,2.96705972839036,0.0152154329341109,0.021058234860792252,0.009715048524773964
0.0,3.14159265358979,1.41371669411541,2.96705972839036,0.013717048203578351,0.01880623992527425,0.00876500744928559
0.0,3.14159265358979,1.43116998663535,2.96705972839036,0.0121998908623334,0.0167177365446094,0.007826520412238995
0.0,3.14159265358979,1.44862327915529,2.96705972839036,0.010671207169330801,0.014666245215768349,0.006855942787869889
0.0,3.14159265358979,1.46607657167524,2.96705972839036,0.00914143643953589,0.012597640339622851,0.005869200255657155
0.0,3.14159265358979,1.48352986419518,2.96705972839036,0.0076118158347956,0.010515399313991699,0.0048735690418064
0.0,3.14159265358979,1.50098315671512,2.96705972839036,0.00608384386587764,0.00842364461917634,0.00387745692625784
0.0,3.14159265358979,1.51843644923507,2.96705972839036,0.004569593201308365,0.00628057638000542,0.0029191101888000597
0.0,3.14159265358979,1.53588974175501,2.96705972839036,0.003048372162074365,0.004179083268842055,0.001955414327523295
0.0,3.14159265358979,1.55334303427495,2.96705972839036,0.001522550460762725,0.00209259346350428,0.000977756416336754
0.0,3.14159265358979,1.5707963267949,2.96705972839036,0.0009820254481595664,0.001350403974926475,0.0006315370462029505
0.0,3.14159265358979,0.0174532925199433,3.14159265358979,1.4211676708259064,1.4021283677738239,1.5746635940740248
0.0,3.14159265358979,0.0349065850398866,3.14159265358979,1.27598989868251,1.233677921552607,1.417095118854831
0.0,3.14159265358979,0.0523598775598299,3.14159265358979,1.0389836273905586,0.9808520266637469,1.129982750873556
0.0,3.14159265358979,0.0698131700797732,3.14159265358979,0.8131637616756295,0.7608555280653445,0.887008412868429
0.0,3.14159265358979,0.0872664625997165,3.14159265358979,0.6105207465311611,0.5707106044997485,0.670144976805336
0.0,3.14159265358979,0.10471975511966,3.14159265358979,0.438487142892016,0.4080115596528645,0.475523482440535
0.0,3.14159265358979,0.122173047639603,3.14159265358979,0.311509120974356,0.29054921976117454,0.32573706576917
0.0,3.14159265358979,0.139626340159546,3.14159265358979,0.218492946039924,0.204070954874362,0.2193424592890355
0.0,3.14159265358979,0.15707963267949,3.14159265358979,0.1508903260532085,0.14218861102282848,0.14170280900847299
0.0,3.14159265358979,0.174532925199433,3.14159265358979,0.1106195680425712,0.1071975730523714,0.09478855961070864
0.0,3.14159265358979,0.191986217719376,3.14159265358979,0.0863194399839854,0.08691720958165755,0.07027433373091925
0.0,3.14159265358979,0.20943951023932,3.14159265358979,0.07132531717296214,0.0744604060245754,0.0561004694165416
0.0,3.14159265358979,0.226892802759263,3.14159265358979,0.0613278222177906,0.0660606399354341,0.04673652861936805
0.0,3.14159265358979,0.244346095279206,3.14159265358979,0.0542124233307189,0.05965008744486605,0.03984875801154025
0.0,3.14159265358979,0.261799387799149,3.14159265358979,0.0490899467145792,0.054845179945679154,0.0347028221770751
0.0,3.14159265358979,0.279252680319093,3.14159265358979,0.04505000089274375,0.05148346088379735,0.03099452906511145
0.0,3.14159265358979,0.296705972839036,3.14159265358979,0.04151084242548635,0.0486784376336291,0.02818937379043005
0.0,3.14159265358979,0.314159265358979,3.14159265358979,0.038664592175025395,0.0462148843959483,0.02598251616762845
0.0,3.14159265358979,0.331612557878923,3.14159265358979,0.0366497104816762,0.044516159875581454,0.02448148085990405
0.0,3.14159265358979,0.349065850398866,3.14159265358979,0.03507707674104735,0.0432778799817619,0.02322140562050585
0.0,3.14159265358979,0.366519142918809,3.14159265358979,0.03363581382358115,0.04208292834817935,0.021938995050124997
0.0,3.14159265358979,0.383972435438752,3.14159265358979,0.0322637923421217,0.04104424792359925,0.020802630541293
0.0,3.14159265358979,0.401425727958696,3.14159265358979,0.03110050116214765,0.0400839867737686,0.019995519300643548
0.0,3.14159265358979,0.418879020478639,3.14159265358979,0.030123802705608597,0.03908313385253265,0.0192939211304431
0.0,3.14159265358979,0.436332312998582,3.14159265358979,0.029194986751081002,0.0383815954855743,0.01868048442925965
0.0,3.14159265358979,0.453785605518526,3.14159265358979,0.0285942910963891,0.03802891550444926,0.01814269290332755
0.0,3.14159265358979,0.471238898038469,3.14159265358979,0.0280057882449889,0.0375789294815638,0.01772392817672205
0.0,3.14159265358979,0.488692190558412,3.14159265358979,0.027563699601439798,0.03711565547316585,0.01749055113423155
0.0,3.14159265358979,0.506145483078356,3.14159265358979,0.0271578277592097,0.03658019876511165,0.01721347346127955
0.0,3.14159265358979,0.523598775598299,3.14159265358979,0.02677959067358155,0.03655398581742825,0.016878495680027097
0.0,3.14159265358979,0.541052068118242,3.14159265358979,0.02641707677497555,0.036439359412074046,0.01681061567978695
0.0,3.14159265358979,0.558505360638185,3.14159265358979,0.02622298725603185,0.03616074626931905,0.0167644444053957
0.0,3.14159265358979,0.575958653158129,3.14159265358979,0.02610773335464275,0.036046697638214956,0.01659875947614255
0.0,3.14159265358979,0.593411945678072,3.14159265358979,0.0258820851290545,0.03580390976383255,0.01642031996550665
0.0,3.14159265358979,0.610865238198015,3.14159265358979,0.0256486414033857,0.03551716804631905,0.016273502708679853
0.0,3.14159265358979,0.628318530717959,3.14159265358979,0.0255779336620034,0.03549576305017515,0.0161677392299402
0.0,3.14159265358979,0.645771823237902,3.14159265358979,0.02555395876667885,0.035381230537357145,0.0160774996550852
0.0,3.14159265358979,0.663225115757845,3.14159265358979,0.0255994084129541,0.035249456660219655,0.015991234574203497
0.0,3.14159265358979,0.680678408277788,3.14159265358979,0.025735730405533702,0.035172410846380855,0.01585567810784955
0.0,3.14159265358979,0.698131700797732,3.14159265358979,0.0255973167822763,0.03508481346319025,0.015830197970717
0.0,3.14159265358979,0.715584993317675,3.14159265358979,0.025539614939545797,0.035235801031001004,0.015888041248316498
0.0,3.14159265358979,0.733038285837618,3.14159265358979,0.0255822750461252,0.0351951498870367,0.01597876900176325
0.0,3.14159265358979,0.750491578357562,3.14159265358979,0.0256044075691764,0.0352014631708854,0.01603021230443715
0.0,3.14159265358979,0.767944870877505,3.14159265358979,0.02550514668213575,0.035013298517459,0.015909850288160297
0.0,3.14159265358979,0.785398163397448,3.14159265358979,0.0252886778369983,0.03491928737816025,0.01588432979634735
0.0,3.14159265358979,0.802851455917391,3.14159265358979,0.0252117499197075,0.034983597722221954,0.015928466349595452
0.0,3.14159265358979,0.820304748437335,3.14159265358979,0.024823280150583,0.0347015720611224,0.01594594283741405
0.0,3.14159265358979,0.837758040957278,3.14159265358979,0.02482711306994375,0.034725860463480404,0.01580222555122135
0.0,3.14159265358979,0.855211333477221,3.14159265358979,0.024691055567776052,0.0344348376160118,0.01549817145088375
0.0,3.14159265358979,0.872664625997165,3.14159265358979,0.024869176226853848,0.03446077704301595,0.015440046892574
0.0,3.14159265358979,0.890117918517108,3.14159265358979,0.024964930104473,0.0344349696327119,0.01539786088103375
0.0,3.14159265358979,0.907571211037051,3.14159265358979,0.025039198817469,0.03435830742676385,0.015469342660330801
0.0,3.14159265358979,0.925024503556995,3.14159265358979,0.0249547749276217,0.0344630757873385,0.01556866944316075
0.0,3.14159265358979,0.942477796076938,3.14159265358979,0.0248254829654002,0.03458644535986685,0.015251370547669299
0.0,3.14159265358979,0.959931088596881,3.14159265358979,0.0245364894099701,0.034613864746179404,0.015119015347193801
0.0,3.14159265358979,0.977384381116825,3.14159265358979,0.02430813311076915,0.034573613287829805,0.0154684827002143
0.0,3.14159265358979,0.994837673636768,3.14159265358979,0.02436768513771695,0.0344910795651388,0.0156536708547262
0.0,3.14159265358979,1.01229096615671,3.14159265358979,0.02441936287816395,0.034340940457701905,0.015590149207826549
0.0,3.14159265358979,1.02974425867665,3.14159265358979,0.024431905122874797,0.033944806138639344,0.015380855217
0.0,3.14159265358979,1.0471975511966,3.14159265358979,0.02463377592269595,0.0339690332998311,0.015480093151710051
0.0,3.14159265358979,1.06465084371654,3.14159265358979,0.0246706689077466,0.03393294418741985,0.015486255085408851
0.0,3.14159265358979,1.08210413623648,3.14159265358979,0.02479762050749635,0.034242331541831095,0.01562286428064785
0.0,3.14159265358979,1.09955742875643,3.14159265358979,0.02489468319671395,0.034184310418352945,0.015636078208455
0.0,3.14159265358979,1.11701072127637,3.14159265358979,0.024902844001074648,0.03401433579254625,0.0156538053910933
0.0,3.14159265358979,1.13446401379631,3.14159265358979,0.02498501847792655,0.0339494008262224,0.01557285485688955
0.0,3.14159265358979,1.15191730631626,3.14159265358979,0.02479216570256155,0.03365033332247095,0.0156124405587519
0.0,3.14159265358979,1.1693705988362,3.14159265358979,0.024871086273934202,0.03373995965058235,0.0153263100223142
0.0,3.14159265358979,1.18682389135614,3.14159265358979,0.02479769040498865,0.0336929188078073,0.015180855087261701
0.0,3.14159265358979,1.20427718387609,3.14159265358979,0.0245379736807101,0.03341832271115275,0.015106704301942251
0.0,3.14159265358979,1.22173047639603,3.14159265358979,0.02442930449096465,0.03316409765516225,0.0150621552193883
0.0,3.14159265358979,1.23918376891597,3.14159265358979,0.02438257071892625,0.0328948922902814,0.01502938963041765
0.0,3.14159265358979,1.25663706143592,3.14159265358979,0.0241561779514863,0.032560917238139406,0.01517818684345945
0.0,3.14159265358979,1.27409035395586,3.14159265358979,0.0240284871507078,0.0324533773675363,0.01537258294512865
0.0,3.14159265358979,1.2915436464758,3.14159265358979,0.023849406840821152,0.032224578047036295,0.0154938680499855
0.0,3.14159265358979,1.30899693899575,3.14159265358979,0.023738095396270698,0.0320885210791247,0.01558133225062395
0.0,3.14159265358979,1.32645023151569,3.14159265358979,0.022155555703186,0.0299492863405164,0.01454257676724905
0.0,3.14159265358979,1.34390352403563,3.14159265358979,0.0205730160101013,0.02781005160190805,0.0135038212838741
0.0,3.14159265358979,1.36135681655558,3.14159265358979,0.01899047631701655,0.02567081686329975,0.01246506580049915
0.0,3.14159265358979,1.37881010907552,3.14159265358979,0.01740793662393185,0.02353158212469145,0.011426310317124249
0.0,3.14159265358979,1.39626340159546,3.14159265358979,0.01582539693084715,0.021392347386083102,0.010387554833749299
0.0,3.14159265358979,1.41371669411541,3.14159265358979,0.01424285723776245,0.0192531126474748,0.009348799350374375
0.0,3.14159265358979,1.43116998663535,3.14159265358979,0.0126603175446777,0.0171138779088665,0.008310043866999444
0.0,3.14159265358979,1.44862327915529,3.14159265358979,0.011077777851593,0.01497464317025815,0.007271288383624515
0.0,3.14159265358979,1.46607657167524,3.14159265358979,0.009495238158508279,0.0128354084316499,0.00623253290024959
0.0,3.14159265358979,1.48352986419518,3.14159265358979,0.007912698465423581,0.010696173693041551,0.005193777416874655
0.0,3.14159265358979,1.50098315671512,3.14159265358979,0.006330158772338845,0.008556938954433244,0.00415502193349972
0.0,3.14159265358979,1.51843644923507,3.14159265358979,0.00474761907925414,0.00641770421582492,0.0031162664501247998
0.0,3.14159265358979,1.53588974175501,3.14159265358979,0.00316507938616942,0.004278469477216615,0.002077510966749855
0.0,3.14159265358979,1.55334303427495,3.14159265358979,0.001582539693084705,0.002139234738608295,0.001038755483374925
0.0,3.14159265358979,1.5707963267949,3.14159265358979,-4.0115480381963695e-18,-1.51788304147971e-17,3.469446951953613e-18
0.0,3.14159265358979,0.0174532925199433,3.31612557878923,1.4178343827113609,1.401352921782848,1.5668755282796152
0.0,3.14159265358979,0.0349065850398866,3.31612557878923,1.262035985546231,1.224893843340229,1.3963423497900869
0.0,3.14159265358979,0.0523598775598299,3.31612557878923,1.0151912257122595,0.961343128259717,1.0986334709910215
0.0,3.14159265358979,0.0698131700797732,3.31612557878923,0.782949256573735,0.7331302816986636,0.840408189743405
0.0,3.14159265358979,0.0872664625997165,3.31612557878923,0.5885804834931455,0.5495250839516725,0.628773731820288
0.0,3.14159265358979,0.10471975511966,3.31612557878923,0.4290126095676675,0.401766075149782,0.456136676900032
0.0,3.14159265358979,0.122173047639603,3.31612557878923,0.306685719623993,0.28760461834880546,0.31653259963993896
0.0,3.14159265358979,0.139626340159546,3.31612557878923,0.2175825430986745,0.20308344970721448,0.2123831338171015
0.0,3.14159265358979,0.15707963267949,3.31612557878923,0.153503905940228,0.143835296879971,0.1392265605485665
0.0,3.14159265358979,0.174532925199433,3.31612557878923,0.11342289926910851,0.1081223129786373,0.0935310043943646
0.0,3.14159265358979,0.191986217719376,3.31612557878923,0.08851466749679196,0.08794459278011225,0.06959181560730075
0.0,3.14159265358979,0.20943951023932,3.31612557878923,0.0720786832221978,0.07488445046824799,0.05599323583121435
0.0,3.14159265358979,0.226892802759263,3.31612557878923,0.0614187978315857,0.06590895177632325,0.0463891956776214
0.0,3.14159265358979,0.244346095279206,3.31612557878923,0.05421641249998075,0.05958835013408745,0.0394011316848886
0.0,3.14159265358979,0.261799387799149,3.31612557878923,0.04902088055971775,0.054954056310129853,0.0343975643607709
0.0,3.14159265358979,0.279252680319093,3.31612557878923,0.0450123598390613,0.05153678268026565,0.030821598484568898
0.0,3.14159265358979,0.296705972839036,3.31612557878923,0.0416910214169531,0.048784336684969704,0.0280322006522064
0.0,3.14159265358979,0.314159265358979,3.31612557878923,0.0389618997541357,0.04654553484431505,0.025750415407859897
0.0,3.14159265358979,0.331612557878923,3.31612557878923,0.0367552222893952,0.0446544628672637,0.02397726167592735
0.0,3.14159265358979,0.349065850398866,3.31612557878923,0.03498304513940995,0.043207325096766405,0.022583725621832453
0.0,3.14159265358979,0.366519142918809,3.31612557878923,0.03354475272268585,0.042086556024421004,0.0216009257548092
0.0,3.14159265358979,0.383972435438752,3.31612557878923,0.0322445249212755,0.04102144802387,0.020871344117263803
0.0,3.14159265358979,0.401425727958696,3.31612557878923,0.0312134471744413,0.040111622569168906,0.020110994500221
0.0,3.14159265358979,0.418879020478639,3.31612557878923,0.030285757956998602,0.03923261185653465,0.01944023044723735
0.0,3.14159265358979,0.436332312998582,3.31612557878923,0.02951206804997605,0.038552770766514,0.0188851351805755
0.0,3.14159265358979,0.453785605518526,3.31612557878923,0.0288329483499569,0.03805426939412365,0.018425551771344903
0.0,3.14159265358979,0.471238898038469,3.31612557878923,0.028194388172912997,0.03763654026798735,0.01797860271474215
0.0,3.14159265358979,0.488692190558412,3.31612557878923,0.02765673034325255,0.03729601462204675,0.0176059801000072
0.0,3.14159265358979,0.506145483078356,3.31612557878923,0.0272206291302154,0.036925520969203096,0.017313576590153548
0.0,3.14159265358979,0.523598775598299,3.31612557878923,0.02688070556042975,0.03653558423103995,0.01697233981455695
0.0,3.14159265358979,0.541052068118242,3.31612557878923,0.02655468032345505,0.036352409079199746,0.01671702280851485
0.0,3.14159265358979,0.558505360638185,3.31612557878923,0.0262779651505932,0.03619888412325545,0.01662087463967045
0.0,3.14159265358979,0.575958653158129,3.31612557878923,0.026152152319695948,0.035977769749024904,0.01651820536982515
0.0,3.14159265358979,0.593411945678072,3.31612557878923,0.0261007818864182,0.03593858483563725,0.0163728695703362
0.0,3.14159265358979,0.610865238198015,3.31612557878923,0.02601396642765895,0.0359795470320506,0.0163250689870068
0.0,3.14159265358979,0.628318530717959,3.31612557878923,0.025943261003846002,0.03584289225722765,0.016293522244708203
0.0,3.14159265358979,0.645771823237902,3.31612557878923,0.0258744869811941,0.03564378939161695,0.01618588513272115
0.0,3.14159265358979,0.663225115757845,3.31612557878923,0.02581659319279135,0.03550469033259115,0.0160820433971106
0.0,3.14159265358979,0.680678408277788,3.31612557878923,0.0257848354817425,0.0354438341855543,0.015955095253828
0.0,3.14159265358979,0.698131700797732,3.31612557878923,0.02571045937622605,0.0354002371015784,0.01583029171748125
0.0,3.14159265358979,0.715584993317675,3.31612557878923,0.0256513311125283,0.03525126073597315,0.0157861040318422
0.0,3.14159265358979,0.733038285837618,3.31612557878923,0.02562782926146975,0.0352272236665126,0.0158297116447494
0.0,3.14159265358979,0.750491578357562,3.31612557878923,0.02552039496363645,0.0352148854170944,0.0158470374280373
0.0,3.14159265358979,0.767944870877505,3.31612557878923,0.0254390626449757,0.0351727850302639,0.01578410171079205
0.0,3.14159265358979,0.785398163397448,3.31612557878923,0.02540393119426515,0.035116330768803355,0.01579082630422295
0.0,3.14159265358979,0.802851455917391,3.31612557878923,0.02535657047395115,0.035030594438780746,0.0157356423772384
0.0,3.14159265358979,0.820304748437335,3.31612557878923,0.0252447600038476,0.03480547112027295,0.015586652230985001
0.0,3.14159265358979,0.837758040957278,3.31612557878923,0.025135793101891853,0.0347031483477009,0.0153969311186697
0.0,3.14159265358979,0.855211333477221,3.31612557878923,0.025138946947007502,0.0346481764523678,0.01524618187190185
0.0,3.14159265358979,0.872664625997165,3.31612557878923,0.02522385717403615,0.0347706331250401,0.0153726703006829
0.0,3.14159265358979,0.890117918517108,3.31612557878923,0.02539535487204385,0.034732660682278746,0.0155151079809113
0.0,3.14159265358979,0.907571211037051,3.31612557878923,0.02550987702667485,0.0345947937746469,0.0154638644477448
0.0,3.14159265358979,0.925024503556995,3.31612557878923,0.025508219625109553,0.03463164806959505,0.015249995468697
0.0,3.14159265358979,0.942477796076938,3.31612557878923,0.0254894477981805,0.0347215340519194,0.015165985074286799
0.0,3.14159265358979,0.959931088596881,3.31612557878923,0.02538382203822765,0.03486923610641675,0.0152281127656705
0.0,3.14159265358979,0.977384381116825,3.31612557878923,0.02531854562985155,0.035011186553940296,0.01538374511224615
0.0,3.14159265358979,0.994837673636768,3.31612557878923,0.025229155818503102,0.034946284538549297,0.0156223970874887
0.0,3.14159265358979,1.01229096615671,3.31612557878923,0.025041184209084653,0.03486855923837285,0.01569594486090655
0.0,3.14159265358979,1.02974425867665,3.31612557878923,0.025096462312705,0.034777751745336,0.015469322041294
0.0,3.14159265358979,1.0471975511966,3.31612557878923,0.025015495375105598,0.03465555961127475,0.01538070296524735
0.0,3.14159265358979,1.06465084371654,3.31612557878923,0.02489618097180745,0.0345993094037857,0.0154125825125118
0.0,3.14159265358979,1.08210413623648,3.31612557878923,0.024783475774698353,0.034696684990305704,0.0153586438258204
0.0,3.14159265358979,1.09955742875643,3.31612557878923,0.024770880370063253,0.0345436382911486,0.0152505329389933
0.0,3.14159265358979,1.11701072127637,3.31612557878923,0.0249632397461184,0.0344544979200177,0.015149792949541701
0.0,3.14159265358979,1.13446401379631,3.31612557878923,0.0249143796837036,0.0340845748479855,0.015078719736410649
0.0,3.14159265358979,1.15191730631626,3.31612557878923,0.02498909029576655,0.034114878855181496,0.015188008570271552
0.0,3.14159265358979,1.1693705988362,3.31612557878923,0.0250293835973916,0.0340791641807476,0.0152722427762896
0.0,3.14159265358979,1.18682389135614,3.31612557878923,0.025030507100347148,0.03396433093178435,0.01535500706419455
0.0,3.14159265358979,1.20427718387609,3.31612557878923,0.02508267349865475,0.0339028276194272,0.01539024149978255
0.0,3.14159265358979,1.22173047639603,3.31612557878923,0.02501109075820885,0.0336531565495648,0.01534257726373295
0.0,3.14159265358979,1.23918376891597,3.31612557878923,0.0249842471408563,0.03343781287152135,0.0153968200125294
0.0,3.14159265358979,1.25663706143592,3.31612557878923,0.0249164004437401,0.0332223785682319,0.0154845452141772
0.0,3.14159265358979,1.27409035395586,3.31612557878923,0.0248846184864453,0.033064057396748295,0.0154515057471767
0.0,3.14159265358979,1.2915436464758,3.31612557878923,0.0248602460163349,0.0329745255783932,0.015360531211715801
0.0,3.14159265358979,1.30899693899575,3.31612557878923,0.0246188931057863,0.0326163099267288,0.01528260156024985
0.0,3.14159265358979,1.32645023151569,3.31612557878923,0.0231184064325647,0.0307067173630108,0.0143873670942382
0.0,3.14159265358979,1.34390352403563,3.31612557878923,0.021437491452405602,0.02855246783578075,0.0133499224811972
0.0,3.14159265358979,1.36135681655558,3.31612557878923,0.01976581467567455,0.02639591837499675,0.0123037600934148
0.0,3.14159265358979,1.37881010907552,3.31612557878923,0.01810216644665455,0.02423621894144315,0.011251773351994902
0.0,3.14159265358979,1.39626340159546,3.31612557878923,0.016444597805747148,0.02207222382613345,0.010198731580935524
0.0,3.14159265358979,1.41371669411541,3.31612557878923,0.01485733650811105,0.019761908504296252,0.00922853051122905
0.0,3.14159265358979,1.43116998663535,3.31612557878923,0.01320593602079425,0.01755152704377785,0.008218632380829195
0.0,3.14159265358979,1.44862327915529,3.31612557878923,0.01153973774923055,0.0153785810015812,0.007184110337638135
0.0,3.14159265358979,1.46607657167524,3.31612557878923,0.009880212071378815,0.013201568012856001,0.0061469980703180455
0.0,3.14159265358979,1.48352986419518,3.31612557878923,0.008226326031863625,0.01101976861481425,0.005109768730930371
0.0,3.14159265358979,1.50098315671512,3.31612557878923,0.006576915055653965,0.008832421032995445,0.00407523425943111
0.0,3.14159265358979,1.51843644923507,3.31612557878923,0.00494673140319448,0.00659545262673656,0.00307129661627818
0.0,3.14159265358979,1.53588974175501,3.31612557878923,0.003299459054577865,0.004387065772425795,0.002053194013077395
0.0,3.14159265358979,1.55334303427495,3.31612557878923,0.0016466019162511849,0.002194478542894075,0.0010248790102338349
0.0,3.14159265358979,1.5707963267949,3.31612557878923,0.0010616191644913851,0.0014154074027039549,0.0006611760389909675
0.0,3.14159265358979,0.0174532925199433,3.49065850398866,1.4147280484037794,1.401570668679058,1.558163044838235
0.0,3.14159265358979,0.0349065850398866,3.49065850398866,1.2595166722976434,1.228743732319296,1.387906217162796
0.0,3.14159265358979,0.0523598775598299,3.49065850398866,1.014275474550543,0.967018308600836,1.0948473575829265
0.0,3.14159265358979,0.0698131700797732,3.49065850398866,0.770800207330107,0.7274270219012444,0.8233397880515765
0.0,3.14159265358979,0.0872664625997165,3.49065850398866,0.5749009646730775,0.541992360441519,0.6089557825025269
0.0,3.14159265358979,0.10471975511966,3.49065850398866,0.42257548280491053,0.397947712677714,0.440578844887532
0.0,3.14159265358979,0.122173047639603,3.49065850398866,0.3072447291740295,0.2884159696912795,0.3095727363270995
0.0,3.14159265358979,0.139626340159546,3.49065850398866,0.222205795967152,0.20788107884755952,0.209875887942612
0.0,3.14159265358979,0.15707963267949,3.49065850398866,0.16134003566862098,0.15167281059439,0.141571905350042
0.0,3.14159265358979,0.174532925199433,3.49065850398866,0.120215810358654,0.11554819580620601,0.10067610321585405
0.0,3.14159265358979,0.191986217719376,3.49065850398866,0.0933841771875855,0.09275261268295559,0.07562422383941485
0.0,3.14159265358979,0.20943951023932,3.49065850398866,0.0751437078730901,0.07748338117164935,0.0591078300362042
0.0,3.14159265358979,0.226892802759263,3.49065850398866,0.06258500372249215,0.0668927736510267,0.04736004439546395
0.0,3.14159265358979,0.244346095279206,3.49065850398866,0.0547904341903317,0.0599853385779053,0.0395676992304929
0.0,3.14159265358979,0.261799387799149,3.49065850398866,0.04942085117447105,0.05523205993593935,0.0344455041894327
0.0,3.14159265358979,0.279252680319093,3.49065850398866,0.04521272152317225,0.0519140921098295,0.0308806994726529
0.0,3.14159265358979,0.296705972839036,3.49065850398866,0.041849644615574305,0.04922053781260085,0.0280189547434655
0.0,3.14159265358979,0.314159265358979,3.49065850398866,0.03926842944145085,0.0468542439799228,0.0257795214660356
0.0,3.14159265358979,0.331612557878923,3.49065850398866,0.037052074346170055,0.04491579196134115,0.02409156254669815
0.0,3.14159265358979,0.349065850398866,3.49065850398866,0.0352115278491449,0.0433347856639876,0.022751038062485247
0.0,3.14159265358979,0.366519142918809,3.49065850398866,0.03363040480789255,0.0420797035730722,0.021611515442523148
0.0,3.14159265358979,0.383972435438752,3.49065850398866,0.03240697793888225,0.0410876138368762,0.0206934440872488
0.0,3.14159265358979,0.401425727958696,3.49065850398866,0.031405407809560804,0.04021720910832295,0.0199303887150023
0.0,3.14159265358979,0.418879020478639,3.49065850398866,0.0305797023685569,0.03960753883606945,0.0193431129155438
0.0,3.14159265358979,0.436332312998582,3.49065850398866,0.0298118136879235,0.03913599960778815,0.018925692851542948
0.0,3.14159265358979,0.453785605518526,3.49065850398866,0.0291644731818319,0.038676707838898705,0.0184969326004283
0.0,3.14159265358979,0.471238898038469,3.49065850398866,0.028583907615664803,0.03821591494798145,0.0180726030068774
0.0,3.14159265358979,0.488692190558412,3.49065850398866,0.02801214772000485,0.0378294593622496,0.01786704742471145
0.0,3.14159265358979,0.506145483078356,3.49065850398866,0.02750824263708245,0.03746653368027085,0.01774797096079535
0.0,3.14159265358979,0.523598775598299,3.49065850398866,0.02716933092566355,0.0370578166125118,0.0174485218299636
0.0,3.14159265358979,0.541052068118242,3.49065850398866,0.02693210418278695,0.0367656147314154,0.01717664467639345
0.0,3.14159265358979,0.558505360638185,3.49065850398866,0.0267035228043045,0.03657001385438635,0.0168981699832353
0.0,3.14159265358979,0.575958653158129,3.49065850398866,0.0265803376673375,0.03634208699888315,0.01665802695500755
0.0,3.14159265358979,0.593411945678072,3.49065850398866,0.0264036173847598,0.0361678760686535,0.01665972550025855
0.0,3.14159265358979,0.610865238198015,3.49065850398866,0.0261870063057712,0.0360895795210859,0.0165202386634278
0.0,3.14159265358979,0.628318530717959,3.49065850398866,0.02606222598238385,0.035978480069397606,0.01629019029775705
0.0,3.14159265358979,0.645771823237902,3.49065850398866,0.025921805015079548,0.03576088524347615,0.0162980806207748
0.0,3.14159265358979,0.663225115757845,3.49065850398866,0.02576565985690485,0.03552387214020785,0.01625904079974045
0.0,3.14159265358979,0.680678408277788,3.49065850398866,0.02577439006804805,0.0355347499734939,0.016018939898247403
0.0,3.14159265358979,0.698131700797732,3.49065850398866,0.02580700108840115,0.03559005463718875,0.0159927141468725
0.0,3.14159265358979,0.715584993317675,3.49065850398866,0.0256740948991276,0.035460566816073,0.0159703152568636
0.0,3.14159265358979,0.733038285837618,3.49065850398866,0.025527113681487197,0.03527381081464445,0.01587944291030785
0.0,3.14159265358979,0.750491578357562,3.49065850398866,0.025446552420662447,0.0351485270772572,0.01567645277245195
0.0,3.14159265358979,0.767944870877505,3.49065850398866,0.02541466225512,0.035213515025768555,0.0154955413333777
0.0,3.14159265358979,0.785398163397448,3.49065850398866,0.0253346319696442,0.035199935043557104,0.01543041050955615
0.0,3.14159265358979,0.802851455917391,3.49065850398866,0.0254052528202034,0.035199855312849845,0.0154044836752952
0.0,3.14159265358979,0.820304748437335,3.49065850398866,0.02540754462935835,0.035054826774112896,0.01556568850146925
0.0,3.14159265358979,0.837758040957278,3.49065850398866,0.0252471026906832,0.0348290830126657,0.015571853136436348
0.0,3.14159265358979,0.855211333477221,3.49065850398866,0.02520038188093695,0.03477655520659965,0.01563775941364115
0.0,3.14159265358979,0.872664625997165,3.49065850398866,0.0254584546028504,0.034894428642400305,0.015611425598596249
0.0,3.14159265358979,0.890117918517108,3.49065850398866,0.02555425941632785,0.03486292621907475,0.015718330433418498
0.0,3.14159265358979,0.907571211037051,3.49065850398866,0.025462440970369003,0.03500994160343375,0.0157089685287376
0.0,3.14159265358979,0.925024503556995,3.49065850398866,0.02547650267451565,0.03496619645566055,0.01542239183332075
0.0,3.14159265358979,0.942477796076938,3.49065850398866,0.0254187182467167,0.034852629596074255,0.01543654709326165
0.0,3.14159265358979,0.959931088596881,3.49065850398866,0.0252351130941253,0.034811277097284446,0.01553104966206615
0.0,3.14159265358979,0.977384381116825,3.49065850398866,0.02508407420073815,0.03497097790714815,0.0155785772204733
0.0,3.14159265358979,0.994837673636768,3.49065850398866,0.02502416805103675,0.035024517679903555,0.0154314644131736
0.0,3.14159265358979,1.01229096615671,3.49065850398866,0.025011386682477897,0.0348911803018718,0.015220940853075151
0.0,3.14159265358979,1.02974425867665,3.49065850398866,0.02503524394731435,0.034773891794859,0.01514610594992655
0.0,3.14159265358979,1.0471975511966,3.49065850398866,0.0250447294593831,0.034743100216997946,0.0153655358925045
0.0,3.14159265358979,1.06465084371654,3.49065850398866,0.02505929399131535,0.034753187891037554,0.015423463653179498
0.0,3.14159265358979,1.08210413623648,3.49065850398866,0.0251199089687165,0.034744826060051553,0.01528574737918055
0.0,3.14159265358979,1.09955742875643,3.49065850398866,0.025175407051977752,0.03466399536664485,0.0150688866545839
0.0,3.14159265358979,1.11701072127637,3.49065850398866,0.02497652061841995,0.034471887458803,0.01495649575076775
0.0,3.14159265358979,1.13446401379631,3.49065850398866,0.024950969325470702,0.0346198586557631,0.01515688155220785
0.0,3.14159265358979,1.15191730631626,3.49065850398866,0.0248261383961333,0.0345309891246698,0.015255613095268999
0.0,3.14159265358979,1.1693705988362,3.49065850398866,0.02482942369024765,0.034621767537685255,0.0154478415845963
0.0,3.14159265358979,1.18682389135614,3.49065850398866,0.02486726351034725,0.03468647166750395,0.015411496808156
0.0,3.14159265358979,1.20427718387609,3.49065850398866,0.02484832629294,0.034488058610576605,0.015466511930980451
0.0,3.14159265358979,1.22173047639603,3.49065850398866,0.02479921905956645,0.034474844864041246,0.01547728625480455
0.0,3.14159265358979,1.23918376891597,3.49065850398866,0.02479484983591415,0.03426838774124575,0.01538955382999365
0.0,3.14159265358979,1.25663706143592,3.49065850398866,0.024718776227651097,0.034065388324883705,0.015314666528399
0.0,3.14159265358979,1.27409035395586,3.49065850398866,0.0245687475561636,0.0338325752342081,0.0152177721308854
0.0,3.14159265358979,1.2915436464758,3.49065850398866,0.0245634074324889,0.0336780481031263,0.01522831221844275
0.0,3.14159265358979,1.30899693899575,3.49065850398866,0.0241758221079257,0.03307250782992155,0.01500711635142265
0.0,3.14159265358979,1.32645023151569,3.49065850398866,0.022945432397209697,0.03140764843814465,0.01426189867031635
0.0,3.14159265358979,1.34390352403563,3.49065850398866,0.021318838964398498,0.029133124988578,0.013283580163407149
0.0,3.14159265358979,1.36135681655558,3.49065850398866,0.019670798815951247,0.0268617354562923,0.0122515996771533
0.0,3.14159265358979,1.37881010907552,3.49065850398866,0.01802994671283225,0.0246770833383622,0.011209500150951051
0.0,3.14159265358979,1.39626340159546,3.49065850398866,0.016397641685695498,0.022411810989490952,0.01021482328975555
0.0,3.14159265358979,1.41371669411541,3.49065850398866,0.0147461446284699,0.0201845210513674,0.009161585918191025
0.0,3.14159265358979,1.43116998663535,3.49065850398866,0.013113151077491302,0.01794537566344975,0.008154090698613545
0.0,3.14159265358979,1.44862327915529,3.49065850398866,0.01147959548837035,0.015683723913511402,0.00715519018788341
0.0,3.14159265358979,1.46607657167524,3.49065850398866,0.00983362006261615,0.01345661952793795,0.0061152543485391495
0.0,3.14159265358979,1.48352986419518,3.49065850398866,0.008195671105053391,0.0112144828004366,0.005097123840931091
0.0,3.14159265358979,1.50098315671512,3.49065850398866,0.006558954877072075,0.00896025707347322,0.0040886631693554144
0.0,3.14159265358979,1.51843644923507,3.49065850398866,0.004917556137604254,0.00672357029996387,0.0030618140865023
0.0,3.14159265358979,1.53588974175501,3.49065850398866,0.00327768487488536,0.0044846485327498554,0.00203871025955498
0.0,3.14159265358979,1.55334303427495,3.49065850398866,0.001637516423482675,0.00223889492159024,0.001019574140600254
0.0,3.14159265358979,1.5707963267949,3.49065850398866,0.001037433009849525,0.00142004053235704,0.000644901086478597
0.0,3.14159265358979,0.0174532925199433,3.66519142918809,1.412432649018313,1.403098340211764,1.54931331167869
0.0,3.14159265358979,0.0349065850398866,3.66519142918809,1.2704328754028014,1.2469841455850055,1.3938992525688296
0.0,3.14159265358979,0.0523598775598299,3.66519142918809,1.01128552375534,0.9733735166242096,1.0926630357040095
0.0,3.14159265358979,0.0698131700797732,3.66519142918809,0.7734856966168786,0.7385559367139225,0.8288447142421309
0.0,3.14159265358979,0.0872664625997165,3.66519142918809,0.567982222556443,0.542051809091866,0.5991470183328595
0.0,3.14159265358979,0.10471975511966,3.66519142918809,0.4168613612987805,0.39587224893079,0.4287070648735085
0.0,3.14159265358979,0.122173047639603,3.66519142918809,0.3061915030090905,0.288104052719199,0.301766821469877
0.0,3.14159265358979,0.139626340159546,3.66519142918809,0.2251638254828735,0.210633074469321,0.207294271049452
0.0,3.14159265358979,0.15707963267949,3.66519142918809,0.16585631949455998,0.1562597316662605,0.14360115738476298
0.0,3.14159265358979,0.174532925199433,3.66519142918809,0.1236254737934185,0.1196648430159275,0.10368671762391775
0.0,3.14159265358979,0.191986217719376,3.66519142918809,0.0944031086372811,0.0943558656924595,0.07675890463546389
0.0,3.14159265358979,0.20943951023932,3.66519142918809,0.07555965200658345,0.0779530040608547,0.058706597884397346
0.0,3.14159265358979,0.226892802759263,3.66519142918809,0.0640781368505836,0.06829534630708865,0.047778679120224
0.0,3.14159265358979,0.244346095279206,3.66519142918809,0.056383725896411746,0.0618552311148889,0.04110152431139505
0.0,3.14159265358979,0.261799387799149,3.66519142918809,0.0500121414427136,0.056056768377588745,0.035477282599197954
0.0,3.14159265358979,0.279252680319093,3.66519142918809,0.045338677742595604,0.05202041637723965,0.030871707382290302
0.0,3.14159265358979,0.296705972839036,3.66519142918809,0.042056329449500496,0.04915364734460795,0.02769969673855725
0.0,3.14159265358979,0.314159265358979,3.66519142918809,0.03954706539430425,0.04699818483328565,0.02556051299532305
0.0,3.14159265358979,0.331612557878923,3.66519142918809,0.0373871002114738,0.045203167645167006,0.0239255874294898
0.0,3.14159265358979,0.349065850398866,3.66519142918809,0.0355721412439344,0.043738524977105,0.0226005910178169
0.0,3.14159265358979,0.366519142918809,3.66519142918809,0.03397767541473875,0.0424466480982917,0.02150954080135695
0.0,3.14159265358979,0.383972435438752,3.66519142918809,0.032681958382372,0.0414444447979081,0.020747457008537848
0.0,3.14159265358979,0.401425727958696,3.66519142918809,0.0316831162985979,0.0406002514276286,0.019975279585757802
0.0,3.14159265358979,0.418879020478639,3.66519142918809,0.03089105763060345,0.0399377195624078,0.0193670379692482
0.0,3.14159265358979,0.436332312998582,3.66519142918809,0.030203932937472852,0.0393263019753242,0.0189576629593076
0.0,3.14159265358979,0.453785605518526,3.66519142918809,0.029567378585308952,0.038745921980902,0.0184840368285159
0.0,3.14159265358979,0.471238898038469,3.66519142918809,0.02903229741761275,0.03839537760332875,0.01813927097494615
0.0,3.14159265358979,0.488692190558412,3.66519142918809,0.02853259240199435,0.03805747516056705,0.01772596511991835
0.0,3.14159265358979,0.506145483078356,3.66519142918809,0.0281833997053198,0.037795552807632804,0.01749739239920255
0.0,3.14159265358979,0.523598775598299,3.66519142918809,0.027740549722441547,0.03756842792853225,0.01733956631897445
0.0,3.14159265358979,0.541052068118242,3.66519142918809,0.0274534958100482,0.037383411925782345,0.01720893168757095
0.0,3.14159265358979,0.558505360638185,3.66519142918809,0.02723601220021985,0.037129301555383104,0.0171649690856448
0.0,3.14159265358979,0.575958653158129,3.66519142918809,0.027048133945063453,0.0370023937090356,0.017041069451225452
0.0,3.14159265358979,0.593411945678072,3.66519142918809,0.0268682932288337,0.03682546785866475,0.01693628680802755
0.0,3.14159265358979,0.610865238198015,3.66519142918809,0.026596062033517998,0.03655815129643015,0.016864065782742098
0.0,3.14159265358979,0.628318530717959,3.66519142918809,0.0263741990961482,0.03627895746234195,0.016756936379871648
0.0,3.14159265358979,0.645771823237902,3.66519142918809,0.026203499741023352,0.0360696797747095,0.016404124298875403
0.0,3.14159265358979,0.663225115757845,3.66519142918809,0.02615504105303265,0.03593309910780205,0.01618057046023245
0.0,3.14159265358979,0.680678408277788,3.66519142918809,0.026032944013932448,0.03589476269369985,0.016140092928717202
0.0,3.14159265358979,0.698131700797732,3.66519142918809,0.0257665661396095,0.0357633248619416,0.01592287669417755
0.0,3.14159265358979,0.715584993317675,3.66519142918809,0.02573311077454555,0.0356797750622083,0.015843359082492
0.0,3.14159265358979,0.733038285837618,3.66519142918809,0.02585986270783435,0.03553762473461495,0.01588825878772305
0.0,3.14159265358979,0.750491578357562,3.66519142918809,0.02583356694586845,0.035502431067347295,0.015881598902023952
0.0,3.14159265358979,0.767944870877505,3.66519142918809,0.02573161691786675,0.0355636718124892,0.0158600494771013
0.0,3.14159265358979,0.785398163397448,3.66519142918809,0.0257416231029109,0.03556362884739535,0.01603395789797555
0.0,3.14159265358979,0.802851455917391,3.66519142918809,0.025632035864855497,0.03547808670368535,0.016186309956976848
0.0,3.14159265358979,0.820304748437335,3.66519142918809,0.025553457147970998,0.035447024004336594,0.01598027326021085
0.0,3.14159265358979,0.837758040957278,3.66519142918809,0.02550306341678795,0.0353390781623288,0.0158817622805486
0.0,3.14159265358979,0.855211333477221,3.66519142918809,0.02554115622336775,0.03541337540987175,0.015796731206713502
0.0,3.14159265358979,0.872664625997165,3.66519142918809,0.02558027279297195,0.03548789952920495,0.0157240605048716
0.0,3.14159265358979,0.890117918517108,3.66519142918809,0.02564378720752725,0.0356361036414275,0.015594385985832751
0.0,3.14159265358979,0.907571211037051,3.66519142918809,0.0256147713571842,0.035450091565424294,0.015528402187334998
0.0,3.14159265358979,0.925024503556995,3.66519142918809,0.0256554557812002,0.03558567466131965,0.0155308295817708
0.0,3.14159265358979,0.942477796076938,3.66519142918809,0.02580897344162615,0.035528641090930596,0.015703446468435953
0.0,3.14159265358979,0.959931088596881,3.66519142918809,0.025741357946964,0.0354518842904917,0.01575347306125725
0.0,3.14159265358979,0.977384381116825,3.66519142918809,0.025704922008101552,0.03534596400240975,0.015748294453078
0.0,3.14159265358979,0.994837673636768,3.66519142918809,0.0255312288839886,0.0353207802682218,0.0156284700758532
0.0,3.14159265358979,1.01229096615671,3.66519142918809,0.02536534651204205,0.0351976069635146,0.01540809343502575
0.0,3.14159265358979,1.02974425867665,3.66519142918809,0.02539918557454235,0.035152543957645,0.01525382065443855
0.0,3.14159265358979,1.0471975511966,3.66519142918809,0.02534837726988085,0.0349247592683342,0.0153537452094294
0.0,3.14159265358979,1.06465084371654,3.66519142918809,0.02534675095584575,0.0350191409032932,0.0152274668124535
0.0,3.14159265358979,1.08210413623648,3.66519142918809,0.0250323020003066,0.03485499770468285,0.0154113679824871
0.0,3.14159265358979,1.09955742875643,3.66519142918809,0.02506133003341715,0.034835721847495046,0.0152984740638699
0.0,3.14159265358979,1.11701072127637,3.66519142918809,0.0250846361027355,0.034896284701617,0.01511431173115515
0.0,3.14159265358979,1.13446401379631,3.66519142918809,0.0250961085091777,0.0348076817146103,0.01499307945281405
0.0,3.14159265358979,1.15191730631626,3.66519142918809,0.0252939133242874,0.0346082665019626,0.0148884167781087
0.0,3.14159265358979,1.1693705988362,3.66519142918809,0.025454511185955403,0.03475541586811855,0.014930991651068301
0.0,3.14159265358979,1.18682389135614,3.66519142918809,0.02555364657436205,0.0348202005417701,0.01485294233118375
0.0,3.14159265358979,1.20427718387609,3.66519142918809,0.0254845047242536,0.03455745878868205,0.01488619871878005
0.0,3.14159265358979,1.22173047639603,3.66519142918809,0.02549861992187555,0.034430180470952004,0.0148144119296041
0.0,3.14159265358979,1.23918376891597,3.66519142918809,0.025435760104887448,0.0343451643459464,0.014721472368049649
0.0,3.14159265358979,1.25663706143592,3.66519142918809,0.02545417203313015,0.034269423832271204,0.01472476181546585
0.0,3.14159265358979,1.27409035395586,3.66519142918809,0.0253384725144407,0.034179056599393146,0.014481700767641149
0.0,3.14159265358979,1.2915436464758,3.66519142918809,0.0252997732422214,0.034182010787288,0.0144878696927571
0.0,3.14159265358979,1.30899693899575,3.66519142918809,0.02484773696364995,0.03339672621235515,0.01433831771881075
0.0,3.14159265358979,1.32645023151569,3.66519142918809,0.023427329297143,0.0314927625362565,0.013486170856684701
0.0,3.14159265358979,1.34390352403563,3.66519142918809,0.021759694440298148,0.029267241768579297,0.012521886766312499
0.0,3.14159265358979,1.36135681655558,3.66519142918809,0.02012366356244665,0.02705109756872805,0.01159388292335795
0.0,3.14159265358979,1.37881010907552,3.66519142918809,0.0184070978759991,0.0247510217398357,0.01061146171238555
0.0,3.14159265358979,1.39626340159546,3.66519142918809,0.01674598450500675,0.0225145560333372,0.00964016187500021
0.0,3.14159265358979,1.41371669411541,3.66519142918809,0.0150737051288647,0.0202679048741179,0.008680189832542564
0.0,3.14159265358979,1.43116998663535,3.66519142918809,0.01338815403566265,0.017997155661238752,0.007707353992423446
0.0,3.14159265358979,1.44862327915529,3.66519142918809,0.011723818241626702,0.01576626761588045,0.00674818812269739
0.0,3.14159265358979,1.46607657167524,3.66519142918809,0.0100765644594071,0.0135404862810295,0.00581202362062004
0.0,3.14159265358979,1.48352986419518,3.66519142918809,0.00837625306735049,0.01126482880352235,0.00482358918973276
0.0,3.14159265358979,1.50098315671512,3.66519142918809,0.006703193306548455,0.009011659033663074,0.00386035288567389
0.0,3.14159265358979,1.51843644923507,3.66519142918809,0.00502266731052012,0.006751784366080105,0.002894631889093665
0.0,3.14159265358979,1.53588974175501,3.66519142918809,0.0033469208099772,0.004500053263554869,0.001926162487690025
0.0,3.14159265358979,1.55334303427495,3.66519142918809,0.00167455276454768,0.0022511282227394448,0.0009647919996037086
0.0,3.14159265358979,1.5707963267949,3.66519142918809,0.0009334181950509854,0.00125783223837565,0.000534622206967854
0.0,3.14159265358979,0.0174532925199433,3.83972435438753,1.4113813211052064,1.4061295164446865,1.5409829952614098
0.0,3.14159265358979,0.0349065850398866,3.83972435438753,1.2610698352275265,1.240589610476324,1.376483053065904
0.0,3.14159265358979,0.0523598775598299,3.83972435438753,1.0220885920356515,0.9915784126918861,1.1006897523792936
0.0,3.14159265358979,0.0698131700797732,3.83972435438753,0.772533510206683,0.7405653106706255,0.819301381023301
0.0,3.14159265358979,0.0872664625997165,3.83972435438753,0.5667019590221845,0.5442698369367576,0.588524917726633
0.0,3.14159265358979,0.10471975511966,3.83972435438753,0.415988333048726,0.39386441352378754,0.412195538853591
0.0,3.14159265358979,0.122173047639603,3.83972435438753,0.3066486730679065,0.2881547435262025,0.29132233684653297
0.0,3.14159265358979,0.139626340159546,3.83972435438753,0.2250290970762755,0.2118438676168375,0.204325868713128
0.0,3.14159265358979,0.15707963267949,3.83972435438753,0.165464909731924,0.15721770340396002,0.1440277112563755
0.0,3.14159265358979,0.174532925199433,3.83972435438753,0.12249158780908151,0.118480431621224,0.10251247758952625
0.0,3.14159265358979,0.191986217719376,3.83972435438753,0.0924731746681239,0.09163203954645971,0.07359782210336491
0.0,3.14159265358979,0.20943951023932,3.83972435438753,0.0746192372326208,0.076313832341371,0.056395717719171
0.0,3.14159265358979,0.226892802759263,3.83972435438753,0.06355746558985526,0.06710740594352915,0.0459606477445125
0.0,3.14159265358979,0.244346095279206,3.83972435438753,0.05605141252753885,0.0612334550796716,0.0396972892799651
0.0,3.14159265358979,0.261799387799149,3.83972435438753,0.0504364857143096,0.0567464589276438,0.03513538698393425
0.0,3.14159265358979,0.279252680319093,3.83972435438753,0.045791025867689794,0.0527441494055199,0.031140427601261
0.0,3.14159265358979,0.296705972839036,3.83972435438753,0.04210247261995395,0.04938319122217665,0.02774000604043205
0.0,3.14159265358979,0.314159265358979,3.83972435438753,0.039461049371635845,0.04694054172659935,0.0254647529610781
0.0,3.14159265358979,0.331612557878923,3.83972435438753,0.0374736291750023,0.04509973016501425,0.02377213286049155
0.0,3.14159265358979,0.349065850398866,3.83972435438753,0.03575602396798315,0.04372265346118705,0.022476173714721097
0.0,3.14159265358979,0.366519142918809,3.83972435438753,0.03428164284455615,0.0426592835539986,0.02148038850310895
0.0,3.14159265358979,0.383972435438752,3.83972435438753,0.03320650764600095,0.0418179076239815,0.0207162875055004
0.0,3.14159265358979,0.401425727958696,3.83972435438753,0.03214677672839395,0.0411006077307653,0.0200375144145028
0.0,3.14159265358979,0.418879020478639,3.83972435438753,0.03124731328602285,0.040380603724269756,0.0195231405770577
0.0,3.14159265358979,0.436332312998582,3.83972435438753,0.030548734273167,0.03974465055323445,0.0191577918104399
0.0,3.14159265358979,0.453785605518526,3.83972435438753,0.0299360449432904,0.0392415168103643,0.018776656598139298
0.0,3.14159265358979,0.471238898038469,3.83972435438753,0.029392154633553498,0.03884187186138165,0.018369519871786602
0.0,3.14159265358979,0.488692190558412,3.83972435438753,0.02895245068988685,0.03849997569215925,0.018039489458592
0.0,3.14159265358979,0.506145483078356,3.83972435438753,0.02860134310417585,0.0381304100503632,0.01779903657892655
0.0,3.14159265358979,0.523598775598299,3.83972435438753,0.02829292269793965,0.037876147414345196,0.0176235170410196
0.0,3.14159265358979,0.541052068118242,3.83972435438753,0.02797352764104445,0.0377616519536186,0.017442674871626998
0.0,3.14159265358979,0.558505360638185,3.83972435438753,0.02762633598451535,0.037580637693689994,0.0173589503156364
0.0,3.14159265358979,0.575958653158129,3.83972435438753,0.027333168118619702,0.037326990450564,0.01735432007806725
0.0,3.14159265358979,0.593411945678072,3.83972435438753,0.02694718506916025,0.037055636548133694,0.0173946652541077
0.0,3.14159265358979,0.610865238198015,3.83972435438753,0.0266737018700797,0.0370127348297144,0.0171723270337353
0.0,3.14159265358979,0.628318530717959,3.83972435438753,0.02661971356108285,0.0368040118825568,0.0168998170606177
0.0,3.14159265358979,0.645771823237902,3.83972435438753,0.0266372509131583,0.0366273471076446,0.0166642169550862
0.0,3.14159265358979,0.663225115757845,3.83972435438753,0.02652312258101115,0.036477422933276896,0.016574307636340102
0.0,3.14159265358979,0.680678408277788,3.83972435438753,0.02637632320213295,0.03641725310579545,0.0165546909176326
0.0,3.14159265358979,0.698131700797732,3.83972435438753,0.026305702732054598,0.0363523310409055,0.0165101545980161
0.0,3.14159265358979,0.715584993317675,3.83972435438753,0.0261361567856381,0.036263044230917155,0.016385391303036498
0.0,3.14159265358979,0.733038285837618,3.83972435438753,0.02593885384123685,0.0362062809978903,0.016135464618563702
0.0,3.14159265358979,0.750491578357562,3.83972435438753,0.0259645341681813,0.036137328233947455,0.01599774018797705
0.0,3.14159265358979,0.767944870877505,3.83972435438753,0.0259896060459219,0.03606237869436335,0.015937292032657598
0.0,3.14159265358979,0.785398163397448,3.83972435438753,0.02600013358565665,0.0359375826345566,0.01585847183305785
0.0,3.14159265358979,0.802851455917391,3.83972435438753,0.025966802950165,0.035872400264731846,0.01581259724540665
0.0,3.14159265358979,0.820304748437335,3.83972435438753,0.0259662068263235,0.035888882452408746,0.015667891333452248
0.0,3.14159265358979,0.837758040957278,3.83972435438753,0.0258790154315133,0.0358431937601431,0.015724445822755798
0.0,3.14159265358979,0.855211333477221,3.83972435438753,0.02590764335545975,0.0359169750291881,0.0157014264533656
0.0,3.14159265358979,0.872664625997165,3.83972435438753,0.025895819284496302,0.0359222867331783,0.0156416286717313
0.0,3.14159265358979,0.890117918517108,3.83972435438753,0.026008870523104702,0.035838383505373994,0.01532657622697885
0.0,3.14159265358979,0.907571211037051,3.83972435438753,0.026004832809699098,0.0359343929001754,0.01539846762813175
0.0,3.14159265358979,0.925024503556995,3.83972435438753,0.02596126568334035,0.03616838477974105,0.015555279378205299
0.0,3.14159265358979,0.942477796076938,3.83972435438753,0.0258890151433758,0.036058679062600796,0.01575378779482095
0.0,3.14159265358979,0.959931088596881,3.83972435438753,0.0258327924244158,0.0360391913322274,0.01596808627739675
0.0,3.14159265358979,0.977384381116825,3.83972435438753,0.025798868214458752,0.0358881178616329,0.01557968041323865
0.0,3.14159265358979,0.994837673636768,3.83972435438753,0.0258190863994883,0.035555290121774955,0.0153057122626091
0.0,3.14159265358979,1.01229096615671,3.83972435438753,0.02589752701518125,0.03542353724097695,0.0153730781451672
0.0,3.14159265358979,1.02974425867665,3.83972435438753,0.02609067162322655,0.03539652779002955,0.01567237286743545
0.0,3.14159265358979,1.0471975511966,3.83972435438753,0.02594273757923095,0.03521683846508546,0.01543913531434425
0.0,3.14159265358979,1.06465084371654,3.83972435438753,0.0258404506529481,0.0350355803569838,0.015371010148616401
0.0,3.14159265358979,1.08210413623648,3.83972435438753,0.02576267207484475,0.03481019862404055,0.015142864830589499
0.0,3.14159265358979,1.09955742875643,3.83972435438753,0.02575502642794865,0.03490601066517865,0.0150048030906566
0.0,3.14159265358979,1.11701072127637,3.83972435438753,0.025673904170081502,0.035005351858174896,0.01506580801144005
0.0,3.14159265358979,1.13446401379631,3.83972435438753,0.025473283106338347,0.0348259615395985,0.014943434047157051
0.0,3.14159265358979,1.15191730631626,3.83972435438753,0.0255631123185957,0.035004480812275696,0.01480218275987925
0.0,3.14159265358979,1.1693705988362,3.83972435438753,0.0256423423088148,0.035098754711927596,0.0146436214666213
0.0,3.14159265358979,1.18682389135614,3.83972435438753,0.02563305286819425,0.0349800485856259,0.0146053540667158
0.0,3.14159265358979,1.20427718387609,3.83972435438753,0.02566787603350855,0.035166299881255345,0.0145370307775873
0.0,3.14159265358979,1.22173047639603,3.83972435438753,0.02572986016049885,0.035169495836619005,0.0145612352161483
0.0,3.14159265358979,1.23918376891597,3.83972435438753,0.025625963719763452,0.0350627521734303,0.01461090269979885
0.0,3.14159265358979,1.25663706143592,3.83972435438753,0.025514519731896647,0.0350171622884039,0.014485137086437151
0.0,3.14159265358979,1.27409035395586,3.83972435438753,0.0253700257247086,0.0349845407650547,0.0144018806104006
0.0,3.14159265358979,1.2915436464758,3.83972435438753,0.0254277113271919,0.0348508375372966,0.01461563709533615
0.0,3.14159265358979,1.30899693899575,3.83972435438753,0.024860946991937298,0.03416344377922515,0.01422125413135545
0.0,3.14159265358979,1.32645023151569,3.83972435438753,0.0235710686218415,0.03237702175502555,0.01347626698576445
0.0,3.14159265358979,1.34390352403563,3.83972435438753,0.0218460117366789,0.02999385802422755,0.0124797184972836
0.0,3.14159265358979,1.36135681655558,3.83972435438753,0.02026071259154085,0.027868807233907653,0.011575053035577251
0.0,3.14159265358979,1.37881010907552,3.83972435438753,0.018564304120268348,0.0255147459970579,0.0106284181870065
0.0,3.14159265358979,1.39626340159546,3.83972435438753,0.0168593641628038,0.023173054172751048,0.00963826576909882
0.0,3.14159265358979,1.41371669411541,3.83972435438753,0.01519363770671095,0.0209008121277495,0.008678755704649495
0.0,3.14159265358979,1.43116998663535,3.83972435438753,0.01347612763660475,0.0185157207273479,0.00770440355916286
0.0,3.14159265358979,1.44862327915529,3.83972435438753,0.01175914199847385,0.01616297135442045,0.0067264012947612795
0.0,3.14159265358979,1.46607657167524,3.83972435438753,0.01010171887474855,0.01388035564337885,0.00576988402774136
0.0,3.14159265358979,1.48352986419518,3.83972435438753,0.008412740254320646,0.011553739133896,0.004809000704954315
0.0,3.14159265358979,1.50098315671512,3.83972435438753,0.006751555034345595,0.00929146172318742,0.003856745348675265
0.0,3.14159265358979,1.51843644923507,3.83972435438753,0.005062629063218885,0.00696324701422248,0.00289252239296579
0.0,3.14159265358979,1.53588974175501,3.83972435438753,0.003369646615457335,0.004631405633290965,0.0019262919308944198
0.0,3.14159265358979,1.55334303427495,3.83972435438753,0.0016856342366354002,0.002318213453241115,0.000962997071475107
0.0,3.14159265358979,1.5707963267949,3.83972435438753,-1.6416477723948948e-05,-2.8853061094111252e-05,-7.669870994469354e-06
0.0,3.14159265358979,0.0174532925199433,4.01425727958696,1.411799365576423,1.410699796672301,1.53363153709871
0.0,3.14159265358979,0.0349065850398866,4.01425727958696,1.26308625996995,1.244678338749239,1.3731308769705954
0.0,3.14159265358979,0.0523598775598299,4.01425727958696,1.0259805015542804,0.9969235910375425,1.092655419843071
0.0,3.14159265358979,0.0698131700797732,4.01425727958696,0.776955643590891,0.7456860125435956,0.8065692589880185
0.0,3.14159265358979,0.0872664625997165,4.01425727958696,0.565349391885706,0.5398606707239566,0.567189146763996
0.0,3.14159265358979,0.10471975511966,4.01425727958696,0.412770865964377,0.38942686293971995,0.3963524469569645
0.0,3.14159265358979,0.122173047639603,4.01425727958696,0.302214236381505,0.28362306924194947,0.27800139819070047
0.0,3.14159265358979,0.139626340159546,4.01425727958696,0.21931378638813998,0.2078453247877165,0.1950554408214505
0.0,3.14159265358979,0.15707963267949,4.01425727958696,0.162594114694167,0.15584991456462,0.14047309857979098
0.0,3.14159265358979,0.174532925199433,4.01425727958696,0.123748826797641,0.12060389803475349,0.1030583897436986
0.0,3.14159265358979,0.191986217719376,4.01425727958696,0.0963145605654567,0.09611926728270415,0.0771488424597614
0.0,3.14159265358979,0.20943951023932,4.01425727958696,0.07778148869942465,0.0796982417458052,0.06034506865259401
0.0,3.14159265358979,0.226892802759263,4.01425727958696,0.0648955054505333,0.06872164339712004,0.04857580213930885
0.0,3.14159265358979,0.244346095279206,4.01425727958696,0.05595165645603555,0.06118600292289895,0.0400186778372889
0.0,3.14159265358979,0.261799387799149,4.01425727958696,0.0498524488279343,0.056118416494420245,0.0344084521230403
0.0,3.14159265358979,0.279252680319093,4.01425727958696,0.045337287736500254,0.05219771538532905,0.030674139850291902
0.0,3.14159265358979,0.296705972839036,4.01425727958696,0.04180085170462445,0.049078369380640446,0.027781091418470502
0.0,3.14159265358979,0.314159265358979,4.01425727958696,0.039244133052515104,0.04703210712982065,0.02556497310247805
0.0,3.14159265358979,0.331612557878923,4.01425727958696,0.0373248561449631,0.04540729237258335,0.02391902308444125
0.0,3.14159265358979,0.349065850398866,4.01425727958696,0.0356607342627262,0.0440411923608318,0.02263812565000725
0.0,3.14159265358979,0.366519142918809,4.01425727958696,0.0342270983872749,0.0428329883991427,0.02150697781613215
0.0,3.14159265358979,0.383972435438752,4.01425727958696,0.0330016313016493,0.0417895732650091,0.02045600907316425
0.0,3.14159265358979,0.401425727958696,4.01425727958696,0.03200703055346345,0.04092156797920475,0.019947915637117702
0.0,3.14159265358979,0.418879020478639,4.01425727958696,0.0311971328684587,0.0402268263979048,0.01954513637024745
0.0,3.14159265358979,0.436332312998582,4.01425727958696,0.030471682104498903,0.03964744076010235,0.01911329093643445
0.0,3.14159265358979,0.453785605518526,4.01425727958696,0.030020914955278352,0.0393654795525051,0.01876945099455915
0.0,3.14159265358979,0.471238898038469,4.01425727958696,0.0295343320328557,0.0391044547994079,0.0184978596027135
0.0,3.14159265358979,0.488692190558412,4.01425727958696,0.029092982764482453,0.038799068833479,0.018198165301193447
0.0,3.14159265358979,0.506145483078356,4.01425727958696,0.0286744337065694,0.03851782011081675,0.017966127118120352
0.0,3.14159265358979,0.523598775598299,4.01425727958696,0.02834117699875245,0.038222144711723,0.017755846080157248
0.0,3.14159265358979,0.541052068118242,4.01425727958696,0.02808062526271635,0.03797960886995895,0.017517876686841148
0.0,3.14159265358979,0.558505360638185,4.01425727958696,0.0277525523691928,0.0378088162899332,0.01724738323093405
0.0,3.14159265358979,0.575958653158129,4.01425727958696,0.0274960321462799,0.0376172540553115,0.016973213836890752
0.0,3.14159265358979,0.593411945678072,4.01425727958696,0.027295775538971452,0.037370217334432396,0.0168197717474357
0.0,3.14159265358979,0.610865238198015,4.01425727958696,0.0271972759728999,0.0371963725243789,0.01670526594301805
0.0,3.14159265358979,0.628318530717959,4.01425727958696,0.02721326308371045,0.0370744657113809,0.01652966018123345
0.0,3.14159265358979,0.645771823237902,4.01425727958696,0.0271774743452204,0.036890895280212554,0.01646072919561055
0.0,3.14159265358979,0.663225115757845,4.01425727958696,0.0269684736411407,0.036776309636315646,0.0162944298209817
0.0,3.14159265358979,0.680678408277788,4.01425727958696,0.02683966950547675,0.03677779262038775,0.016199777083239247
0.0,3.14159265358979,0.698131700797732,4.01425727958696,0.026839153186222348,0.03679809532590765,0.016192377982089702
0.0,3.14159265358979,0.715584993317675,4.01425727958696,0.0266796761165062,0.0366727881598153,0.0161527964907991
0.0,3.14159265358979,0.733038285837618,4.01425727958696,0.0264841152369868,0.036436611248405554,0.01605738306059675
0.0,3.14159265358979,0.750491578357562,4.01425727958696,0.0263436568796627,0.0365193807834121,0.0160873734111131
0.0,3.14159265358979,0.767944870877505,4.01425727958696,0.026192932275386098,0.03652145290865525,0.0160693708691819
0.0,3.14159265358979,0.785398163397448,4.01425727958696,0.026085974191684652,0.03638305137628125,0.01603503535037175
0.0,3.14159265358979,0.802851455917391,4.01425727958696,0.0259954928623609,0.0363846680558099,0.0160021492512029
0.0,3.14159265358979,0.820304748437335,4.01425727958696,0.02595868505351675,0.03641020517809495,0.01593723604806375
0.0,3.14159265358979,0.837758040957278,4.01425727958696,0.0259965956452285,0.036030925386099796,0.01588272711332165
0.0,3.14159265358979,0.855211333477221,4.01425727958696,0.0260363168897864,0.0360921469957724,0.015742154628386552
0.0,3.14159265358979,0.872664625997165,4.01425727958696,0.02609168780123635,0.0361624797167111,0.0155785542820116
0.0,3.14159265358979,0.890117918517108,4.01425727958696,0.0259877805545703,0.036223789453719096,0.01534647419190995
0.0,3.14159265358979,0.907571211037051,4.01425727958696,0.02603648306063905,0.036275628517599995,0.01546651926339245
0.0,3.14159265358979,0.925024503556995,4.01425727958696,0.0260257201336605,0.03627870705753055,0.0155902302951729
0.0,3.14159265358979,0.942477796076938,4.01425727958696,0.02610310874355305,0.03623313472734665,0.015612681181744699
0.0,3.14159265358979,0.959931088596881,4.01425727958696,0.0261136647544978,0.0361202663067842,0.01555776986283535
0.0,3.14159265358979,0.977384381116825,4.01425727958696,0.026231924490202,0.03594727085078479,0.01548201712529055
0.0,3.14159265358979,0.994837673636768,4.01425727958696,0.02625427544175805,0.035615123156839804,0.015216043711128151
0.0,3.14159265358979,1.01229096615671,4.01425727958696,0.0262221818935824,0.03560352829736815,0.015143732749195001
0.0,3.14159265358979,1.02974425867665,4.01425727958696,0.02609087910907615,0.03563199754582835,0.01506935747405715
0.0,3.14159265358979,1.0471975511966,4.01425727958696,0.026058175235542,0.035547920333565894,0.014825040289594051
0.0,3.14159265358979,1.06465084371654,4.01425727958696,0.026180088988819697,0.0354277560078853,0.0150182946720522
0.0,3.14159265358979,1.08210413623648,4.01425727958696,0.026119216841127252,0.03528732815491315,0.0149945785667687
0.0,3.14159265358979,1.09955742875643,4.01425727958696,0.026160228309012802,0.03524499285879145,0.014923442247729901
0.0,3.14159265358979,1.11701072127637,4.01425727958696,0.02616291974100185,0.03490524698360835,0.0147919179120678
0.0,3.14159265358979,1.13446401379631,4.01425727958696,0.02590963085836165,0.03465660988088825,0.0149353744209502
0.0,3.14159265358979,1.15191730631626,4.01425727958696,0.02580810725918435,0.0346487254553726,0.014815875687806752
0.0,3.14159265358979,1.1693705988362,4.01425727958696,0.0256978296623118,0.03456820737651105,0.0148133002929658
0.0,3.14159265358979,1.18682389135614,4.01425727958696,0.02572171618610555,0.034866106831008103,0.01477288545171335
0.0,3.14159265358979,1.20427718387609,4.01425727958696,0.0256527234398768,0.0347634195499653,0.01488485758308605
0.0,3.14159265358979,1.22173047639603,4.01425727958696,0.025608888299950602,0.0347155463030347,0.014963276793902299
0.0,3.14159265358979,1.23918376891597,4.01425727958696,0.0253979314339723,0.03453773929362815,0.014923563023930001
0.0,3.14159265358979,1.25663706143592,4.01425727958696,0.02531781336195325,0.03447612505813285,0.015017784533542
0.0,3.14159265358979,1.27409035395586,4.01425727958696,0.02520600325527965,0.0345081105603849,0.01505905273849015
0.0,3.14159265358979,1.2915436464758,4.01425727958696,0.0251592887042333,0.0342265705750546,0.01502403801573785
0.0,3.14159265358979,1.30899693899575,4.01425727958696,0.02451514221031805,0.0337872516700385,0.014676337355868999
0.0,3.14159265358979,1.32645023151569,4.01425727958696,0.023217248594568647,0.0319978209247095,0.013886967918655749
0.0,3.14159265358979,1.34390352403563,4.01425727958696,0.02149339850075175,0.029727981155250348,0.01284758197578025
0.0,3.14159265358979,1.36135681655558,4.01425727958696,0.01999934600334,0.0274347865942092,0.01197294470421005
0.0,3.14159265358979,1.37881010907552,4.01425727958696,0.01831683912623365,0.0251172651188195,0.01096639255365515
0.0,3.14159265358979,1.39626340159546,4.01425727958696,0.0166211585753376,0.0228527085273239,0.009947173745235769
0.0,3.14159265358979,1.41371669411541,4.01425727958696,0.01498901114134505,0.020577155715238202,0.00897458723191891
0.0,3.14159265358979,1.43116998663535,4.01425727958696,0.013278708546863149,0.018282824296300848,0.007944230132501489
0.0,3.14159265358979,1.44862327915529,4.01425727958696,0.0115977302372787,0.015986047598670852,0.006945368469515425
0.0,3.14159265358979,1.46607657167524,4.01425727958696,0.00994897154191354,0.0137200421151403,0.00595076165857225
0.0,3.14159265358979,1.48352986419518,4.01425727958696,0.008283599825126314,0.0114275946355336,0.004953682242109775
0.0,3.14159265358979,1.50098315671512,4.01425727958696,0.0066653389334797395,0.009142230126467995,0.00399274968974791
0.0,3.14159265358979,1.51843644923507,4.01425727958696,0.00499411074460347,0.00685668970375687,0.002990024988117795
0.0,3.14159265358979,1.53588974175501,4.01425727958696,0.00332179201096179,0.004568161669677145,0.00198789039988434
0.0,3.14159265358979,1.55334303427495,4.01425727958696,0.00166247661811043,0.00228384399580275,0.0009952208381580419
0.0,3.14159265358979,1.5707963267949,4.01425727958696,-2.082533271256795e-05,-1.28159033942754e-05,-1.42909593617742e-05
0.0,3.14159265358979,0.0174532925199433,4.18879020478639,1.4136740803622354,1.4166703152425695,1.5274823075268649
0.0,3.14159265358979,0.0349065850398866,4.18879020478639,1.2764208815846345,1.2591260964641684,1.3839445784572768
0.0,3.14159265358979,0.0523598775598299,4.18879020478639,1.0192285807564376,0.9894154213080195,1.073585354648629
0.0,3.14159265358979,0.0698131700797732,4.18879020478639,0.775469128264818,0.741409221006431,0.786401293669096
0.0,3.14159265358979,0.0872664625997165,4.18879020478639,0.5572276894967775,0.5311903795159325,0.5443694853068995
0.0,3.14159265358979,0.10471975511966,4.18879020478639,0.404802319148454,0.3851576542446995,0.3777088700906355
0.0,3.14159265358979,0.122173047639603,4.18879020478639,0.2923644180592795,0.276842289055544,0.2598581451507125
0.0,3.14159265358979,0.139626340159546,4.18879020478639,0.21248228306712602,0.201005823188721,0.1812127429780605
0.0,3.14159265358979,0.15707963267949,4.18879020478639,0.1589506296043445,0.15154903605929798,0.13051921861472499
0.0,3.14159265358979,0.174532925199433,4.18879020478639,0.122909089361925,0.11872418100771549,0.09666528256547745
0.0,3.14159265358979,0.191986217719376,4.18879020478639,0.0962293570558537,0.09561581767579594,0.07300105913717025
0.0,3.14159265358979,0.20943951023932,4.18879020478639,0.0764693699203601,0.07884561773010046,0.056864029163726904
0.0,3.14159265358979,0.226892802759263,4.18879020478639,0.06291008739331115,0.0672706105105477,0.04549252323409215
0.0,3.14159265358979,0.244346095279206,4.18879020478639,0.0541175992366043,0.059546879234385855,0.03764627392667245
0.0,3.14159265358979,0.261799387799149,4.18879020478639,0.0485991032692685,0.05491789187579085,0.0327606388225665
0.0,3.14159265358979,0.279252680319093,4.18879020478639,0.04461782411258135,0.0515119604095933,0.0294911044954189
0.0,3.14159265358979,0.296705972839036,4.18879020478639,0.04170612425526775,0.04904517317229855,0.02699662571940515
0.0,3.14159265358979,0.314159265358979,4.18879020478639,0.0393799303479322,0.04707143358551605,0.0250902962241179
0.0,3.14159265358979,0.331612557878923,4.18879020478639,0.0373143233955508,0.04536973494958245,0.023676358950186452
0.0,3.14159265358979,0.349065850398866,4.18879020478639,0.035649357011484,0.0440436930982682,0.0224529459101717
0.0,3.14159265358979,0.366519142918809,4.18879020478639,0.03437254877199735,0.0430263475985807,0.02150582754336865
0.0,3.14159265358979,0.383972435438752,4.18879020478639,0.03325019935552035,0.04196394186035405,0.0207023036603105
0.0,3.14159265358979,0.401425727958696,4.18879020478639,0.0322011570949221,0.041122300383795746,0.020177142906275848
0.0,3.14159265358979,0.418879020478639,4.18879020478639,0.0313899675753328,0.040419089054525154,0.0196776820334617
0.0,3.14159265358979,0.436332312998582,4.18879020478639,0.0307933999044145,0.040034342584222754,0.0192218076492092
0.0,3.14159265358979,0.453785605518526,4.18879020478639,0.03023565275046485,0.03958638345107555,0.01882277964935395
0.0,3.14159265358979,0.471238898038469,4.18879020478639,0.02973017681823295,0.0391234521983509,0.01846616978452645
0.0,3.14159265358979,0.488692190558412,4.18879020478639,0.029276587825358448,0.0388005244903615,0.01813076435680995
0.0,3.14159265358979,0.506145483078356,4.18879020478639,0.02877069348508715,0.038422056431575605,0.01781511074511135
0.0,3.14159265358979,0.523598775598299,4.18879020478639,0.02835806770139125,0.038122245080427594,0.0174805166380636
0.0,3.14159265358979,0.541052068118242,4.18879020478639,0.02801942336865585,0.03785597903094045,0.01737352831804985
0.0,3.14159265358979,0.558505360638185,4.18879020478639,0.027816293429742553,0.03773334063235015,0.0171838474202443
0.0,3.14159265358979,0.575958653158129,4.18879020478639,0.0276674078999219,0.03760856809536735,0.017006719477403502
0.0,3.14159265358979,0.593411945678072,4.18879020478639,0.02749148129526545,0.037418692080951596,0.01680484349200205
0.0,3.14159265358979,0.610865238198015,4.18879020478639,0.02729076971914665,0.03724992371698805,0.016655584116116
0.0,3.14159265358979,0.628318530717959,4.18879020478639,0.0271238809404438,0.03720244582286525,0.016720597147232848
0.0,3.14159265358979,0.645771823237902,4.18879020478639,0.02695849992153805,0.03701092918452335,0.016544673771701553
0.0,3.14159265358979,0.663225115757845,4.18879020478639,0.0269536771075086,0.03692400437351475,0.0165385296940594
0.0,3.14159265358979,0.680678408277788,4.18879020478639,0.02681836712772575,0.03680587847546215,0.01653176482927835
0.0,3.14159265358979,0.698131700797732,4.18879020478639,0.0266000072668621,0.036731889680473445,0.016393704921027402
0.0,3.14159265358979,0.715584993317675,4.18879020478639,0.02654279083509,0.03671218278580265,0.0162665530586283
0.0,3.14159265358979,0.733038285837618,4.18879020478639,0.026455889802440798,0.0367411421041722,0.0160863361776802
0.0,3.14159265358979,0.750491578357562,4.18879020478639,0.0263950854652307,0.03679555216067535,0.015947342713533
0.0,3.14159265358979,0.767944870877505,4.18879020478639,0.02634252065593575,0.0366128042467771,0.01597629258435955
0.0,3.14159265358979,0.785398163397448,4.18879020478639,0.02632130412288685,0.03642732009943235,0.01594551083330335
0.0,3.14159265358979,0.802851455917391,4.18879020478639,0.026324322318156748,0.03634131785552035,0.015654603191333098
0.0,3.14159265358979,0.820304748437335,4.18879020478639,0.0263379070533275,0.036426835611925654,0.0156789375999742
0.0,3.14159265358979,0.837758040957278,4.18879020478639,0.0262864218181199,0.03641652305044605,0.01570131524775435
0.0,3.14159265358979,0.855211333477221,4.18879020478639,0.0262129582560377,0.0363786659419625,0.01572330619418815
0.0,3.14159265358979,0.872664625997165,4.18879020478639,0.02613989527574495,0.03636969082895285,0.0158081173274018
0.0,3.14159265358979,0.890117918517108,4.18879020478639,0.02609306689842285,0.036330553176283004,0.0157030483890591
0.0,3.14159265358979,0.907571211037051,4.18879020478639,0.025917723069085248,0.03625649162960155,0.01546303828527275
0.0,3.14159265358979,0.925024503556995,4.18879020478639,0.026108200220790502,0.036030061774313296,0.01548729871119085
0.0,3.14159265358979,0.942477796076938,4.18879020478639,0.0262503204549351,0.0360897383588739,0.01558318751039605
0.0,3.14159265358979,0.959931088596881,4.18879020478639,0.0264779841718705,0.036154363265154796,0.0153367993769581
0.0,3.14159265358979,0.977384381116825,4.18879020478639,0.02664883071064605,0.036080820869567945,0.015249017765020401
0.0,3.14159265358979,0.994837673636768,4.18879020478639,0.0267579881926379,0.0360119907246389,0.0153526807939827
0.0,3.14159265358979,1.01229096615671,4.18879020478639,0.0268815838437816,0.0361626893561011,0.01536616799082465
0.0,3.14159265358979,1.02974425867665,4.18879020478639,0.02651160948717245,0.0359676140478005,0.015365199315049
0.0,3.14159265358979,1.0471975511966,4.18879020478639,0.0263058263979849,0.03570734419486405,0.01524141061225225
0.0,3.14159265358979,1.06465084371654,4.18879020478639,0.02628571025661055,0.0355101785912339,0.015019992741846198
0.0,3.14159265358979,1.08210413623648,4.18879020478639,0.02624971538939685,0.0354800979405681,0.014928866538136451
0.0,3.14159265358979,1.09955742875643,4.18879020478639,0.0262287397113316,0.035559325057063995,0.014904306356661502
0.0,3.14159265358979,1.11701072127637,4.18879020478639,0.02621694055623215,0.03559534759291185,0.01489314393355395
0.0,3.14159265358979,1.13446401379631,4.18879020478639,0.0261751936738483,0.03536253885138335,0.01494726299040185
0.0,3.14159265358979,1.15191730631626,4.18879020478639,0.02609689288600085,0.0351219235437643,0.0148902881067035
0.0,3.14159265358979,1.1693705988362,4.18879020478639,0.0260143069554997,0.0350699816369534,0.014904948409827801
0.0,3.14159265358979,1.18682389135614,4.18879020478639,0.0258947779980781,0.034975128469991,0.01505402953542995
0.0,3.14159265358979,1.20427718387609,4.18879020478639,0.02598284128772365,0.0349486019193834,0.0150037060905754
0.0,3.14159265358979,1.22173047639603,4.18879020478639,0.02591008025249015,0.03484495122380905,0.01506689448751765
0.0,3.14159265358979,1.23918376891597,4.18879020478639,0.02579698403921115,0.03463914967195865,0.0150589618390558
0.0,3.14159265358979,1.25663706143592,4.18879020478639,0.0257009038510808,0.0345524654134268,0.01504062304670585
0.0,3.14159265358979,1.27409035395586,4.18879020478639,0.02567010235928285,0.03456394847482265,0.01493954958097795
0.0,3.14159265358979,1.2915436464758,4.18879020478639,0.025564370031714148,0.034447094612138296,0.015020492667276151
0.0,3.14159265358979,1.30899693899575,4.18879020478639,0.0253449701422732,0.03399793355333,0.0145165059497491
0.0,3.14159265358979,1.32645023151569,4.18879020478639,0.023880593336440048,0.032008236742267604,0.01361738651189905
0.0,3.14159265358979,1.34390352403563,4.18879020478639,0.02216662897788705,0.02974433754309285,0.0126832955518125
0.0,3.14159265358979,1.36135681655558,4.18879020478639,0.02045570893701135,0.0274511947422496,0.011730362754542499
0.0,3.14159265358979,1.37881010907552,4.18879020478639,0.01876271767153025,0.02515755656223285,0.010780459094671551
0.0,3.14159265358979,1.39626340159546,4.18879020478639,0.01705438390441275,0.022868757696193752,0.009746234700093441
0.0,3.14159265358979,1.41371669411541,4.18879020478639,0.01534963106868005,0.0205770455775433,0.008791612892732191
0.0,3.14159265358979,1.43116998663535,4.18879020478639,0.01364594372702285,0.018290952145518,0.007782549405616465
0.0,3.14159265358979,1.44862327915529,4.18879020478639,0.01193456481088075,0.01601194100852525,0.00683251907313453
0.0,3.14159265358979,1.46607657167524,4.18879020478639,0.010222202298954,0.013728938532830349,0.005881277299414175
0.0,3.14159265358979,1.48352986419518,4.18879020478639,0.008520598199851594,0.01144239129660505,0.00488940581991504
0.0,3.14159265358979,1.50098315671512,4.18879020478639,0.00681966753184317,0.009148650259798295,0.003904816684942335
0.0,3.14159265358979,1.51843644923507,4.18879020478639,0.00511598866202648,0.006854195763258875,0.002933440373033455
0.0,3.14159265358979,1.53588974175501,4.18879020478639,0.00341122081863622,0.004572698968636985,0.00194654320968161
0.0,3.14159265358979,1.55334303427495,4.18879020478639,0.001702699576238435,0.00228433246841958,0.0009767975697790126
0.0,3.14159265358979,1.5707963267949,4.18879020478639,0.0009574647789829155,0.0012821153878240501,0.0005427880688125195
0.0,3.14159265358979,0.0174532925199433,4.36332312998582,1.4167551463572234,1.4237319609194905,1.5225158187114078
0.0,3.14159265358979,0.0349065850398866,4.36332312998582,1.2585073402103195,1.242603187087083,1.354188221805535
0.0,3.14159265358979,0.0523598775598299,4.36332312998582,1.0233086006615535,0.992889807419288,1.067643500999561
0.0,3.14159265358979,0.0698131700797732,4.36332312998582,0.755850802406149,0.7234184113946165,0.7560145910079106
0.0,3.14159265358979,0.0872664625997165,4.36332312998582,0.5433432195137925,0.5200097597373075,0.5207289825831235
0.0,3.14159265358979,0.10471975511966,4.36332312998582,0.3921064409230475,0.3759969083145415,0.35986117632265047
0.0,3.14159265358979,0.122173047639603,4.36332312998582,0.28213395879655145,0.2688115244753545,0.2459093519728805
0.0,3.14159265358979,0.139626340159546,4.36332312998582,0.2050891507033095,0.195180874913404,0.17040414457419
0.0,3.14159265358979,0.15707963267949,4.36332312998582,0.152908563230313,0.14667001476519648,0.1212183993935695
0.0,3.14159265358979,0.174532925199433,4.36332312998582,0.117132111901361,0.114634294311103,0.0885678145562451
0.0,3.14159265358979,0.191986217719376,4.36332312998582,0.0921805330236117,0.0929193619301137,0.06745947142354755
0.0,3.14159265358979,0.20943951023932,4.36332312998582,0.07373159487411,0.0766707766572237,0.0530521801223982
0.0,3.14159265358979,0.226892802759263,4.36332312998582,0.06077413822692394,0.0650950527407447,0.04296837238411545
0.0,3.14159265358979,0.244346095279206,4.36332312998582,0.05250168233232115,0.05806142948070995,0.03617518657824695
0.0,3.14159265358979,0.261799387799149,4.36332312998582,0.04695091931309115,0.0535112999090491,0.031661948301590095
0.0,3.14159265358979,0.279252680319093,4.36332312998582,0.04322558907427475,0.0505810493816336,0.02877546850366275
0.0,3.14159265358979,0.296705972839036,4.36332312998582,0.0406865381690682,0.04843900131101165,0.0265742896412861
0.0,3.14159265358979,0.314159265358979,4.36332312998582,0.03878468441593495,0.04669212271723085,0.02480536368572005
0.0,3.14159265358979,0.331612557878923,4.36332312998582,0.0371024461688714,0.0452395766905316,0.02351663680269315
0.0,3.14159265358979,0.349065850398866,4.36332312998582,0.035605526670409754,0.0438354685777131,0.0224018617100959
0.0,3.14159265358979,0.366519142918809,4.36332312998582,0.03441774691341215,0.04282736537366915,0.021626529387069653
0.0,3.14159265358979,0.383972435438752,4.36332312998582,0.0333725452368749,0.042033603819920495,0.0209712499323306
0.0,3.14159265358979,0.401425727958696,4.36332312998582,0.03248916320671705,0.0413742240852551,0.020398105353458353
0.0,3.14159265358979,0.418879020478639,4.36332312998582,0.0317349755676309,0.04075897920803945,0.0198296909144563
0.0,3.14159265358979,0.436332312998582,4.36332312998582,0.03097398554079915,0.04023333759109465,0.01934051906516015
0.0,3.14159265358979,0.453785605518526,4.36332312998582,0.0302686574162917,0.0397582644733745,0.0188988219514069
0.0,3.14159265358979,0.471238898038469,4.36332312998582,0.029728805757633,0.03935023374760285,0.0184789362088799
0.0,3.14159265358979,0.488692190558412,4.36332312998582,0.029265443624892702,0.03891539520935565,0.01815550504883395
0.0,3.14159265358979,0.506145483078356,4.36332312998582,0.0289501516032729,0.0385684034492258,0.01788958108826505
0.0,3.14159265358979,0.523598775598299,4.36332312998582,0.02870427372202945,0.0383770578894225,0.017615923843058698
0.0,3.14159265358979,0.541052068118242,4.36332312998582,0.0283096489499974,0.0381170950995255,0.0172805614031269
0.0,3.14159265358979,0.558505360638185,4.36332312998582,0.02801780588795435,0.0379256601937492,0.01710401204048605
0.0,3.14159265358979,0.575958653158129,4.36332312998582,0.02772408782802965,0.037710711232761096,0.01693816712799975
0.0,3.14159265358979,0.593411945678072,4.36332312998582,0.02754344721274475,0.0376280774517969,0.0168012652506279
0.0,3.14159265358979,0.610865238198015,4.36332312998582,0.0273279543854982,0.0374107553549185,0.0169233958974433
0.0,3.14159265358979,0.628318530717959,4.36332312998582,0.027148461378989103,0.037140135436695546,0.01687577180468945
0.0,3.14159265358979,0.645771823237902,4.36332312998582,0.0269129869338671,0.03695944746024245,0.0166490393607464
0.0,3.14159265358979,0.663225115757845,4.36332312998582,0.02676488222508165,0.0368235489656486,0.01652541358914875
0.0,3.14159265358979,0.680678408277788,4.36332312998582,0.0266867626859261,0.036713464015224545,0.016415718769789152
0.0,3.14159265358979,0.698131700797732,4.36332312998582,0.026611925724329202,0.03666236341022685,0.016141482369103302
0.0,3.14159265358979,0.715584993317675,4.36332312998582,0.02664729279755165,0.03668665017142585,0.0159572764834831
0.0,3.14159265358979,0.733038285837618,4.36332312998582,0.0265813153587597,0.03660946046044335,0.0159786497427863
0.0,3.14159265358979,0.750491578357562,4.36332312998582,0.026487680960520052,0.03649448065439695,0.0160466015739791
0.0,3.14159265358979,0.767944870877505,4.36332312998582,0.0264864473028237,0.036417103974127146,0.01605044105986965
0.0,3.14159265358979,0.785398163397448,4.36332312998582,0.02658228318744215,0.036390680083234456,0.015940793323865853
0.0,3.14159265358979,0.802851455917391,4.36332312998582,0.0264981359405984,0.0364732382099328,0.01578807392591895
0.0,3.14159265358979,0.820304748437335,4.36332312998582,0.02639256186974375,0.03641065863340745,0.01567886643431685
0.0,3.14159265358979,0.837758040957278,4.36332312998582,0.026426079230460003,0.0363125330275103,0.0155870592993032
0.0,3.14159265358979,0.855211333477221,4.36332312998582,0.0265985427440395,0.03600568954621605,0.015585613391802252
0.0,3.14159265358979,0.872664625997165,4.36332312998582,0.0265532090559409,0.036000964255387555,0.015665513299221702
0.0,3.14159265358979,0.890117918517108,4.36332312998582,0.02659691183727795,0.0359838736734453,0.01575761978647055
0.0,3.14159265358979,0.907571211037051,4.36332312998582,0.026513093695768798,0.035893898089306,0.015761511190984248
0.0,3.14159265358979,0.925024503556995,4.36332312998582,0.0264014882924916,0.03593769568341845,0.015496444440098001
0.0,3.14159265358979,0.942477796076938,4.36332312998582,0.0265286134591413,0.03600116698726415,0.0154166138507586
0.0,3.14159265358979,0.959931088596881,4.36332312998582,0.0266546472319785,0.0362859427377909,0.01563718381476175
0.0,3.14159265358979,0.977384381116825,4.36332312998582,0.026802178737977148,0.03644331188018135,0.01574057999724915
0.0,3.14159265358979,0.994837673636768,4.36332312998582,0.0267856617563484,0.0363080429854625,0.0156883707989314
0.0,3.14159265358979,1.01229096615671,4.36332312998582,0.0267640059934542,0.036251496781499595,0.015689172214407097
0.0,3.14159265358979,1.02974425867665,4.36332312998582,0.0266467212414928,0.03619286196718975,0.0157228092271203
0.0,3.14159265358979,1.0471975511966,4.36332312998582,0.026564282331968753,0.036043502392349,0.01566462873472895
0.0,3.14159265358979,1.06465084371654,4.36332312998582,0.0265160959543831,0.03578460869822965,0.015620290295625349
0.0,3.14159265358979,1.08210413623648,4.36332312998582,0.026494470513869002,0.03563735212143445,0.015557646539471101
0.0,3.14159265358979,1.09955742875643,4.36332312998582,0.0264094014146376,0.035554569650535744,0.015403721230148649
0.0,3.14159265358979,1.11701072127637,4.36332312998582,0.02632105985086375,0.0356166203395829,0.0152533138486626
0.0,3.14159265358979,1.13446401379631,4.36332312998582,0.02620782095770665,0.03550622786645045,0.0151203448200125
0.0,3.14159265358979,1.15191730631626,4.36332312998582,0.02624985001762825,0.0354661684405652,0.0150981164995443
0.0,3.14159265358979,1.1693705988362,4.36332312998582,0.0261541234786528,0.035314875164390996,0.014899693157087099
0.0,3.14159265358979,1.18682389135614,4.36332312998582,0.026067638606329803,0.03544370971474795,0.0148848579243944
0.0,3.14159265358979,1.20427718387609,4.36332312998582,0.0259756674391928,0.0353287725794108,0.01493249602687575
0.0,3.14159265358979,1.22173047639603,4.36332312998582,0.0258593440938888,0.035317453307757,0.01505031584597195
0.0,3.14159265358979,1.23918376891597,4.36332312998582,0.025683243956344498,0.0351349596604866,0.01500372134050305
0.0,3.14159265358979,1.25663706143592,4.36332312998582,0.025582412253171052,0.034934962443369244,0.01506644448268865
0.0,3.14159265358979,1.27409035395586,4.36332312998582,0.025395581599785548,0.0347324531638235,0.01508766861963955
0.0,3.14159265358979,1.2915436464758,4.36332312998582,0.0253600282694703,0.0347105460355794,0.0149816533374095
0.0,3.14159265358979,1.30899693899575,4.36332312998582,0.024983564051542652,0.03404702155293375,0.01469248936091085
0.0,3.14159265358979,1.32645023151569,4.36332312998582,0.0236951282257344,0.032299989223975,0.0139539845773918
0.0,3.14159265358979,1.34390352403563,4.36332312998582,0.0220390554741405,0.029921629063393997,0.0130052070473793
0.0,3.14159265358979,1.36135681655558,4.36332312998582,0.020347478357234952,0.027598797096654852,0.0120013585276438
0.0,3.14159265358979,1.37881010907552,4.36332312998582,0.01862010347778785,0.02537466002532155,0.01096767276140335
0.0,3.14159265358979,1.39626340159546,4.36332312998582,0.01694976917804325,0.02302127380863785,0.010000089368269665
0.0,3.14159265358979,1.41371669411541,4.36332312998582,0.015228287529330701,0.020763371002257898,0.008964437434405826
0.0,3.14159265358979,1.43116998663535,4.36332312998582,0.0135434710111787,0.01845093932494915,0.007978581437903
0.0,3.14159265358979,1.44862327915529,4.36332312998582,0.011869211891508101,0.01610539355898505,0.007005901939484745
0.0,3.14159265358979,1.46607657167524,4.36332312998582,0.01015667026256265,0.01383517534446375,0.00598375758579057
0.0,3.14159265358979,1.48352986419518,4.36332312998582,0.008465266852207966,0.0115294089266026,0.004987649806967059
0.0,3.14159265358979,1.50098315671512,4.36332312998582,0.006781939933462905,0.00920057386199715,0.004003492726922595
0.0,3.14159265358979,1.51843644923507,4.36332312998582,0.0050819505652457495,0.00690826589613806,0.0029970163744182047
0.0,3.14159265358979,1.53588974175501,4.36332312998582,0.003385674883864845,0.00461031954455058,0.001994986153214505
0.0,3.14159265358979,1.55334303427495,4.36332312998582,0.001692265333269745,0.0023003868031983904,0.000997999110160348
0.0,3.14159265358979,1.5707963267949,4.36332312998582,0.0010713236219599999,0.001460286776564165,0.0006309639586612985
0.0,3.14159265358979,0.0174532925199433,4.53785605518526,1.4205855549287691,1.4314301715823436,1.518495203105287
0.0,3.14159265358979,0.0349065850398866,4.53785605518526,1.2510568863793083,1.2368387058580779,1.33758831978962
0.0,3.14159265358979,0.0523598775598299,4.53785605518526,0.9960925162804835,0.972700499581883,1.032337639938357
0.0,3.14159265358979,0.0698131700797732,4.53785605518526,0.7382650713849725,0.7130023542835076,0.7313340369196635
0.0,3.14159265358979,0.0872664625997165,4.53785605518526,0.5297851987122205,0.507579575601026,0.49719877588874994
0.0,3.14159265358979,0.10471975511966,4.53785605518526,0.378028529949029,0.361363642451244,0.33801394865332046
0.0,3.14159265358979,0.122173047639603,4.53785605518526,0.268738868945281,0.255923320116535,0.228612930638226
0.0,3.14159265358979,0.139626340159546,4.53785605518526,0.1940903133935895,0.1853624544214175,0.157467597259534
0.0,3.14159265358979,0.15707963267949,4.53785605518526,0.144534870558027,0.13899274407213552,0.1114107634417045
0.0,3.14159265358979,0.174532925199433,4.53785605518526,0.110935786376787,0.108660908193921,0.08071850422736895
0.0,3.14159265358979,0.191986217719376,4.53785605518526,0.0871970110417047,0.08796117072892931,0.0605639906399697
0.0,3.14159265358979,0.20943951023932,4.53785605518526,0.06968314051270216,0.0729659216695878,0.047930989586035394
0.0,3.14159265358979,0.226892802759263,4.53785605518526,0.0578764872027908,0.06270236908913435,0.0395979230495223
0.0,3.14159265358979,0.244346095279206,4.53785605518526,0.0506756637669042,0.0565460134040485,0.0342473384272194
0.0,3.14159265358979,0.261799387799149,4.53785605518526,0.046191070901234046,0.052762952181815204,0.03072717589480545
0.0,3.14159265358979,0.279252680319093,4.53785605518526,0.04297211155528935,0.05012335557155015,0.02819891074399575
0.0,3.14159265358979,0.296705972839036,4.53785605518526,0.04052235623530945,0.048108398626767246,0.02627799893177505
0.0,3.14159265358979,0.314159265358979,4.53785605518526,0.03856349333328625,0.046529490764316145,0.02467564774783325
0.0,3.14159265358979,0.331612557878923,4.53785605518526,0.0369777259539122,0.045239154396677445,0.0234502423611125
0.0,3.14159265358979,0.349065850398866,4.53785605518526,0.0355940794930094,0.0439414769247268,0.022504450795729748
0.0,3.14159265358979,0.366519142918809,4.53785605518526,0.034391296411906,0.04291986527909535,0.0217841406065102
0.0,3.14159265358979,0.383972435438752,4.53785605518526,0.03331302700589925,0.0420490973864836,0.0211202438994634
0.0,3.14159265358979,0.401425727958696,4.53785605518526,0.032437030270883446,0.04131290703547105,0.02041584959134165
0.0,3.14159265358979,0.418879020478639,4.53785605518526,0.031574326340228,0.0405610100141348,0.01979502156727235
0.0,3.14159265358979,0.436332312998582,4.53785605518526,0.03080390549995185,0.03999201311973355,0.0192755568641542
0.0,3.14159265358979,0.453785605518526,4.53785605518526,0.0302004001116269,0.03957341051879585,0.01883026094677695
0.0,3.14159265358979,0.471238898038469,4.53785605518526,0.0297829724917719,0.039215835180875,0.01846099794577235
0.0,3.14159265358979,0.488692190558412,4.53785605518526,0.0294131136258411,0.03893808127539275,0.018174619052874402
0.0,3.14159265358979,0.506145483078356,4.53785605518526,0.028941327400215648,0.0385764582829604,0.01790852713684395
0.0,3.14159265358979,0.523598775598299,4.53785605518526,0.028516823471048752,0.0381977838430635,0.01762161226325175
0.0,3.14159265358979,0.541052068118242,4.53785605518526,0.02824267319287985,0.03793388365688585,0.01739822377036225
0.0,3.14159265358979,0.558505360638185,4.53785605518526,0.027970588465959248,0.03775912392121815,0.01723709438933225
0.0,3.14159265358979,0.575958653158129,4.53785605518526,0.02767241565285085,0.03756721683892585,0.0170541960772994
0.0,3.14159265358979,0.593411945678072,4.53785605518526,0.027505439039452198,0.0374160279352973,0.0169266474543532
0.0,3.14159265358979,0.610865238198015,4.53785605518526,0.02750532238956185,0.03731676470240625,0.0169041410999518
0.0,3.14159265358979,0.628318530717959,4.53785605518526,0.027432716190396098,0.037183854477006895,0.016781843326866802
0.0,3.14159265358979,0.645771823237902,4.53785605518526,0.0272597837692432,0.037003815961418746,0.01653473097162245
0.0,3.14159265358979,0.663225115757845,4.53785605518526,0.0271257431432953,0.03686596833678065,0.016350890918163448
0.0,3.14159265358979,0.680678408277788,4.53785605518526,0.0269628085029087,0.03673607745995055,0.016288429332600052
0.0,3.14159265358979,0.698131700797732,4.53785605518526,0.02680769494964835,0.03664173355562255,0.01628377686583065
0.0,3.14159265358979,0.715584993317675,4.53785605518526,0.02677277621969975,0.0366376729460776,0.0162900361292631
0.0,3.14159265358979,0.733038285837618,4.53785605518526,0.026760494641866348,0.036584849055719196,0.01630199121731485
0.0,3.14159265358979,0.750491578357562,4.53785605518526,0.026704515024663,0.0365134439524302,0.016254854430601998
0.0,3.14159265358979,0.767944870877505,4.53785605518526,0.02666414311272925,0.0365414614065807,0.016130345956618303
0.0,3.14159265358979,0.785398163397448,4.53785605518526,0.026568573408706102,0.03649145193941185,0.01589697162345135
0.0,3.14159265358979,0.802851455917391,4.53785605518526,0.026632155883402148,0.03641495131524035,0.0157921291248527
0.0,3.14159265358979,0.820304748437335,4.53785605518526,0.02660581128414785,0.036383778686323046,0.01590497860087355
0.0,3.14159265358979,0.837758040957278,4.53785605518526,0.026554413640324452,0.036281033547320554,0.0160104764990209
0.0,3.14159265358979,0.855211333477221,4.53785605518526,0.02640388061031825,0.03614301630177285,0.015953178638890397
0.0,3.14159265358979,0.872664625997165,4.53785605518526,0.026308555845511748,0.036017577018129604,0.0159041355679428
0.0,3.14159265358979,0.890117918517108,4.53785605518526,0.026256720916911197,0.03590902174849645,0.015900172407813398
0.0,3.14159265358979,0.907571211037051,4.53785605518526,0.02623963056125165,0.03582606928170855,0.015914978651122902
0.0,3.14159265358979,0.925024503556995,4.53785605518526,0.0263384067836208,0.035699217994220045,0.01585707731009545
0.0,3.14159265358979,0.942477796076938,4.53785605518526,0.026309575048204803,0.0358007716880656,0.01582858468392805
0.0,3.14159265358979,0.959931088596881,4.53785605518526,0.02638566262868585,0.03593568369908445,0.0158525562402453
0.0,3.14159265358979,0.977384381116825,4.53785605518526,0.02641124336714585,0.03597501075742505,0.01597421565413765
0.0,3.14159265358979,0.994837673636768,4.53785605518526,0.02639056079769865,0.03617436737632825,0.01591357149717005
0.0,3.14159265358979,1.01229096615671,4.53785605518526,0.026427217394505348,0.0361499995383744,0.0155707776899281
0.0,3.14159265358979,1.02974425867665,4.53785605518526,0.026701329934102902,0.03580499664716775,0.01531570742035425
0.0,3.14159265358979,1.0471975511966,4.53785605518526,0.026884859097454,0.03563417920485775,0.01519317832612105
0.0,3.14159265358979,1.06465084371654,4.53785605518526,0.0267099128233322,0.03556400102741385,0.01519146909601135
0.0,3.14159265358979,1.08210413623648,4.53785605518526,0.026448166348061852,0.0353344683097555,0.0150393868267702
0.0,3.14159265358979,1.09955742875643,4.53785605518526,0.0262623349895716,0.035052400165866054,0.014773731960864199
0.0,3.14159265358979,1.11701072127637,4.53785605518526,0.0261762987608338,0.0346703587352471,0.01481341727259365
0.0,3.14159265358979,1.13446401379631,4.53785605518526,0.0261051999700753,0.034744193501994855,0.0149155664638093
0.0,3.14159265358979,1.15191730631626,4.53785605518526,0.02594138757554855,0.0346101201759688,0.01510632101530935
0.0,3.14159265358979,1.1693705988362,4.53785605518526,0.0258507641655161,0.03456265766737325,0.015157091764853449
0.0,3.14159265358979,1.18682389135614,4.53785605518526,0.02601511972396465,0.034677286383376554,0.015124153393189399
0.0,3.14159265358979,1.20427718387609,4.53785605518526,0.02604751860149335,0.03455500208470225,0.015024896014988149
0.0,3.14159265358979,1.22173047639603,4.53785605518526,0.026061352131726,0.03450731039586675,0.01497662585793105
0.0,3.14159265358979,1.23918376891597,4.53785605518526,0.02601003463031725,0.0343527231480742,0.0149655495215248
0.0,3.14159265358979,1.25663706143592,4.53785605518526,0.025932174785511353,0.0342872452829556,0.014853878489268751
0.0,3.14159265358979,1.27409035395586,4.53785605518526,0.025849937644823,0.034272973345587945,0.014743409012713149
0.0,3.14159265358979,1.2915436464758,4.53785605518526,0.02579900661488185,0.0341934963374938,0.0147067432765779
0.0,3.14159265358979,1.30899693899575,4.53785605518526,0.02545718141911915,0.03387791349630815,0.0144895393499666
0.0,3.14159265358979,1.32645023151569,4.53785605518526,0.023919827110734253,0.0317891983690952,0.01363307587999825
0.0,3.14159265358979,1.34390352403563,4.53785605518526,0.02220142410243945,0.0294720282317175,0.012672836041279851
0.0,3.14159265358979,1.36135681655558,4.53785605518526,0.02048423080656775,0.02718632558954065,0.011708399732847149
0.0,3.14159265358979,1.37881010907552,4.53785605518526,0.0187684187491641,0.02492549677028285,0.0107404123594237
0.0,3.14159265358979,1.39626340159546,4.53785605518526,0.017054675986741548,0.022678390819717398,0.00977028049283467
0.0,3.14159265358979,1.41371669411541,4.53785605518526,0.0153724948986226,0.02045624724599265,0.00876619651058046
0.0,3.14159265358979,1.43116998663535,4.53785605518526,0.01366624897946455,0.01815962469297025,0.00779161885259787
0.0,3.14159265358979,1.44862327915529,4.53785605518526,0.0119522297746878,0.01586830347293235,0.006824322465626136
0.0,3.14159265358979,1.46607657167524,4.53785605518526,0.01023983075762935,0.01359442916639855,0.005854241375508384
0.0,3.14159265358979,1.48352986419518,4.53785605518526,0.008529211136467985,0.01133235565818725,0.004881937932624611
0.0,3.14159265358979,1.50098315671512,4.53785605518526,0.006820641044879565,0.00907560132775067,0.003908126892379575
0.0,3.14159265358979,1.51843644923507,4.53785605518526,0.0051213507172727,0.0068139410274160195,0.0029239916034592348
0.0,3.14159265358979,1.53588974175501,4.53785605518526,0.00341481986988385,0.00453754816879897,0.0019473271312732
0.0,3.14159265358979,1.55334303427495,4.53785605518526,0.00170540885283745,0.00226455511633049,0.000973734975732792
0.0,3.14159265358979,1.5707963267949,4.53785605518526,0.001099800688305285,0.00145952280318274,0.0006281221477060434
0.0,3.14159265358979,0.0174532925199433,4.71238898038469,1.4245593243316115,1.4392076931170406,1.5150201815509834
0.0,3.14159265358979,0.0349065850398866,4.71238898038469,1.2541831836220516,1.2425647104026785,1.333362459521707
0.0,3.14159265358979,0.0523598775598299,4.71238898038469,0.987825375509106,0.9735337153998591,1.0228029015019264
0.0,3.14159265358979,0.0698131700797732,4.71238898038469,0.7294124116648305,0.7190286601898794,0.721181929229505
0.0,3.14159265358979,0.0872664625997165,4.71238898038469,0.5303438024559399,0.5112494116499731,0.4915009620735705
0.0,3.14159265358979,0.10471975511966,4.71238898038469,0.376167087063753,0.3618077987709945,0.329654544550634
0.0,3.14159265358979,0.122173047639603,4.71238898038469,0.263913012993986,0.2530678524671485,0.218367164582772
0.0,3.14159265358979,0.139626340159546,4.71238898038469,0.18608181489394499,0.179588908697827,0.14658518814566152
0.0,3.14159265358979,0.15707963267949,4.71238898038469,0.1359486391960435,0.13217281733465,0.10144539894750165
0.0,3.14159265358979,0.174532925199433,4.71238898038469,0.1045304944199002,0.10309896554090305,0.07458589329011575
0.0,3.14159265358979,0.191986217719376,4.71238898038469,0.08354056676622515,0.0845609188281205,0.057128353087394654
0.0,3.14159265358979,0.20943951023932,4.71238898038469,0.067952780603382,0.07151530259944855,0.04640062014956725
0.0,3.14159265358979,0.226892802759263,4.71238898038469,0.0571086685970258,0.06241212500118065,0.0391573663094964
0.0,3.14159265358979,0.244346095279206,4.71238898038469,0.0500598599645001,0.0563215808852193,0.0343925027995311
0.0,3.14159265358979,0.261799387799149,4.71238898038469,0.0454849002539087,0.052044841729955854,0.03089296427679135
0.0,3.14159265358979,0.279252680319093,4.71238898038469,0.0423941342800168,0.04978823321978845,0.0281731660213601
0.0,3.14159265358979,0.296705972839036,4.71238898038469,0.040064264243144396,0.0482551679093158,0.0262200552238327
0.0,3.14159265358979,0.314159265358979,4.71238898038469,0.038389255771155345,0.04695752068622425,0.024793963452182648
0.0,3.14159265358979,0.331612557878923,4.71238898038469,0.037067288915952595,0.0453848236095358,0.0236727779593522
0.0,3.14159265358979,0.349065850398866,4.71238898038469,0.03574642183593135,0.0438865895576,0.02271138832173565
0.0,3.14159265358979,0.366519142918809,4.71238898038469,0.03447314764567045,0.043011622028409704,0.02194750595260185
0.0,3.14159265358979,0.383972435438752,4.71238898038469,0.033558684288739454,0.042381165910538254,0.021216816104698902
0.0,3.14159265358979,0.401425727958696,4.71238898038469,0.03275449731695165,0.04173783029427755,0.020477135359694948
0.0,3.14159265358979,0.418879020478639,4.71238898038469,0.03181745845729795,0.0410069792469547,0.019904813692469
0.0,3.14159265358979,0.436332312998582,4.71238898038469,0.03102393816662025,0.04018968683736665,0.01957933752456835
0.0,3.14159265358979,0.453785605518526,4.71238898038469,0.0303651760805972,0.039555851621030105,0.019083532771642348
0.0,3.14159265358979,0.471238898038469,4.71238898038469,0.0299788117076659,0.0391567448301905,0.0187147913589048
0.0,3.14159265358979,0.488692190558412,4.71238898038469,0.029711237075060598,0.0389330220900697,0.01834246799380415
0.0,3.14159265358979,0.506145483078356,4.71238898038469,0.029244156378359698,0.03868911875839485,0.0180784320798293
0.0,3.14159265358979,0.523598775598299,4.71238898038469,0.0287147857216727,0.0384759230045071,0.01784655521035855
0.0,3.14159265358979,0.541052068118242,4.71238898038469,0.028536895190655852,0.038170202299536604,0.01749224616021565
0.0,3.14159265358979,0.558505360638185,4.71238898038469,0.0285089378549249,0.03809504214760905,0.0173755869722788
0.0,3.14159265358979,0.575958653158129,4.71238898038469,0.0282603035190384,0.03789272517533715,0.01737606614097345
0.0,3.14159265358979,0.593411945678072,4.71238898038469,0.027905253994861497,0.0376216835645641,0.0173512891633939
0.0,3.14159265358979,0.610865238198015,4.71238898038469,0.02768997647511425,0.0375649896483796,0.0171452310943426
0.0,3.14159265358979,0.628318530717959,4.71238898038469,0.02757587389951655,0.037439159149683,0.016886087610229798
0.0,3.14159265358979,0.645771823237902,4.71238898038469,0.027502274633669048,0.037484455314172105,0.016860484693313
0.0,3.14159265358979,0.663225115757845,4.71238898038469,0.0272066642149072,0.03737015325919995,0.01666280050478995
0.0,3.14159265358979,0.680678408277788,4.71238898038469,0.026966566705662047,0.037154985593479795,0.01634533363016925
0.0,3.14159265358979,0.698131700797732,4.71238898038469,0.02692583148740625,0.03695168463624825,0.01622470444373665
0.0,3.14159265358979,0.715584993317675,4.71238898038469,0.02676627758398585,0.03681448765310235,0.016108151421419352
0.0,3.14159265358979,0.733038285837618,4.71238898038469,0.0264268204943382,0.03665873292383085,0.01597608736906285
0.0,3.14159265358979,0.750491578357562,4.71238898038469,0.0264714535742195,0.03663823646118475,0.01600499617887825
0.0,3.14159265358979,0.767944870877505,4.71238898038469,0.0265131916457323,0.0365136894962351,0.016167987406623452
0.0,3.14159265358979,0.785398163397448,4.71238898038469,0.02647978350496385,0.0365251284625657,0.0161899748308813
0.0,3.14159265358979,0.802851455917391,4.71238898038469,0.026415787036206798,0.036386977292423656,0.0161543367600098
0.0,3.14159265358979,0.820304748437335,4.71238898038469,0.026568574710288402,0.0363449632745131,0.0161384242400152
0.0,3.14159265358979,0.837758040957278,4.71238898038469,0.0265996355458018,0.03638250019397995,0.01594695595169835
0.0,3.14159265358979,0.855211333477221,4.71238898038469,0.0264482553510132,0.0365945164113825,0.0160181800991607
0.0,3.14159265358979,0.872664625997165,4.71238898038469,0.026457734167107352,0.0365029453742448,0.0159365915083902
0.0,3.14159265358979,0.890117918517108,4.71238898038469,0.0264758789003915,0.03659204967061525,0.0159557129859821
0.0,3.14159265358979,0.907571211037051,4.71238898038469,0.026282036223610902,0.03639999771295615,0.0157845960433789
0.0,3.14159265358979,0.925024503556995,4.71238898038469,0.0261152937839726,0.0359729531986686,0.0157257862682666
0.0,3.14159265358979,0.942477796076938,4.71238898038469,0.026441489201575248,0.03583311986406805,0.01570490753258985
0.0,3.14159265358979,0.959931088596881,4.71238898038469,0.02658476729233035,0.035659517722798795,0.0154751912805908
0.0,3.14159265358979,0.977384381116825,4.71238898038469,0.02653629081232855,0.035927949728963446,0.01563105493803235
0.0,3.14159265358979,0.994837673636768,4.71238898038469,0.0264019547211168,0.036395429839396254,0.015723179330561297
0.0,3.14159265358979,1.01229096615671,4.71238898038469,0.02651252339325105,0.03644894148632055,0.01587739638929525
0.0,3.14159265358979,1.02974425867665,4.71238898038469,0.0268182545857606,0.036279544655303295,0.01573142291356125
0.0,3.14159265358979,1.0471975511966,4.71238898038469,0.026736220080912698,0.0359668181991149,0.01564871462815685
0.0,3.14159265358979,1.06465084371654,4.71238898038469,0.026910327791775,0.035981882048661804,0.01550064234143275
0.0,3.14159265358979,1.08210413623648,4.71238898038469,0.026835393428106348,0.03575715137569345,0.01555909754955865
0.0,3.14159265358979,1.09955742875643,4.71238898038469,0.026817989233017,0.0356309412651684,0.01540273824228885
0.0,3.14159265358979,1.11701072127637,4.71238898038469,0.0266324766081023,0.035692842627055,0.01541930146012105
0.0,3.14159265358979,1.13446401379631,4.71238898038469,0.02637756439353975,0.03573215645419175,0.015363347338901101
0.0,3.14159265358979,1.15191730631626,4.71238898038469,0.02618420162051715,0.03553912952769635,0.0151799031431099
0.0,3.14159265358979,1.1693705988362,4.71238898038469,0.02612305379531195,0.03547805406232075,0.015119417436612149
0.0,3.14159265358979,1.18682389135614,4.71238898038469,0.026074433250059502,0.0353415945218392,0.01516806244551735
0.0,3.14159265358979,1.20427718387609,4.71238898038469,0.0261070847023745,0.03525043424396525,0.01509907040400085
0.0,3.14159265358979,1.22173047639603,4.71238898038469,0.02619171744656565,0.035192801808436605,0.0150577763197733
0.0,3.14159265358979,1.23918376891597,4.71238898038469,0.0260858319814786,0.034812233970395054,0.015000932518998849
0.0,3.14159265358979,1.25663706143592,4.71238898038469,0.026009222999623,0.034651661987669904,0.01497598995477865
0.0,3.14159265358979,1.27409035395586,4.71238898038469,0.025884243671337098,0.0344608064240969,0.0149517069244791
0.0,3.14159265358979,1.2915436464758,4.71238898038469,0.025777713293817853,0.034295944907358,0.0149313717265068
0.0,3.14159265358979,1.30899693899575,4.71238898038469,0.025711265282895898,0.034193838326339945,0.0149184916004614
0.0,3.14159265358979,1.32645023151569,4.71238898038469,0.023997180930702848,0.031914249104584,0.013923925493764
0.0,3.14159265358979,1.34390352403563,4.71238898038469,0.02228309657850975,0.029634659882828,0.012929359387066599
0.0,3.14159265358979,1.36135681655558,4.71238898038469,0.0205690122263167,0.027355070661071998,0.01193479328036915
0.0,3.14159265358979,1.37881010907552,4.71238898038469,0.01885492787412365,0.02507548143931595,0.010940227173671699
0.0,3.14159265358979,1.39626340159546,4.71238898038469,0.0171408435219306,0.02279589221756,0.009945661066974296
0.0,3.14159265358979,1.41371669411541,4.71238898038469,0.0154267591697375,0.020516302995804002,0.008951094960276861
0.0,3.14159265358979,1.43116998663535,4.71238898038469,0.0137126748175445,0.018236713774048,0.007956528853579435
0.0,3.14159265358979,1.44862327915529,4.71238898038469,0.0119985904653514,0.015957124552292,0.00696196274688201
0.0,3.14159265358979,1.46607657167524,4.71238898038469,0.01028450611315835,0.013677535330535999,0.0059673966401845805
0.0,3.14159265358979,1.48352986419518,4.71238898038469,0.008570421760965296,0.01139794610877995,0.0049728305334871496
0.0,3.14159265358979,1.50098315671512,4.71238898038469,0.00685633740877223,0.009118356887023995,0.00397826442678972
0.0,3.14159265358979,1.51843644923507,4.71238898038469,0.00514225305657916,0.00683876766526801,0.002983698320092285
0.0,3.14159265358979,1.53588974175501,4.71238898038469,0.0034281687043861047,0.004559178443511995,0.00198913221339486
0.0,3.14159265358979,1.55334303427495,4.71238898038469,0.00171408435219304,0.002279589221756,0.000994566106697436
0.0,3.14159265358979,1.5707963267949,4.71238898038469,-2.412349833780245e-17,1.2793585635328951e-17,8.1315162936413e-19
0.0,3.14159265358979,0.0174532925199433,4.88692190558412,1.40017397205905,1.4160733386957545,1.4840881707911415
0.0,3.14159265358979,0.0349065850398866,4.88692190558412,1.217994255635173,1.215056331901039,1.2751725451651934
0.0,3.14159265358979,0.0523598775598299,4.88692190558412,0.9491027404749696,0.951069664949696,0.9737436481176309
0.0,3.14159265358979,0.0698131700797732,4.88692190558412,0.703418378094394,0.7052885285540305,0.6986048652300975
0.0,3.14159265358979,0.0872664625997165,4.88692190558412,0.5165480742802885,0.508444461095148,0.48673237008459747
0.0,3.14159265358979,0.10471975511966,4.88692190558412,0.37059194157513653,0.364003297731467,0.3295976720643865
0.0,3.14159265358979,0.122173047639603,4.88692190558412,0.262318654814671,0.255586291186156,0.21797673602905399
0.0,3.14159265358979,0.139626340159546,4.88692190558412,0.1869746848828125,0.18207469536509652,0.1480083973029715
0.0,3.14159265358979,0.15707963267949,4.88692190558412,0.1383926219099865,0.1359304702102975,0.10470727626864025
0.0,3.14159265358979,0.174532925199433,4.88692190558412,0.10552990832080805,0.10510774905726565,0.0760594553716738
0.0,3.14159265358979,0.191986217719376,4.88692190558412,0.0829854378297174,0.08458226641464914,0.05695358199219575
0.0,3.14159265358979,0.20943951023932,4.88692190558412,0.0674738113337852,0.07117298639085815,0.045609338379034
0.0,3.14159265358979,0.226892802759263,4.88692190558412,0.057290952688865804,0.0626065456182581,0.0388194695307212
0.0,3.14159265358979,0.244346095279206,4.88692190558412,0.05031929209875325,0.05671988704145705,0.03416222451431585
0.0,3.14159265358979,0.261799387799149,4.88692190558412,0.045572406648208,0.052620906864643754,0.03086080452803895
0.0,3.14159265358979,0.279252680319093,4.88692190558412,0.0424203417400894,0.050138565303441796,0.0284101862051459
0.0,3.14159265358979,0.296705972839036,4.88692190558412,0.0401144799429273,0.0483404148783855,0.026248896012969848
0.0,3.14159265358979,0.314159265358979,4.88692190558412,0.038315741095984804,0.04679430805742606,0.0245398502042233
0.0,3.14159265358979,0.331612557878923,4.88692190558412,0.0367664719871025,0.0452181831713376,0.0234580756019125
0.0,3.14159265358979,0.349065850398866,4.88692190558412,0.035438702680076095,0.0438423917161085,0.0225691963305669
0.0,3.14159265358979,0.366519142918809,4.88692190558412,0.03428208387141925,0.0428388838695029,0.02186022205266175
0.0,3.14159265358979,0.383972435438752,4.88692190558412,0.0333426256697546,0.04214841724915635,0.0212239550584626
0.0,3.14159265358979,0.401425727958696,4.88692190558412,0.032609301140057445,0.04159325397447345,0.0206109342551134
0.0,3.14159265358979,0.418879020478639,4.88692190558412,0.031891009593944655,0.0410687366680205,0.019936910499186097
0.0,3.14159265358979,0.436332312998582,4.88692190558412,0.031108645861191102,0.04050958710188595,0.0192917798925306
0.0,3.14159265358979,0.453785605518526,4.88692190558412,0.030393994014369298,0.0398624887969171,0.01877420259122225
0.0,3.14159265358979,0.471238898038469,4.88692190558412,0.029932504021323803,0.039324879792915005,0.01839524656472025
0.0,3.14159265358979,0.488692190558412,4.88692190558412,0.02954171257267145,0.03887983638189485,0.01811026840830235
0.0,3.14159265358979,0.506145483078356,4.88692190558412,0.0291321292829358,0.0386085644175829,0.01791839215912595
0.0,3.14159265358979,0.523598775598299,4.88692190558412,0.0288377317506079,0.038437969326389446,0.017773086154143698
0.0,3.14159265358979,0.541052068118242,4.88692190558412,0.0285975650822521,0.038340118411940405,0.01758414579840345
0.0,3.14159265358979,0.558505360638185,4.88692190558412,0.02831039575405625,0.03823420945252545,0.01741589424782545
0.0,3.14159265358979,0.575958653158129,4.88692190558412,0.028096279177947298,0.038050249323675,0.0173266881373944
0.0,3.14159265358979,0.593411945678072,4.88692190558412,0.0279664223595022,0.03776546753912555,0.0172360773888219
0.0,3.14159265358979,0.610865238198015,4.88692190558412,0.02781705341796785,0.037554553462411905,0.01712586106566525
0.0,3.14159265358979,0.628318530717959,4.88692190558412,0.0276490360423506,0.0375107968475381,0.016931412990545902
0.0,3.14159265358979,0.645771823237902,4.88692190558412,0.027475770631255,0.03751545997992495,0.0167214394685632
0.0,3.14159265358979,0.663225115757845,4.88692190558412,0.02731139994679045,0.037443322791427,0.01665916664535505
0.0,3.14159265358979,0.680678408277788,4.88692190558412,0.027165403466086,0.037360414302489195,0.016637794147319848
0.0,3.14159265358979,0.698131700797732,4.88692190558412,0.026988257037886848,0.0372570783628408,0.01656901206162375
0.0,3.14159265358979,0.715584993317675,4.88692190558412,0.0268643719491438,0.03707751839137975,0.0166212078287616
0.0,3.14159265358979,0.733038285837618,4.88692190558412,0.02673998059152575,0.03700246849127235,0.016558720844379447
0.0,3.14159265358979,0.750491578357562,4.88692190558412,0.0265633538284108,0.0368905134429809,0.0163788253924615
0.0,3.14159265358979,0.767944870877505,4.88692190558412,0.0265374711828303,0.03665969678383515,0.0163352208338366
0.0,3.14159265358979,0.785398163397448,4.88692190558412,0.026564125541606948,0.0365708867285495,0.01635195458071645
0.0,3.14159265358979,0.802851455917391,4.88692190558412,0.02647744052729015,0.0366759558879496,0.0163340743112779
0.0,3.14159265358979,0.820304748437335,4.88692190558412,0.0264418394310397,0.0367917232165101,0.0162911674104989
0.0,3.14159265358979,0.837758040957278,4.88692190558412,0.02647347509891685,0.0367764798867678,0.016218883025257
0.0,3.14159265358979,0.855211333477221,4.88692190558412,0.026425161329601397,0.036707543844413354,0.016107367274154648
0.0,3.14159265358979,0.872664625997165,4.88692190558412,0.02627528932277665,0.036769489483930204,0.01603683131574725
0.0,3.14159265358979,0.890117918517108,4.88692190558412,0.02616477416059205,0.0366589315360808,0.0159486109045522
0.0,3.14159265358979,0.907571211037051,4.88692190558412,0.0261805661498675,0.03628770551290105,0.01587677752711235
0.0,3.14159265358979,0.925024503556995,4.88692190558412,0.026317093919530098,0.03604405628559825,0.01598236052609665
0.0,3.14159265358979,0.942477796076938,4.88692190558412,0.026390246594418403,0.0361212284597204,0.01603802538582305
0.0,3.14159265358979,0.959931088596881,4.88692190558412,0.02637954796037345,0.03624025424345165,0.016050470768289
0.0,3.14159265358979,0.977384381116825,4.88692190558412,0.026451946897837753,0.0362609081536836,0.0160897374545483
0.0,3.14159265358979,0.994837673636768,4.88692190558412,0.02655244824747595,0.0362461843444422,0.01606906355201395
0.0,3.14159265358979,1.01229096615671,4.88692190558412,0.02650655645509435,0.0364373684216627,0.016055409512330053
0.0,3.14159265358979,1.02974425867665,4.88692190558412,0.026390977216862,0.0363826725514215,0.0159789181011456
0.0,3.14159265358979,1.0471975511966,4.88692190558412,0.02629870170804885,0.0362524443343672,0.01582526292590885
0.0,3.14159265358979,1.06465084371654,4.88692190558412,0.02632908668905,0.0361828477969986,0.015934300699685898
0.0,3.14159265358979,1.08210413623648,4.88692190558412,0.026213872478684848,0.0360906032090902,0.01589496014439985
0.0,3.14159265358979,1.09955742875643,4.88692190558412,0.02628381396424275,0.036216677507544454,0.0159931815847933
0.0,3.14159265358979,1.11701072127637,4.88692190558412,0.02629945402468025,0.0362111445299952,0.015829397176573952
0.0,3.14159265358979,1.13446401379631,4.88692190558412,0.0263163268484626,0.03610102061598475,0.01570024550751295
0.0,3.14159265358979,1.15191730631626,4.88692190558412,0.0262556893614772,0.0360209156875941,0.015625976680805
0.0,3.14159265358979,1.1693705988362,4.88692190558412,0.02615708047260385,0.0360766272130246,0.01558767090357525
0.0,3.14159265358979,1.18682389135614,4.88692190558412,0.0261229315858977,0.035952370127689245,0.0155646097835157
0.0,3.14159265358979,1.20427718387609,4.88692190558412,0.0260081739254924,0.03567816672564405,0.015510937068922651
0.0,3.14159265358979,1.22173047639603,4.88692190558412,0.02604751974892055,0.0356254217963453,0.01548874504630995
0.0,3.14159265358979,1.23918376891597,4.88692190558412,0.0259270383973468,0.035418877034429946,0.01541929359949495
0.0,3.14159265358979,1.25663706143592,4.88692190558412,0.02582193456245005,0.03526913329351595,0.0153674777939018
0.0,3.14159265358979,1.27409035395586,4.88692190558412,0.02576703839855885,0.0350687610551142,0.015388615453920201
0.0,3.14159265358979,1.2915436464758,4.88692190558412,0.025686568492003348,0.035033132972625045,0.015458076226578
0.0,3.14159265358979,1.30899693899575,4.88692190558412,0.02551452923923085,0.0346450637717702,0.0153290069076355
0.0,3.14159265358979,1.32645023151569,4.88692190558412,0.024006623123753103,0.03256685180972485,0.0143996469152428
0.0,3.14159265358979,1.34390352403563,4.88692190558412,0.0222835812762708,0.0302481915581578,0.013365436905885049
0.0,3.14159265358979,1.36135681655558,4.88692190558412,0.02055881039289585,0.027941861212524,0.0123420400377765
0.0,3.14159265358979,1.37881010907552,4.88692190558412,0.01883324640610065,0.02564430000258925,0.01132678596371295
0.0,3.14159265358979,1.39626340159546,4.88692190558412,0.0171085908010747,0.02334963928432535,0.0103150599115459
0.0,3.14159265358979,1.41371669411541,4.88692190558412,0.0154245869306243,0.02096067515769745,0.009270673873592315
0.0,3.14159265358979,1.43116998663535,4.88692190558412,0.0137158421086422,0.018610739530876448,0.008227916614158975
0.0,3.14159265358979,1.44862327915529,4.88692190558412,0.0119960068067111,0.01629012192656975,0.007197810835425315
0.0,3.14159265358979,1.46607657167524,4.88692190558412,0.0102764412380742,0.01397428513927005,0.00617282914358822
0.0,3.14159265358979,1.48352986419518,4.88692190558412,0.008557950082550714,0.01166018442056585,0.0051506816080634
0.0,3.14159265358979,1.50098315671512,4.88692190558412,0.006841483167715345,0.0093443581525663,0.00412871777798817
0.0,3.14159265358979,1.51843644923507,4.88692190558412,0.00513840036316862,0.006990746418530475,0.0030910043414376347
0.0,3.14159265358979,1.53588974175501,4.88692190558412,0.0034271660042631998,0.00465127977457189,0.00205626098942842
0.0,3.14159265358979,1.55334303427495,4.88692190558412,0.001711610064039575,0.00232465710407259,0.00102720661183268
0.0,3.14159265358979,1.5707963267949,4.88692190558412,0.0011038806646975598,0.0014989065719722,0.0006621665634923235
0.0,3.14159265358979,0.0174532925199433,5.06145483078356,1.3760950823047555,1.393264843520357,1.454785570676052
0.0,3.14159265358979,0.0349065850398866,5.06145483078356,1.191992904337121,1.198077078549679,1.230078009064799
0.0,3.14159265358979,0.0523598775598299,5.06145483078356,0.931858803736382,0.9482374605468744,0.9449368766523365
0.0,3.14159265358979,0.0698131700797732,5.06145483078356,0.6890344995279495,0.701332201345453,0.687511471202883
0.0,3.14159265358979,0.0872664625997165,5.06145483078356,0.5030582241520445,0.5057001661114825,0.485421871201253
0.0,3.14159265358979,0.10471975511966,5.06145483078356,0.363195658469668,0.363609495765314,0.334119013645061
0.0,3.14159265358979,0.122173047639603,5.06145483078356,0.2622109436402135,0.260566115193776,0.2273198290614455
0.0,3.14159265358979,0.139626340159546,5.06145483078356,0.192347560103271,0.189827325054956,0.1578255945917115
0.0,3.14159265358979,0.15707963267949,5.06145483078356,0.142965593075555,0.1419761927901435,0.11187181998565726
0.0,3.14159265358979,0.174532925199433,5.06145483078356,0.1080062498226057,0.10876117664188364,0.0796504205779189
0.0,3.14159265358979,0.191986217719376,5.06145483078356,0.08460626600536755,0.08687670533177749,0.05870351073669755
0.0,3.14159265358979,0.20943951023932,5.06145483078356,0.0688340685609337,0.0730493492292193,0.04639871924365365
0.0,3.14159265358979,0.226892802759263,5.06145483078356,0.0578764153877008,0.0637644599636555,0.0393802448129254
0.0,3.14159265358979,0.244346095279206,5.06145483078356,0.050366539043970746,0.05726176444672925,0.03431111684036525
0.0,3.14159265358979,0.261799387799149,5.06145483078356,0.045221722821774946,0.053078797474562206,0.0309696882713826
0.0,3.14159265358979,0.279252680319093,5.06145483078356,0.04178675849351075,0.05023471938180275,0.028402322246230002
0.0,3.14159265358979,0.296705972839036,5.06145483078356,0.039578245952753555,0.04810747260402095,0.02627647819774865
0.0,3.14159265358979,0.314159265358979,5.06145483078356,0.0379116469502265,0.04648091313620885,0.0248299976122516
0.0,3.14159265358979,0.331612557878923,5.06145483078356,0.03646774384076885,0.04508687562626435,0.023591921703642597
0.0,3.14159265358979,0.349065850398866,5.06145483078356,0.035280043921041546,0.0438412271047832,0.02267354657288575
0.0,3.14159265358979,0.366519142918809,5.06145483078356,0.034302103622282504,0.04291822968870395,0.0219353712040612
0.0,3.14159265358979,0.383972435438752,5.06145483078356,0.0334191119605867,0.042170027381231504,0.0214167292969901
0.0,3.14159265358979,0.401425727958696,5.06145483078356,0.03269234967518015,0.0416845586707632,0.02085900080745225
0.0,3.14159265358979,0.418879020478639,5.06145483078356,0.03196995363541945,0.04113988349921245,0.020217732504954698
0.0,3.14159265358979,0.436332312998582,5.06145483078356,0.031106676883490447,0.0404288170896987,0.0196052620738311
0.0,3.14159265358979,0.453785605518526,5.06145483078356,0.0303222441989467,0.0397665268000483,0.01909496427639595
0.0,3.14159265358979,0.471238898038469,5.06145483078356,0.02973510261768235,0.0392451907761141,0.0187227557038551
0.0,3.14159265358979,0.488692190558412,5.06145483078356,0.02927826999784825,0.03880902767162485,0.0183643662193211
0.0,3.14159265358979,0.506145483078356,5.06145483078356,0.02887909961115525,0.038368811677777004,0.018003067305610097
0.0,3.14159265358979,0.523598775598299,5.06145483078356,0.0285548172873829,0.0382372061062992,0.0177715899148998
0.0,3.14159265358979,0.541052068118242,5.06145483078356,0.0282499504046714,0.0381056120609405,0.0177271427027963
0.0,3.14159265358979,0.558505360638185,5.06145483078356,0.02810814155437395,0.0380192279686365,0.0174778819894289
0.0,3.14159265358979,0.575958653158129,5.06145483078356,0.028036463556115353,0.0379589687279608,0.0171843813465377
0.0,3.14159265358979,0.593411945678072,5.06145483078356,0.0277819606784277,0.03784652447301405,0.01717875717887135
0.0,3.14159265358979,0.610865238198015,5.06145483078356,0.02763920941164865,0.03761395080438565,0.01717307465542815
0.0,3.14159265358979,0.628318530717959,5.06145483078356,0.0276452780929117,0.03759113292237095,0.0171510581212315
0.0,3.14159265358979,0.645771823237902,5.06145483078356,0.0275633663975062,0.03758079846000045,0.0170291018697343
0.0,3.14159265358979,0.663225115757845,5.06145483078356,0.0273343278293748,0.03739936325378955,0.01690355744514075
0.0,3.14159265358979,0.680678408277788,5.06145483078356,0.02707665138706085,0.037250647564154554,0.0167204422294014
0.0,3.14159265358979,0.698131700797732,5.06145483078356,0.0268377153450097,0.03712995661493655,0.0165669843754049
0.0,3.14159265358979,0.715584993317675,5.06145483078356,0.026633012906586498,0.03699741653102785,0.016531054139901198
0.0,3.14159265358979,0.733038285837618,5.06145483078356,0.0265299536682052,0.0369197922021845,0.0164953336927945
0.0,3.14159265358979,0.750491578357562,5.06145483078356,0.0265678830285704,0.036763696882366956,0.01653934535798935
0.0,3.14159265358979,0.767944870877505,5.06145483078356,0.02662815413259355,0.036723705435878995,0.0166002742095271
0.0,3.14159265358979,0.785398163397448,5.06145483078356,0.02654479342762405,0.0368153957445086,0.016419035923549548
0.0,3.14159265358979,0.802851455917391,5.06145483078356,0.02646077912178455,0.036627994969921654,0.01612295422762735
0.0,3.14159265358979,0.820304748437335,5.06145483078356,0.026466130115521652,0.0365961903310586,0.0160245218145585
0.0,3.14159265358979,0.837758040957278,5.06145483078356,0.026297361648423147,0.0365908203308098,0.0161220699095829
0.0,3.14159265358979,0.855211333477221,5.06145483078356,0.0261028742997503,0.03661615973335025,0.016101195714418398
0.0,3.14159265358979,0.872664625997165,5.06145483078356,0.02600185379922975,0.03658481907930855,0.01619885709834985
0.0,3.14159265358979,0.890117918517108,5.06145483078356,0.0261226622213182,0.03650759163689665,0.01617707387525055
0.0,3.14159265358979,0.907571211037051,5.06145483078356,0.02614533983833195,0.036611943667288455,0.01619460861181895
0.0,3.14159265358979,0.925024503556995,5.06145483078356,0.0260780398650396,0.03629939828339445,0.016082929804905152
0.0,3.14159265358979,0.942477796076938,5.06145483078356,0.026064978845035003,0.0360565617366885,0.0160631585664772
0.0,3.14159265358979,0.959931088596881,5.06145483078356,0.026213241972157998,0.0360187104778276,0.0161595543179833
0.0,3.14159265358979,0.977384381116825,5.06145483078356,0.02628786652752525,0.036046743829365346,0.01619021343834315
0.0,3.14159265358979,0.994837673636768,5.06145483078356,0.02620876668725615,0.0360831385223291,0.01632976037785925
0.0,3.14159265358979,1.01229096615671,5.06145483078356,0.0262684850479113,0.03598694380195755,0.01636851301656145
0.0,3.14159265358979,1.02974425867665,5.06145483078356,0.02629780953069665,0.0358890232646998,0.016321060902185852
0.0,3.14159265358979,1.0471975511966,5.06145483078356,0.02619778416006705,0.0359299130501525,0.0162639313463359
0.0,3.14159265358979,1.06465084371654,5.06145483078356,0.02608778263281325,0.035944587973842396,0.01602456097824935
0.0,3.14159265358979,1.08210413623648,5.06145483078356,0.026060996572733,0.03606068891067505,0.0158820480108399
0.0,3.14159265358979,1.09955742875643,5.06145483078356,0.0259992460803426,0.03608476801999525,0.0157945573603315
0.0,3.14159265358979,1.11701072127637,5.06145483078356,0.026015079107291048,0.0361138838956955,0.0157480594234853
0.0,3.14159265358979,1.13446401379631,5.06145483078356,0.026111564889340952,0.0362424005382437,0.0156838529481466
0.0,3.14159265358979,1.15191730631626,5.06145483078356,0.02633220523616435,0.03638887692673535,0.01566112715884345
0.0,3.14159265358979,1.1693705988362,5.06145483078356,0.02625469175013105,0.0363956076393758,0.0155647561390165
0.0,3.14159265358979,1.18682389135614,5.06145483078356,0.0261650146104198,0.0361512474716188,0.01560275650922505
0.0,3.14159265358979,1.20427718387609,5.06145483078356,0.026229123284481702,0.03603857276835855,0.0155739490198008
0.0,3.14159265358979,1.22173047639603,5.06145483078356,0.0260309286430506,0.0357619600310944,0.01563884157488755
0.0,3.14159265358979,1.23918376891597,5.06145483078356,0.025912818871200102,0.03550263228674775,0.0157009593233665
0.0,3.14159265358979,1.25663706143592,5.06145483078356,0.025735963206448352,0.03526575924847245,0.0157096871095576
0.0,3.14159265358979,1.27409035395586,5.06145483078356,0.02540740453607205,0.0351543713685505,0.015842599468711548
0.0,3.14159265358979,1.2915436464758,5.06145483078356,0.0254794421672389,0.034969536670985804,0.01581143836837075
0.0,3.14159265358979,1.30899693899575,5.06145483078356,0.025096198299748948,0.0342726079515316,0.015470900081708948
0.0,3.14159265358979,1.32645023151569,5.06145483078356,0.02380245828895785,0.032517163182657904,0.0146693061620966
0.0,3.14159265358979,1.34390352403563,5.06145483078356,0.02206152917888375,0.0301719100460401,0.0135685587811604
0.0,3.14159265358979,1.36135681655558,5.06145483078356,0.020354681396143902,0.0278380786497506,0.012513732796528652
0.0,3.14159265358979,1.37881010907552,5.06145483078356,0.0186995143960779,0.025548285194293502,0.01152282103575105
0.0,3.14159265358979,1.39626340159546,5.06145483078356,0.01697290629359635,0.02321009516880135,0.010441022145171501
0.0,3.14159265358979,1.41371669411541,5.06145483078356,0.015301161004029649,0.0209006559575463,0.00943108846793588
0.0,3.14159265358979,1.43116998663535,5.06145483078356,0.013597720672389551,0.018579424677202652,0.008377771919445314
0.0,3.14159265358979,1.44862327915529,5.06145483078356,0.01187557578505335,0.0162437765357231,0.0073017750623765795
0.0,3.14159265358979,1.46607657167524,5.06145483078356,0.010196233423743895,0.01393223192242775,0.0062816546384741705
0.0,3.14159265358979,1.48352986419518,5.06145483078356,0.00849710922923636,0.0116110114328032,0.005234453731948694
0.0,3.14159265358979,1.50098315671512,5.06145483078356,0.006784381541141304,0.009280392340684729,0.0041709857533952805
0.0,3.14159265358979,1.51843644923507,5.06145483078356,0.00509266748701122,0.00696251265409033,0.0031341724953328097
0.0,3.14159265358979,1.53588974175501,5.06145483078356,0.003397864814506655,0.004643297839491775,0.00209298034598431
0.0,3.14159265358979,1.55334303427495,5.06145483078356,0.001695813091845845,0.0023184638159250053,0.0010436440207770249
0.0,3.14159265358979,1.5707963267949,5.06145483078356,0.001076105409270985,0.001470143214520435,0.0006631837985807455
0.0,3.14159265358979,0.0174532925199433,5.23598775598299,1.3531419150126605,1.37160506146253,1.428558916986035
0.0,3.14159265358979,0.0349065850398866,5.23598775598299,1.1758562253912155,1.1901585252800664,1.1997024218223644
0.0,3.14159265358979,0.0523598775598299,5.23598775598299,0.916053778095864,0.9362503441288066,0.9225738304139104
0.0,3.14159265358979,0.0698131700797732,5.23598775598299,0.680164516858243,0.7026912008051945,0.6797757150593775
0.0,3.14159265358979,0.0872664625997165,5.23598775598299,0.5008065091712315,0.5118402267024955,0.486218093883444
0.0,3.14159265358979,0.10471975511966,5.23598775598299,0.3625354540897725,0.36798214490548,0.3412360631033225
0.0,3.14159265358979,0.122173047639603,5.23598775598299,0.2638744400300905,0.265982264552415,0.23965398469868648
0.0,3.14159265358979,0.139626340159546,5.23598775598299,0.1971491770274895,0.196520126680132,0.1691895798915475
0.0,3.14159265358979,0.15707963267949,5.23598775598299,0.146775614356132,0.147723042331093,0.11938948115917611
0.0,3.14159265358979,0.174532925199433,5.23598775598299,0.11141671595146455,0.1138450694819747,0.08575396713883454
0.0,3.14159265358979,0.191986217719376,5.23598775598299,0.0864688025939633,0.0902597419363636,0.0630210142499068
0.0,3.14159265358979,0.20943951023932,5.23598775598299,0.06922825110746235,0.07428576575243184,0.04848683746570305
0.0,3.14159265358979,0.226892802759263,5.23598775598299,0.05805664738537181,0.0639567630592148,0.03989832462737285
0.0,3.14159265358979,0.244346095279206,5.23598775598299,0.05056279864824195,0.0571006332835556,0.0346366706206051
0.0,3.14159265358979,0.261799387799149,5.23598775598299,0.04550661967491105,0.052853243564818395,0.031046746508884254
0.0,3.14159265358979,0.279252680319093,5.23598775598299,0.0420781001427427,0.05024895819966145,0.02846007013687525
0.0,3.14159265358979,0.296705972839036,5.23598775598299,0.0397834448916086,0.048274098482562255,0.026511028295032102
0.0,3.14159265358979,0.314159265358979,5.23598775598299,0.0381016230250043,0.0466604208643224,0.024932959975314452
0.0,3.14159265358979,0.331612557878923,5.23598775598299,0.036642397230231355,0.04537553995647095,0.023740026517043503
0.0,3.14159265358979,0.349065850398866,5.23598775598299,0.03535922163320755,0.04428063536728495,0.022691080385762
0.0,3.14159265358979,0.366519142918809,5.23598775598299,0.0342688187990496,0.04329763746863245,0.0217834948353311
0.0,3.14159265358979,0.383972435438752,5.23598775598299,0.0334199650081757,0.042529559780901297,0.0211487640864867
0.0,3.14159265358979,0.401425727958696,5.23598775598299,0.03252939566763235,0.04182735918757035,0.0208360476398576
0.0,3.14159265358979,0.418879020478639,5.23598775598299,0.03180093178063745,0.0413220455571008,0.0204120559492667
0.0,3.14159265358979,0.436332312998582,5.23598775598299,0.031146589654635,0.0406760257947412,0.01978785214485935
0.0,3.14159265358979,0.453785605518526,5.23598775598299,0.030579060463706002,0.0400260704053965,0.019193848893722498
0.0,3.14159265358979,0.471238898038469,5.23598775598299,0.03000387548483445,0.03943164348824675,0.018710081984549348
0.0,3.14159265358979,0.488692190558412,5.23598775598299,0.029410025546119,0.0389748400777524,0.01834757002259645
0.0,3.14159265358979,0.506145483078356,5.23598775598299,0.0288931332040064,0.038599882414608655,0.0180784397607355
0.0,3.14159265358979,0.523598775598299,5.23598775598299,0.0285848863026955,0.038448366403277354,0.01791755210197525
0.0,3.14159265358979,0.541052068118242,5.23598775598299,0.0284173297237863,0.03834903522267375,0.0177980034527987
0.0,3.14159265358979,0.558505360638185,5.23598775598299,0.02823103322817805,0.0381335147405515,0.01761324035948945
0.0,3.14159265358979,0.575958653158129,5.23598775598299,0.028077045700417552,0.037929861904127504,0.017474209812518203
0.0,3.14159265358979,0.593411945678072,5.23598775598299,0.02788159486952245,0.03779516235017785,0.01732525236506835
0.0,3.14159265358979,0.610865238198015,5.23598775598299,0.0276567485246432,0.037649292041870897,0.0171949748173229
0.0,3.14159265358979,0.628318530717959,5.23598775598299,0.027307921750949947,0.037604724797483946,0.016998359736654797
0.0,3.14159265358979,0.645771823237902,5.23598775598299,0.0272840932913174,0.037597380978168796,0.016829637525432498
0.0,3.14159265358979,0.663225115757845,5.23598775598299,0.027369286817784298,0.03744529944584575,0.0167815002115815
0.0,3.14159265358979,0.680678408277788,5.23598775598299,0.02707022644985475,0.0372480468475843,0.01695688292412255
0.0,3.14159265358979,0.698131700797732,5.23598775598299,0.026807230758982448,0.037035471422692,0.01698897988460425
0.0,3.14159265358979,0.715584993317675,5.23598775598299,0.026693894208714652,0.0368866038064541,0.01679698502161415
0.0,3.14159265358979,0.733038285837618,5.23598775598299,0.026581038951121898,0.03684575473904105,0.01653860481098405
0.0,3.14159265358979,0.750491578357562,5.23598775598299,0.026592010673778997,0.036849660958738845,0.0164172590866289
0.0,3.14159265358979,0.767944870877505,5.23598775598299,0.0264958387220174,0.0367649317937616,0.01642044262760365
0.0,3.14159265358979,0.785398163397448,5.23598775598299,0.02654325953217445,0.037036074291126,0.0165546852276708
0.0,3.14159265358979,0.802851455917391,5.23598775598299,0.02652185931733555,0.0371669171313962,0.016608886937439497
0.0,3.14159265358979,0.820304748437335,5.23598775598299,0.0264556466498617,0.0371724435143863,0.01651015985055465
0.0,3.14159265358979,0.837758040957278,5.23598775598299,0.026418820699093,0.0371013871563785,0.01643064288803185
0.0,3.14159265358979,0.855211333477221,5.23598775598299,0.02634908159906625,0.0369056046094918,0.01637494387785065
0.0,3.14159265358979,0.872664625997165,5.23598775598299,0.0263243925806989,0.036843860798122796,0.01624681811316735
0.0,3.14159265358979,0.890117918517108,5.23598775598299,0.0263651585706181,0.03688294035095495,0.016178082552244302
0.0,3.14159265358979,0.907571211037051,5.23598775598299,0.02646364767767765,0.036801726282092745,0.016227089079760698
0.0,3.14159265358979,0.925024503556995,5.23598775598299,0.0263259672820029,0.03664487618753065,0.0164558512885748
0.0,3.14159265358979,0.942477796076938,5.23598775598299,0.02633841292029725,0.03639368734438855,0.016459468831611597
0.0,3.14159265358979,0.959931088596881,5.23598775598299,0.02616302400647825,0.0362156777406097,0.0163055792476098
0.0,3.14159265358979,0.977384381116825,5.23598775598299,0.0261293144954422,0.035989588154430055,0.0163994789679903
0.0,3.14159265358979,0.994837673636768,5.23598775598299,0.02617274629924445,0.0360275174890597,0.0164696431838373
0.0,3.14159265358979,1.01229096615671,5.23598775598299,0.026106191987360097,0.0361220109939461,0.0166148419820713
0.0,3.14159265358979,1.02974425867665,5.23598775598299,0.0259681924231059,0.03622955399538145,0.016633225134330548
0.0,3.14159265358979,1.0471975511966,5.23598775598299,0.0261038518594099,0.03656659805756375,0.016656435178897998
0.0,3.14159265358979,1.06465084371654,5.23598775598299,0.02613374291908355,0.0367371611397411,0.016474519338759798
0.0,3.14159265358979,1.08210413623648,5.23598775598299,0.026246830479029648,0.03679848733498355,0.01647314232173195
0.0,3.14159265358979,1.09955742875643,5.23598775598299,0.026287962162195852,0.03682237554543815,0.016349229800860753
0.0,3.14159265358979,1.11701072127637,5.23598775598299,0.0262456863253204,0.036736017618584305,0.016305714415627802
0.0,3.14159265358979,1.13446401379631,5.23598775598299,0.02607700889474025,0.03665843967077255,0.01622398227331425
0.0,3.14159265358979,1.15191730631626,5.23598775598299,0.02608408239046155,0.0367011824140928,0.01622171628009965
0.0,3.14159265358979,1.1693705988362,5.23598775598299,0.02588304162626835,0.03669806620583635,0.01606894144519365
0.0,3.14159265358979,1.18682389135614,5.23598775598299,0.02601083231956675,0.0368013696826867,0.01605097425621565
0.0,3.14159265358979,1.20427718387609,5.23598775598299,0.0258173288003318,0.03652425376991595,0.01597757885482985
0.0,3.14159265358979,1.22173047639603,5.23598775598299,0.02581501853326735,0.0364178577440288,0.0159009746789859
0.0,3.14159265358979,1.23918376891597,5.23598775598299,0.025736531669770947,0.0362209125410423,0.01583593486317705
0.0,3.14159265358979,1.25663706143592,5.23598775598299,0.025589197920948,0.0360118754581652,0.01579178146917295
0.0,3.14159265358979,1.27409035395586,5.23598775598299,0.0254778347926679,0.03586890920802535,0.0158292442807308
0.0,3.14159265358979,1.2915436464758,5.23598775598299,0.0254069571224788,0.035777299836821,0.015844671139649852
0.0,3.14159265358979,1.30899693899575,5.23598775598299,0.02511180460715775,0.035140747821386153,0.0156942015245819
0.0,3.14159265358979,1.32645023151569,5.23598775598299,0.0236456696997522,0.033056031421183296,0.0147867232764223
0.0,3.14159265358979,1.34390352403563,5.23598775598299,0.0219388254735993,0.03070238142837655,0.0137348101122352
0.0,3.14159265358979,1.36135681655558,5.23598775598299,0.02029604735634585,0.02838620396556105,0.01265238053325475
0.0,3.14159265358979,1.37881010907552,5.23598775598299,0.01853897086921935,0.02602806545006425,0.011632096355228001
0.0,3.14159265358979,1.39626340159546,5.23598775598299,0.016896438361365798,0.02362832831990875,0.010557650130631549
0.0,3.14159265358979,1.41371669411541,5.23598775598299,0.01520328670073375,0.0212874340061734,0.009503196311431965
0.0,3.14159265358979,1.43116998663535,5.23598775598299,0.01351268042946065,0.0188904413225712,0.008449118949355286
0.0,3.14159265358979,1.44862327915529,5.23598775598299,0.0118233377354331,0.01654193100211555,0.00738984531576641
0.0,3.14159265358979,1.46607657167524,5.23598775598299,0.010159381149224284,0.0142082936767951,0.006315919248278395
0.0,3.14159265358979,1.48352986419518,5.23598775598299,0.00844117898793174,0.01181540846045015,0.0052766955385106
0.0,3.14159265358979,1.50098315671512,5.23598775598299,0.006761799745062035,0.009456787061265789,0.004219889711279234
0.0,3.14159265358979,1.51843644923507,5.23598775598299,0.00506503579343806,0.007099574546372655,0.00316731090300933
0.0,3.14159265358979,1.53588974175501,5.23598775598299,0.00337762276438949,0.004722938187540435,0.00211244715538213
0.0,3.14159265358979,1.55334303427495,5.23598775598299,0.00168873216032721,0.00236321350496649,0.00105336601333415
0.0,3.14159265358979,1.5707963267949,5.23598775598299,0.000941491916482457,0.0013190384697453349,0.0005959244493501509
0.0,3.14159265358979,0.0174532925199433,5.41052068118242,1.3320769356836035,1.351848476868088,1.4066179134870935
0.0,3.14159265358979,0.0349065850398866,5.41052068118242,1.151431243876609,1.1685084684384315,1.1765391195068524
0.0,3.14159265358979,0.0523598775598299,5.41052068118242,0.9138819365342989,0.935225958635858,0.9121672872285516
0.0,3.14159265358979,0.0698131700797732,5.41052068118242,0.6837985065602985,0.708756606979897,0.6748777854879859
0.0,3.14159265358979,0.0872664625997165,5.41052068118242,0.509825619531204,0.5255958242058925,0.489011228263996
0.0,3.14159265358979,0.10471975511966,5.41052068118242,0.374835733646233,0.3833808634975685,0.3511165847831365
0.0,3.14159265358979,0.122173047639603,5.41052068118242,0.274764229670441,0.27907968624185,0.255037320977786
0.0,3.14159265358979,0.139626340159546,5.41052068118242,0.2035701335221315,0.2075648407380905,0.186239480334298
0.0,3.14159265358979,0.15707963267949,5.41052068118242,0.149941047207848,0.1564486260715265,0.132226353877993
0.0,3.14159265358979,0.174532925199433,5.41052068118242,0.1119491360217033,0.11858671848443911,0.09328586671957105
0.0,3.14159265358979,0.191986217719376,5.41052068118242,0.08635461709368686,0.0922356146680364,0.06651326416114375
0.0,3.14159265358979,0.20943951023932,5.41052068118242,0.0697410531274278,0.0755656274752648,0.0499913758302227
0.0,3.14159265358979,0.226892802759263,5.41052068118242,0.05858610266996855,0.06508368104672681,0.04088039469381295
0.0,3.14159265358979,0.244346095279206,5.41052068118242,0.050958021639482695,0.05816173063553309,0.03539107639512795
0.0,3.14159265358979,0.261799387799149,5.41052068118242,0.04575375397786005,0.0537210399924678,0.0316818028167714
0.0,3.14159265358979,0.279252680319093,5.41052068118242,0.0420357416980255,0.0503836999350446,0.0285593043135885
0.0,3.14159265358979,0.296705972839036,5.41052068118242,0.03956797072342325,0.0479471669849731,0.025950541223816
0.0,3.14159265358979,0.314159265358979,5.41052068118242,0.03789465415182095,0.04645248690941105,0.024483201331940402
0.0,3.14159265358979,0.331612557878923,5.41052068118242,0.03643424522500405,0.04514553014761165,0.0234685510863918
0.0,3.14159265358979,0.349065850398866,5.41052068118242,0.0352325005823733,0.044080014484600055,0.02263724463241175
0.0,3.14159265358979,0.366519142918809,5.41052068118242,0.03420734385006011,0.04307506374215855,0.02202237040373945
0.0,3.14159265358979,0.383972435438752,5.41052068118242,0.033352142535184745,0.0423167000655834,0.021303202807277898
0.0,3.14159265358979,0.401425727958696,5.41052068118242,0.03242693545036465,0.0417516494359208,0.020643807453591352
0.0,3.14159265358979,0.418879020478639,5.41052068118242,0.03167593224487775,0.04132426102297965,0.0201224780709837
0.0,3.14159265358979,0.436332312998582,5.41052068118242,0.0310278712741583,0.0408770433147851,0.0197594884387017
0.0,3.14159265358979,0.453785605518526,5.41052068118242,0.03042782272782755,0.0402727711394736,0.01948034211533345
0.0,3.14159265358979,0.471238898038469,5.41052068118242,0.0298784181716901,0.039633732572028804,0.01910024821226275
0.0,3.14159265358979,0.488692190558412,5.41052068118242,0.0294557908784401,0.039119989749039,0.0186277798180331
0.0,3.14159265358979,0.506145483078356,5.41052068118242,0.0290816906240063,0.03876640854935205,0.018253557390861798
0.0,3.14159265358979,0.523598775598299,5.41052068118242,0.028778541733797347,0.038571039721602,0.0180702174868713
0.0,3.14159265358979,0.541052068118242,5.41052068118242,0.0284699430433032,0.03835321338396955,0.01788180409655135
0.0,3.14159265358979,0.558505360638185,5.41052068118242,0.0281150598887736,0.03814034908344905,0.0176719692267525
0.0,3.14159265358979,0.575958653158129,5.41052068118242,0.02778577864834025,0.037920595776775,0.01755171259508055
0.0,3.14159265358979,0.593411945678072,5.41052068118242,0.0274153870963717,0.037778247536046305,0.017523379306028
0.0,3.14159265358979,0.610865238198015,5.41052068118242,0.027217202220882697,0.03760149134568305,0.01731492667777525
0.0,3.14159265358979,0.628318530717959,5.41052068118242,0.027159059796658898,0.037539981074753453,0.01714452665709915
0.0,3.14159265358979,0.645771823237902,5.41052068118242,0.02702826779827045,0.037478465543665254,0.0170638987587598
0.0,3.14159265358979,0.663225115757845,5.41052068118242,0.0269411085116913,0.0372649586745512,0.01691208255880485
0.0,3.14159265358979,0.680678408277788,5.41052068118242,0.0268118318432402,0.037101308422469295,0.016741960107905948
0.0,3.14159265358979,0.698131700797732,5.41052068118242,0.02669756126534445,0.0370776622432963,0.01654436488901475
0.0,3.14159265358979,0.715584993317675,5.41052068118242,0.02656655992957485,0.0369247408184219,0.016531345379574
0.0,3.14159265358979,0.733038285837618,5.41052068118242,0.0264260654966885,0.03679572244068395,0.0167022086584718
0.0,3.14159265358979,0.750491578357562,5.41052068118242,0.0263491212115173,0.0366491473577784,0.01676579841747155
0.0,3.14159265358979,0.767944870877505,5.41052068118242,0.026300545280060747,0.0366566662084342,0.016731333221002148
0.0,3.14159265358979,0.785398163397448,5.41052068118242,0.026198727793977347,0.0368079146327555,0.01683498637777825
0.0,3.14159265358979,0.802851455917391,5.41052068118242,0.026194224993921,0.03689109298059095,0.016785349876915448
0.0,3.14159265358979,0.820304748437335,5.41052068118242,0.02627981237959745,0.0368691189296054,0.01662417610353415
0.0,3.14159265358979,0.837758040957278,5.41052068118242,0.0263065218597058,0.03683568421802135,0.0164849542925627
0.0,3.14159265358979,0.855211333477221,5.41052068118242,0.02623493605795155,0.036865237616965904,0.01644441328406835
0.0,3.14159265358979,0.872664625997165,5.41052068118242,0.0261564370024637,0.03681747621307485,0.016389721735023448
0.0,3.14159265358979,0.890117918517108,5.41052068118242,0.026037497392622802,0.03679296270029635,0.016277464905595
0.0,3.14159265358979,0.907571211037051,5.41052068118242,0.02575938015849535,0.03665487677688365,0.01623629287262055
0.0,3.14159265358979,0.925024503556995,5.41052068118242,0.0257800295658131,0.036743770362648,0.0163389178627728
0.0,3.14159265358979,0.942477796076938,5.41052068118242,0.02582879232243,0.036696986254202604,0.016394188439257752
0.0,3.14159265358979,0.959931088596881,5.41052068118242,0.02588988078591735,0.03654405152086415,0.016338624375095402
0.0,3.14159265358979,0.977384381116825,5.41052068118242,0.02607770517072665,0.0366256917229178,0.01646703472422415
0.0,3.14159265358979,0.994837673636768,5.41052068118242,0.0261423591599333,0.036495312711623304,0.01650863742962525
0.0,3.14159265358979,1.01229096615671,5.41052068118242,0.026166931664425,0.03642202429040845,0.0165097909526958
0.0,3.14159265358979,1.02974425867665,5.41052068118242,0.0261391832035468,0.036403580391919696,0.0166010671646629
0.0,3.14159265358979,1.0471975511966,5.41052068118242,0.0259800304302884,0.03631263718608855,0.0164339731075226
0.0,3.14159265358979,1.06465084371654,5.41052068118242,0.025741869827229348,0.036370895786424495,0.01647938860771405
0.0,3.14159265358979,1.08210413623648,5.41052068118242,0.0256095514099065,0.03655486173482475,0.016349519691132797
0.0,3.14159265358979,1.09955742875643,5.41052068118242,0.0255371131207523,0.0365159164285535,0.01620244357869645
0.0,3.14159265358979,1.11701072127637,5.41052068118242,0.025648243282215752,0.0364604914022957,0.016220684008247548
0.0,3.14159265358979,1.13446401379631,5.41052068118242,0.0256501727225448,0.036448997726945945,0.0161384385662088
0.0,3.14159265358979,1.15191730631626,5.41052068118242,0.025615315911938448,0.0364095149181536,0.016097593153209702
0.0,3.14159265358979,1.1693705988362,5.41052068118242,0.02564313861126925,0.036423106839608,0.01608187647771105
0.0,3.14159265358979,1.18682389135614,5.41052068118242,0.025653489630069,0.0364380244445371,0.01597141549733775
0.0,3.14159265358979,1.20427718387609,5.41052068118242,0.025633089691529748,0.03651129540035595,0.015948405649679052
0.0,3.14159265358979,1.22173047639603,5.41052068118242,0.025554685631997448,0.03620300121826195,0.0158492726038622
0.0,3.14159265358979,1.23918376891597,5.41052068118242,0.02538565052936035,0.0359360688450476,0.01578195030087115
0.0,3.14159265358979,1.25663706143592,5.41052068118242,0.025428908607747353,0.035865075000229105,0.0157941209145231
0.0,3.14159265358979,1.27409035395586,5.41052068118242,0.025382383432780098,0.03579296354831265,0.01575055349138995
0.0,3.14159265358979,1.2915436464758,5.41052068118242,0.02515840227786255,0.035471543813231504,0.01580395617107435
0.0,3.14159265358979,1.30899693899575,5.41052068118242,0.024763145993817952,0.03492200008167465,0.0155327044815228
0.0,3.14159265358979,1.32645023151569,5.41052068118242,0.023456437645943247,0.03305743115871655,0.0146622080209186
0.0,3.14159265358979,1.34390352403563,5.41052068118242,0.0217819762781072,0.030678107206185152,0.01361072166620405
0.0,3.14159265358979,1.36135681655558,5.41052068118242,0.02009773524586455,0.028375641798974498,0.0125643396778152
0.0,3.14159265358979,1.37881010907552,5.41052068118242,0.018426238614555848,0.02599162588068065,0.011529511771710101
0.0,3.14159265358979,1.39626340159546,5.41052068118242,0.0167523279386271,0.0236259072893867,0.0104694426069277
0.0,3.14159265358979,1.41371669411541,5.41052068118242,0.01507826326914085,0.021281090188077,0.009415067724569775
0.0,3.14159265358979,1.43116998663535,5.41052068118242,0.0134023732305563,0.018893614011328302,0.008376832563552209
0.0,3.14159265358979,1.44862327915529,5.41052068118242,0.011716025691172648,0.01652489261220165,0.007352205382138155
0.0,3.14159265358979,1.46607657167524,5.41052068118242,0.0100528081352955,0.0141703340551646,0.0062784091660746146
0.0,3.14159265358979,1.48352986419518,5.41052068118242,0.008376363644682881,0.0118023856992311,0.005235388358922561
0.0,3.14159265358979,1.50098315671512,5.41052068118242,0.006698254291768501,0.009458608962974815,0.00418658537904433
0.0,3.14159265358979,1.51843644923507,5.41052068118242,0.005024951804593155,0.007091225345927705,0.00313837401157123
0.0,3.14159265358979,1.53588974175501,5.41052068118242,0.0033486364959267097,0.0047223993373364855,0.002092680908082895
0.0,3.14159265358979,1.55334303427495,5.41052068118242,0.001673638432523645,0.00236153080880379,0.001045231574195795
0.0,3.14159265358979,1.5707963267949,5.41052068118242,-8.05421584235131e-06,-1.763782260678915e-05,-2.8824885249315052e-06
0.0,3.14159265358979,0.0174532925199433,5.58505360638185,1.313574802844565,1.3346466571526294,1.3898488834896465
0.0,3.14159265358979,0.0349065850398866,5.58505360638185,1.1367847670893285,1.1558093884801002,1.165183688534468
0.0,3.14159265358979,0.0523598775598299,5.58505360638185,0.9135248240932751,0.934172166259466,0.9121528841798106
0.0,3.14159265358979,0.0698131700797732,5.58505360638185,0.6908259712583925,0.7136073695476894,0.6808348384969695
0.0,3.14159265358979,0.0872664625997165,5.58505360638185,0.519621205308301,0.5330380670550949,0.49652096842798144
0.0,3.14159265358979,0.10471975511966,5.58505360638185,0.3863919439368435,0.396060263481681,0.3655747808806415
0.0,3.14159265358979,0.122173047639603,5.58505360638185,0.2838472545991765,0.29153820915076,0.2681510167873485
0.0,3.14159265358979,0.139626340159546,5.58505360638185,0.2064487033858265,0.2163470936683825,0.1943861832914065
0.0,3.14159265358979,0.15707963267949,5.58505360638185,0.150570404639006,0.1629632624039895,0.14048856230830076
0.0,3.14159265358979,0.174532925199433,5.58505360638185,0.11063272195069304,0.12151937947569574,0.09813439877121136
0.0,3.14159265358979,0.191986217719376,5.58505360638185,0.0832660055517411,0.09247093057384931,0.06806118919843725
0.0,3.14159265358979,0.20943951023932,5.58505360638185,0.06744631018231856,0.07554606643612166,0.0512652990319196
0.0,3.14159265358979,0.226892802759263,5.58505360638185,0.0577684500535396,0.0654678083427017,0.04190198548428905
0.0,3.14159265358979,0.244346095279206,5.58505360638185,0.0505790222604193,0.05878616860285725,0.0361834369365559
0.0,3.14159265358979,0.261799387799149,5.58505360638185,0.045564295064916896,0.05407297632800425,0.03211081823822875
0.0,3.14159265358979,0.279252680319093,5.58505360638185,0.041996104730994244,0.0506494417264223,0.028908440699297648
0.0,3.14159265358979,0.296705972839036,5.58505360638185,0.03941456371202365,0.04819829854865475,0.02640144669755265
0.0,3.14159265358979,0.314159265358979,5.58505360638185,0.0376268714699401,0.0465285699336613,0.0247944928312673
0.0,3.14159265358979,0.331612557878923,5.58505360638185,0.0361586042942221,0.04504885260260165,0.02354048726399125
0.0,3.14159265358979,0.349065850398866,5.58505360638185,0.0348498228485834,0.043765728842817306,0.02251707905374625
0.0,3.14159265358979,0.366519142918809,5.58505360638185,0.03381788285852175,0.04288476403949275,0.021825582878651502
0.0,3.14159265358979,0.383972435438752,5.58505360638185,0.0330048505279201,0.04222918547159925,0.021206014999850947
0.0,3.14159265358979,0.401425727958696,5.58505360638185,0.03224116252263935,0.0416015716269557,0.02066051973312745
0.0,3.14159265358979,0.418879020478639,5.58505360638185,0.0315584035512232,0.04099931437158855,0.02007787417104685
0.0,3.14159265358979,0.436332312998582,5.58505360638185,0.0308559960772458,0.0403807032928612,0.019510132722567297
0.0,3.14159265358979,0.453785605518526,5.58505360638185,0.030234173775452552,0.0399280981559895,0.019031417942683
0.0,3.14159265358979,0.471238898038469,5.58505360638185,0.02964439301508775,0.03942530567268045,0.0186310763363345
0.0,3.14159265358979,0.488692190558412,5.58505360638185,0.0290871433532899,0.0389002876792765,0.018250748042950002
0.0,3.14159265358979,0.506145483078356,5.58505360638185,0.028696081860258002,0.038513882047883,0.017969482021907
0.0,3.14159265358979,0.523598775598299,5.58505360638185,0.02840900894094615,0.03829053899251305,0.01781362009038765
0.0,3.14159265358979,0.541052068118242,5.58505360638185,0.0281561338505715,0.03820488481346175,0.0177514509534793
0.0,3.14159265358979,0.558505360638185,5.58505360638185,0.02791324997466215,0.0380001754483581,0.01761212090316555
0.0,3.14159265358979,0.575958653158129,5.58505360638185,0.027637064129772848,0.03769122581487685,0.017422999241831452
0.0,3.14159265358979,0.593411945678072,5.58505360638185,0.02738747496959895,0.03741061385332515,0.017357105208850802
0.0,3.14159265358979,0.610865238198015,5.58505360638185,0.0271685362266996,0.0372259481420157,0.01731759452478865
0.0,3.14159265358979,0.628318530717959,5.58505360638185,0.027003103049187,0.03724118601183355,0.017176527722763
0.0,3.14159265358979,0.645771823237902,5.58505360638185,0.0268245624014836,0.037321761743577445,0.0170082193976772
0.0,3.14159265358979,0.663225115757845,5.58505360638185,0.02674722186891005,0.03732044766507075,0.0169165001124385
0.0,3.14159265358979,0.680678408277788,5.58505360638185,0.02668574562721155,0.037111420508116055,0.0169002688357293
0.0,3.14159265358979,0.698131700797732,5.58505360638185,0.02632561100959465,0.03687615877094695,0.0168620653077483
0.0,3.14159265358979,0.715584993317675,5.58505360638185,0.02617189217992645,0.0368244806259134,0.016848260678974047
0.0,3.14159265358979,0.733038285837618,5.58505360638185,0.026189613517046,0.03681813700688155,0.01681936109571775
0.0,3.14159265358979,0.750491578357562,5.58505360638185,0.02623648383279165,0.03658397350595355,0.01681366906039545
0.0,3.14159265358979,0.767944870877505,5.58505360638185,0.026201260805361,0.03635639677913505,0.0166799533066765
0.0,3.14159265358979,0.785398163397448,5.58505360638185,0.0261244850768507,0.0364244000770148,0.0166169018005161
0.0,3.14159265358979,0.802851455917391,5.58505360638185,0.0260242267753647,0.036536241456055094,0.01660088492771665
0.0,3.14159265358979,0.820304748437335,5.58505360638185,0.0259188531841062,0.036588962479946446,0.01664805054722485
0.0,3.14159265358979,0.837758040957278,5.58505360638185,0.02583450954300795,0.036664484470626105,0.01670602985627195
0.0,3.14159265358979,0.855211333477221,5.58505360638185,0.02592779357654955,0.036781383459993,0.0166582051397361
0.0,3.14159265358979,0.872664625997165,5.58505360638185,0.025943228548781602,0.0367980443815928,0.01662874957284815
0.0,3.14159265358979,0.890117918517108,5.58505360638185,0.0259419157825364,0.03691236973796495,0.016725687949781798
0.0,3.14159265358979,0.907571211037051,5.58505360638185,0.02581428614452585,0.0366078207519215,0.01653993633521235
0.0,3.14159265358979,0.925024503556995,5.58505360638185,0.02587262075704535,0.0365110660101818,0.0164423469984787
0.0,3.14159265358979,0.942477796076938,5.58505360638185,0.025963465435744397,0.03656699876490245,0.01651220658615305
0.0,3.14159265358979,0.959931088596881,5.58505360638185,0.026037292224023498,0.03640786943759975,0.016452498600235947
0.0,3.14159265358979,0.977384381116825,5.58505360638185,0.0261065689616901,0.0362655589137242,0.016418743452517003
0.0,3.14159265358979,0.994837673636768,5.58505360638185,0.02610282674959965,0.03625886391713275,0.0163564287084489
0.0,3.14159265358979,1.01229096615671,5.58505360638185,0.0259760550393959,0.0360841545628358,0.01628941208604605
0.0,3.14159265358979,1.02974425867665,5.58505360638185,0.02578967532223115,0.03581383918313315,0.01642266424556535
0.0,3.14159265358979,1.0471975511966,5.58505360638185,0.02557660764093765,0.0357412831589598,0.01650068520337975
0.0,3.14159265358979,1.06465084371654,5.58505360638185,0.025540298175119748,0.0358607226347059,0.016623308796108148
0.0,3.14159265358979,1.08210413623648,5.58505360638185,0.02561373236277875,0.035945247268973704,0.016451074554354052
0.0,3.14159265358979,1.09955742875643,5.58505360638185,0.025664188321726948,0.03609762807360375,0.0163029994704257
0.0,3.14159265358979,1.11701072127637,5.58505360638185,0.02565100402702135,0.03603865942643935,0.01619812138610915
0.0,3.14159265358979,1.13446401379631,5.58505360638185,0.0257676839854186,0.036007990316979654,0.0160874414513638
0.0,3.14159265358979,1.15191730631626,5.58505360638185,0.0257190013394464,0.0360776948085249,0.01612490802188275
0.0,3.14159265358979,1.1693705988362,5.58505360638185,0.025690123895724302,0.036140787139024855,0.0161638968367238
0.0,3.14159265358979,1.18682389135614,5.58505360638185,0.02546510224091605,0.035990635304314,0.0161620763841729
0.0,3.14159265358979,1.20427718387609,5.58505360638185,0.02533932546931095,0.03585537858227085,0.01613281532411695
0.0,3.14159265358979,1.22173047639603,5.58505360638185,0.025177138597920798,0.035636791585594546,0.01617172288947015
0.0,3.14159265358979,1.23918376891597,5.58505360638185,0.025040636390413,0.03559600464902075,0.0161566122251058
0.0,3.14159265358979,1.25663706143592,5.58505360638185,0.0250248903307518,0.03540013073095455,0.01615441133592585
0.0,3.14159265358979,1.27409035395586,5.58505360638185,0.02496635976491245,0.035225578262162355,0.01616674405082175
0.0,3.14159265358979,1.2915436464758,5.58505360638185,0.02479697584797595,0.0350880394437412,0.01604984320836035
0.0,3.14159265358979,1.30899693899575,5.58505360638185,0.02450436839573,0.034574635372324,0.01586767239948635
0.0,3.14159265358979,1.32645023151569,5.58505360638185,0.023189913941535002,0.032753639890314296,0.015014946114928901
0.0,3.14159265358979,1.34390352403563,5.58505360638185,0.02154724731879085,0.03042203612128755,0.01394381243006565
0.0,3.14159265358979,1.36135681655558,5.58505360638185,0.01983292261488285,0.02806879750715845,0.012865418764467
0.0,3.14159265358979,1.37881010907552,5.58505360638185,0.0182046859489196,0.02572103641259715,0.011795150513602099
0.0,3.14159265358979,1.39626340159546,5.58505360638185,0.01655057672037115,0.02339105293207755,0.010723971804326049
0.0,3.14159265358979,1.41371669411541,5.58505360638185,0.014884058694968599,0.02105526350564665,0.009652984353158079
0.0,3.14159265358979,1.43116998663535,5.58505360638185,0.0132463155117248,0.0187141590560215,0.008579288190392938
0.0,3.14159265358979,1.44862327915529,5.58505360638185,0.011596391826764401,0.0163570997623201,0.007509661512720705
0.0,3.14159265358979,1.46607657167524,5.58505360638185,0.009935359657402734,0.0140395328196623,0.00643526353118333
0.0,3.14159265358979,1.48352986419518,5.58505360638185,0.00828269231877272,0.011697013237462951,0.00536184165217033
0.0,3.14159265358979,1.50098315671512,5.58505360638185,0.00661182058059288,0.00935315853000745,0.00428961138163363
0.0,3.14159265358979,1.51843644923507,5.58505360638185,0.00496098518746931,0.00701660789941569,0.003216888499281255
0.0,3.14159265358979,1.53588974175501,5.58505360638185,0.003308423506449795,0.004675714519525055,0.002143621005867445
0.0,3.14159265358979,1.55334303427495,5.58505360638185,0.00165252304317462,0.002337057609216505,0.0010714293637227
0.0,3.14159265358979,1.5707963267949,5.58505360638185,-3.311208402009825e-06,-1.1416296330474235e-05,-5.377686135239755e-06
0.0,3.14159265358979,0.0174532925199433,5.75958653158129,1.2981976944393359,1.320522270903673,1.3787613454846255
0.0,3.14159265358979,0.0349065850398866,5.75958653158129,1.132361820815083,1.152447140523562,1.1659811579291985
0.0,3.14159265358979,0.0523598775598299,5.75958653158129,0.8871091444582515,0.9131094105346755,0.9003473306935105
0.0,3.14159265358979,0.0698131700797732,5.75958653158129,0.6950409543205409,0.71725719009324,0.69394160343793
0.0,3.14159265358979,0.0872664625997165,5.75958653158129,0.519914794365444,0.5334263145129916,0.5078615375235915
0.0,3.14159265358979,0.10471975511966,5.75958653158129,0.394915999806876,0.402243093910011,0.3810838625148445
0.0,3.14159265358979,0.122173047639603,5.75958653158129,0.2909049386014,0.3015657377597445,0.28037478528420146
0.0,3.14159265358979,0.139626340159546,5.75958653158129,0.2139145431378245,0.223181172955049,0.198246548434814
0.0,3.14159265358979,0.15707963267949,5.75958653158129,0.1566083621183695,0.1661859319706645,0.14247534057942401
0.0,3.14159265358979,0.174532925199433,5.75958653158129,0.1166553911710335,0.1259029014963705,0.10352026513230689
0.0,3.14159265358979,0.191986217719376,5.75958653158129,0.0878566610494409,0.09769643129098415,0.0749091475846232
0.0,3.14159265358979,0.20943951023932,5.75958653158129,0.06884823909963331,0.07884378967084395,0.0555575555995297
0.0,3.14159265358979,0.226892802759263,5.75958653158129,0.05816308066100215,0.06672446311938596,0.04378616208858675
0.0,3.14159265358979,0.244346095279206,5.75958653158129,0.05105865039416125,0.058895263978369056,0.03628800203839085
0.0,3.14159265358979,0.261799387799149,5.75958653158129,0.04602342766083995,0.05426204037729355,0.0321754312033868
0.0,3.14159265358979,0.279252680319093,5.75958653158129,0.0424016161509109,0.05117513966593315,0.029250728210250952
0.0,3.14159265358979,0.296705972839036,5.75958653158129,0.03961689550637335,0.0487963750304772,0.0267347696857427
0.0,3.14159265358979,0.314159265358979,5.75958653158129,0.03752425839342445,0.04672186203610265,0.02467693997806815
0.0,3.14159265358979,0.331612557878923,5.75958653158129,0.035828706632868954,0.04507165546082785,0.0233210077059174
0.0,3.14159265358979,0.349065850398866,5.75958653158129,0.034446680923185105,0.0437078776156739,0.0223462760381389
0.0,3.14159265358979,0.366519142918809,5.75958653158129,0.0335413378235252,0.04279472077658755,0.02161637888213635
0.0,3.14159265358979,0.383972435438752,5.75958653158129,0.03280646508581035,0.04214406483593015,0.0209234467892431
0.0,3.14159265358979,0.401425727958696,5.75958653158129,0.03206898674535475,0.0413942376838956,0.0203099006495992
0.0,3.14159265358979,0.418879020478639,5.75958653158129,0.0313823048562214,0.0408224802136011,0.0197912765563358
0.0,3.14159265358979,0.436332312998582,5.75958653158129,0.0306970308256228,0.04025089322601965,0.019177168009635197
0.0,3.14159265358979,0.453785605518526,5.75958653158129,0.03004792872986415,0.03965962074316565,0.0186310431118577
0.0,3.14159265358979,0.471238898038469,5.75958653158129,0.02941875463253665,0.03917200330738505,0.018298843337487103
0.0,3.14159265358979,0.488692190558412,5.75958653158129,0.028829151767914,0.03864182659864995,0.01803522379014055
0.0,3.14159265358979,0.506145483078356,5.75958653158129,0.02852262241096755,0.0383527222057016,0.01793812160703465
0.0,3.14159265358979,0.523598775598299,5.75958653158129,0.0282550860817583,0.0382818352272073,0.01792370951628225
0.0,3.14159265358979,0.541052068118242,5.75958653158129,0.027884732240464352,0.03801360171319915,0.01774282174397855
0.0,3.14159265358979,0.558505360638185,5.75958653158129,0.027807328275204,0.037762296635562145,0.0176723464680804
0.0,3.14159265358979,0.575958653158129,5.75958653158129,0.027454528944867447,0.037497205967546354,0.0174186184144017
0.0,3.14159265358979,0.593411945678072,5.75958653158129,0.0270197309396259,0.037307370765044,0.0172058946227795
0.0,3.14159265358979,0.610865238198015,5.75958653158129,0.026706281579407652,0.0370366384048487,0.0170623381453825
0.0,3.14159265358979,0.628318530717959,5.75958653158129,0.0266799987696251,0.036905274233593854,0.0169625758705362
0.0,3.14159265358979,0.645771823237902,5.75958653158129,0.026583722983584,0.036957400459160655,0.0168714087799482
0.0,3.14159265358979,0.663225115757845,5.75958653158129,0.02647164426783295,0.0370824556430422,0.016756265741267047
0.0,3.14159265358979,0.680678408277788,5.75958653158129,0.0263251322302404,0.036739868066378356,0.0164731354422133
0.0,3.14159265358979,0.698131700797732,5.75958653158129,0.0261557989800033,0.036559278688362104,0.01645461032956525
0.0,3.14159265358979,0.715584993317675,5.75958653158129,0.02601677450780025,0.0364412843978194,0.016549109445845
0.0,3.14159265358979,0.733038285837618,5.75958653158129,0.02593123363509555,0.036417847710670345,0.01648565017743265
0.0,3.14159265358979,0.750491578357562,5.75958653158129,0.0259115578783002,0.03637589001787535,0.01642716149472705
0.0,3.14159265358979,0.767944870877505,5.75958653158129,0.0258958513623382,0.0362860692150718,0.0164465531074275
0.0,3.14159265358979,0.785398163397448,5.75958653158129,0.025784767852899203,0.03614237417588145,0.01650077803791035
0.0,3.14159265358979,0.802851455917391,5.75958653158129,0.025825722917687997,0.0361770691244988,0.0165752236856651
0.0,3.14159265358979,0.820304748437335,5.75958653158129,0.025837794891251,0.03606892097418285,0.01650645359120705
0.0,3.14159265358979,0.837758040957278,5.75958653158129,0.025779594380811448,0.0357757739508789,0.016503903813427
0.0,3.14159265358979,0.855211333477221,5.75958653158129,0.0256472997989525,0.0358276182023576,0.0163284004210341
0.0,3.14159265358979,0.872664625997165,5.75958653158129,0.0256529171768625,0.0358678849177345,0.0161533640575726
0.0,3.14159265358979,0.890117918517108,5.75958653158129,0.0257581461346963,0.03595343227105095,0.016061624912589598
0.0,3.14159265358979,0.907571211037051,5.75958653158129,0.0257830481765272,0.036115985566976996,0.01601900627848115
0.0,3.14159265358979,0.925024503556995,5.75958653158129,0.02568102900879115,0.0360084165661516,0.016012158453860552
0.0,3.14159265358979,0.942477796076938,5.75958653158129,0.025646264693762702,0.0358371251453387,0.015923922086577398
0.0,3.14159265358979,0.959931088596881,5.75958653158129,0.02544473124173005,0.0357662798524582,0.0158076638472339
0.0,3.14159265358979,0.977384381116825,5.75958653158129,0.02538515883180585,0.03565236573774795,0.0158347036472161
0.0,3.14159265358979,0.994837673636768,5.75958653158129,0.025395664205815703,0.03546188088077485,0.01579101136820485
0.0,3.14159265358979,1.01229096615671,5.75958653158129,0.025457019494949253,0.0350750099097043,0.01573972782332595
0.0,3.14159265358979,1.02974425867665,5.75958653158129,0.025403835594889748,0.0349850189470034,0.01563002100224875
0.0,3.14159265358979,1.0471975511966,5.75958653158129,0.0254739273931817,0.03497431236215995,0.015796505909926997
0.0,3.14159265358979,1.06465084371654,5.75958653158129,0.02541179624401395,0.035171610558776906,0.0154613164175405
0.0,3.14159265358979,1.08210413623648,5.75958653158129,0.025433013700847898,0.0353683491834972,0.015338076426965051
0.0,3.14159265358979,1.09955742875643,5.75958653158129,0.0253610079453773,0.03548333706427085,0.0151255784130631
0.0,3.14159265358979,1.11701072127637,5.75958653158129,0.02524716763780225,0.035595979366753,0.015162175662081799
0.0,3.14159265358979,1.13446401379631,5.75958653158129,0.025268604864702497,0.035603844483223,0.0152239519324383
0.0,3.14159265358979,1.15191730631626,5.75958653158129,0.02525595097825625,0.03555221928842715,0.01522115609423515
0.0,3.14159265358979,1.1693705988362,5.75958653158129,0.02530086429013875,0.03545641744678525,0.01519620075688595
0.0,3.14159265358979,1.18682389135614,5.75958653158129,0.025249115177283447,0.0354737260786189,0.01515272108958575
0.0,3.14159265358979,1.20427718387609,5.75958653158129,0.02518723584696505,0.035294148645988246,0.01511369418042965
0.0,3.14159265358979,1.22173047639603,5.75958653158129,0.025039570326185652,0.0350457561305106,0.01505645620641155
0.0,3.14159265358979,1.23918376891597,5.75958653158129,0.02494796905499365,0.034821466936815704,0.0150111387531957
0.0,3.14159265358979,1.25663706143592,5.75958653158129,0.0248571478353994,0.034727436278947754,0.015040211658651999
0.0,3.14159265358979,1.27409035395586,5.75958653158129,0.02472052564168385,0.034551516601269,0.0150661858088203
0.0,3.14159265358979,1.2915436464758,5.75958653158129,0.0245987299380598,0.0344421888559225,0.01509856003719685
0.0,3.14159265358979,1.30899693899575,5.75958653158129,0.02440521606796405,0.03382373042412655,0.014817586967296001
0.0,3.14159265358979,1.32645023151569,5.75958653158129,0.022880934607504302,0.0318122138892743,0.01396323848832995
0.0,3.14159265358979,1.34390352403563,5.75958653158129,0.02123652899929995,0.0295989046065466,0.012973665915806652
0.0,3.14159265358979,1.36135681655558,5.75958653158129,0.0196145570464746,0.027282402103755952,0.0119657531133136
0.0,3.14159265358979,1.37881010907552,5.75958653158129,0.017995340163733352,0.0250777308512221,0.010968583106095501
0.0,3.14159265358979,1.39626340159546,5.75958653158129,0.016345046058322703,0.0227325899503574,0.009975892738438626
0.0,3.14159265358979,1.41371669411541,5.75958653158129,0.0147201311180883,0.0204673791183075,0.008978436693935535
0.0,3.14159265358979,1.43116998663535,5.75958653158129,0.01307501863002155,0.018178707308797698,0.00797890106942529
0.0,3.14159265358979,1.44862327915529,5.75958653158129,0.01143833548009035,0.01592492962241755,0.006984290039303094
0.0,3.14159265358979,1.46607657167524,5.75958653158129,0.00980673151130683,0.0136389259375115,0.005977946428005255
0.0,3.14159265358979,1.48352986419518,5.75958653158129,0.00816536089357097,0.01138665126774335,0.00498699250368248
0.0,3.14159265358979,1.50098315671512,5.75958653158129,0.00653779465967848,0.009093472646752278,0.00398935491454373
0.0,3.14159265358979,1.51843644923507,5.75958653158129,0.004908901043722355,0.00682013898424618,0.0029904671773953503
0.0,3.14159265358979,1.53588974175501,5.75958653158129,0.0032686569909441097,0.00454570222551263,0.00199527196340512
0.0,3.14159265358979,1.55334303427495,5.75958653158129,0.0016330078015520549,0.002271015322414085,0.0009959594145324984
0.0,3.14159265358979,1.5707963267949,5.75958653158129,0.0009156046527572246,0.001279095665351005,0.0005614792346704255
0.0,3.14159265358979,0.0174532925199433,5.93411945678072,1.2863782263361445,1.3098532068600914,1.373472531681968
0.0,3.14159265358979,0.0349065850398866,5.93411945678072,1.095858064644776,1.1179323516907596,1.141485683503461
0.0,3.14159265358979,0.0523598775598299,5.93411945678072,0.8643404362048385,0.8975986724361065,0.8924102246915224
0.0,3.14159265358979,0.0698131700797732,5.93411945678072,0.6566585356803795,0.6844571199180836,0.6697243707872456
0.0,3.14159265358979,0.0872664625997165,5.93411945678072,0.5067981717809305,0.523888069113359,0.5064269486508914
0.0,3.14159265358979,0.10471975511966,5.93411945678072,0.38855918051996097,0.40139325169319995,0.3866236585789935
0.0,3.14159265358979,0.122173047639603,5.93411945678072,0.2895194177434325,0.3018375877306615,0.286274277711033
0.0,3.14159265358979,0.139626340159546,5.93411945678072,0.213771803102421,0.2254838211467105,0.20675899469992348
0.0,3.14159265358979,0.15707963267949,5.93411945678072,0.1578933881668175,0.1687930847807685,0.1472601535831545
0.0,3.14159265358979,0.174532925199433,5.93411945678072,0.11797169075515399,0.128301717765628,0.10580158319520999
0.0,3.14159265358979,0.191986217719376,5.93411945678072,0.0909848364052885,0.10087552491840046,0.0778806076537747
0.0,3.14159265358979,0.20943951023932,5.93411945678072,0.07364507313709001,0.08283917715662895,0.05975281325406305
0.0,3.14159265358979,0.226892802759263,5.93411945678072,0.061582140461854104,0.06972915585223435,0.0479321746797854
0.0,3.14159265358979,0.244346095279206,5.93411945678072,0.0528407002174489,0.060674857847385,0.039226799975086296
0.0,3.14159265358979,0.261799387799149,5.93411945678072,0.0465378700004946,0.055330985762226045,0.0336711927962748
0.0,3.14159265358979,0.279252680319093,5.93411945678072,0.0421035472935624,0.05179465242641065,0.030439845717976248
0.0,3.14159265358979,0.296705972839036,5.93411945678072,0.03918931276986705,0.049256980632675154,0.02808420608356145
0.0,3.14159265358979,0.314159265358979,5.93411945678072,0.03721439668122445,0.0472080391890903,0.025918129867355352
0.0,3.14159265358979,0.331612557878923,5.93411945678072,0.035633006697305306,0.0452286308264126,0.02383884791363995
0.0,3.14159265358979,0.349065850398866,5.93411945678072,0.03443998501254375,0.04370395580747625,0.02234309822138375
0.0,3.14159265358979,0.366519142918809,5.93411945678072,0.0334797138143301,0.04255458583671245,0.02136732298687455
0.0,3.14159265358979,0.383972435438752,5.93411945678072,0.032645239669825354,0.0417851038228218,0.020772929727764698
0.0,3.14159265358979,0.401425727958696,5.93411945678072,0.03185494446692635,0.041143931831615646,0.0201631132847907
0.0,3.14159265358979,0.418879020478639,5.93411945678072,0.0311081879192791,0.04052939667488295,0.019493535107764998
0.0,3.14159265358979,0.436332312998582,5.93411945678072,0.0303976205217296,0.0399074440488739,0.0188688571697403
0.0,3.14159265358979,0.453785605518526,5.93411945678072,0.029761053659464097,0.03934558905145255,0.01833894550266795
0.0,3.14159265358979,0.471238898038469,5.93411945678072,0.029190520792816102,0.0388352956048035,0.01794685102043265
0.0,3.14159265358979,0.488692190558412,5.93411945678072,0.02864037003550545,0.03837975746910225,0.01768170588398575
0.0,3.14159265358979,0.506145483078356,5.93411945678072,0.028168279663659,0.0380147238409484,0.01747440878530475
0.0,3.14159265358979,0.523598775598299,5.93411945678072,0.0278325688068903,0.0377472932180747,0.017359401948826902
0.0,3.14159265358979,0.541052068118242,5.93411945678072,0.0276463784416435,0.0376142803641647,0.01729521722830335
0.0,3.14159265358979,0.558505360638185,5.93411945678072,0.027402563674810802,0.037386182328521256,0.017060235397444952
0.0,3.14159265358979,0.575958653158129,5.93411945678072,0.02707677187001915,0.037079920472282,0.016836282850832753
0.0,3.14159265358979,0.593411945678072,5.93411945678072,0.0268373847284205,0.03686316676412815,0.01658295993862735
0.0,3.14159265358979,0.610865238198015,5.93411945678072,0.02666952854546565,0.0366344656863588,0.01644722362341685
0.0,3.14159265358979,0.628318530717959,5.93411945678072,0.0265290546194854,0.03643360128591715,0.016403058552403302
0.0,3.14159265358979,0.645771823237902,5.93411945678072,0.026346865776662197,0.036440007933695895,0.0162930049077279
0.0,3.14159265358979,0.663225115757845,5.93411945678072,0.026168578384940848,0.036354821373935295,0.016120786274384
0.0,3.14159265358979,0.680678408277788,5.93411945678072,0.02599531421311365,0.03624904360060325,0.01610684671630465
0.0,3.14159265358979,0.698131700797732,5.93411945678072,0.0260009841342242,0.036208246168789246,0.0161648584194716
0.0,3.14159265358979,0.715584993317675,5.93411945678072,0.025986813777864,0.03610790299757375,0.015989823910904498
0.0,3.14159265358979,0.733038285837618,5.93411945678072,0.0258593520307472,0.03595237833537295,0.0158684776581101
0.0,3.14159265358979,0.750491578357562,5.93411945678072,0.025711544117181802,0.035782091026524104,0.01592719828726935
0.0,3.14159265358979,0.767944870877505,5.93411945678072,0.02560662139580935,0.03571138007407425,0.016037236038687702
0.0,3.14159265358979,0.785398163397448,5.93411945678072,0.02562379318514235,0.035689275269194604,0.0160122184035998
0.0,3.14159265358979,0.802851455917391,5.93411945678072,0.0254844632681984,0.035594178216137,0.015917576830211652
0.0,3.14159265358979,0.820304748437335,5.93411945678072,0.0252961201433996,0.03561017190493575,0.01586948836703
0.0,3.14159265358979,0.837758040957278,5.93411945678072,0.02522510455591425,0.03556846859295595,0.0158350257278005
0.0,3.14159265358979,0.855211333477221,5.93411945678072,0.02525738263030165,0.0354839271610739,0.0157841556473663
0.0,3.14159265358979,0.872664625997165,5.93411945678072,0.02538934646541035,0.03532679445795555,0.0158628795518851
0.0,3.14159265358979,0.890117918517108,5.93411945678072,0.0253179531584685,0.03515002034976815,0.0157270707669259
0.0,3.14159265358979,0.907571211037051,5.93411945678072,0.02513665268452705,0.03513293911285395,0.0157571628603721
0.0,3.14159265358979,0.925024503556995,5.93411945678072,0.0250742278790251,0.03495147640363605,0.01583358171521625
0.0,3.14159265358979,0.942477796076938,5.93411945678072,0.02508362982555965,0.034912795764956345,0.01576287438175395
0.0,3.14159265358979,0.959931088596881,5.93411945678072,0.025085895738732898,0.034815937439957,0.015748224717292952
0.0,3.14159265358979,0.977384381116825,5.93411945678072,0.0251247812530558,0.0347868544887851,0.0156635580451382
0.0,3.14159265358979,0.994837673636768,5.93411945678072,0.0251996492724029,0.03499545296423075,0.01544189943193755
0.0,3.14159265358979,1.01229096615671,5.93411945678072,0.02518431625644835,0.035228008381896894,0.015325983767714251
0.0,3.14159265358979,1.02974425867665,5.93411945678072,0.02519365674441635,0.03540555506203835,0.01527996741940685
0.0,3.14159265358979,1.0471975511966,5.93411945678072,0.0252457864395429,0.0354357575018181,0.01524954152514705
0.0,3.14159265358979,1.06465084371654,5.93411945678072,0.0252834993260454,0.03547512243849595,0.01511337506084915
0.0,3.14159265358979,1.08210413623648,5.93411945678072,0.02538163396781765,0.03534633258852325,0.0148070800020411
0.0,3.14159265358979,1.09955742875643,5.93411945678072,0.02533550306414005,0.03527238746071685,0.014580567158713049
0.0,3.14159265358979,1.11701072127637,5.93411945678072,0.02536055953676265,0.035262021665524196,0.01445929815652475
0.0,3.14159265358979,1.13446401379631,5.93411945678072,0.02530429878832795,0.03521807707766905,0.01439391561464205
0.0,3.14159265358979,1.15191730631626,5.93411945678072,0.0253193376775269,0.035200685171323104,0.01424939056078265
0.0,3.14159265358979,1.1693705988362,5.93411945678072,0.025297277324840703,0.034991912959608004,0.014236547761982549
0.0,3.14159265358979,1.18682389135614,5.93411945678072,0.02528432817720555,0.0349658013283033,0.014224806625946499
0.0,3.14159265358979,1.20427718387609,5.93411945678072,0.02510269930070115,0.0346978321135072,0.0141688431685477
0.0,3.14159265358979,1.22173047639603,5.93411945678072,0.024852476564844052,0.0344146266834077,0.014086784777688401
0.0,3.14159265358979,1.23918376891597,5.93411945678072,0.0247323593705924,0.034228362863658796,0.01418537312458085
0.0,3.14159265358979,1.25663706143592,5.93411945678072,0.024569044381631648,0.03394895612966905,0.01421124161937065
0.0,3.14159265358979,1.27409035395586,5.93411945678072,0.0243936791599118,0.033862597608205855,0.01423178026744305
0.0,3.14159265358979,1.2915436464758,5.93411945678072,0.0243135299547351,0.033737500243666146,0.01427167522465445
0.0,3.14159265358979,1.30899693899575,5.93411945678072,0.023844382495948897,0.0330974841813413,0.014104807383475752
0.0,3.14159265358979,1.32645023151569,5.93411945678072,0.022665498541886653,0.031377777030267895,0.0134385414693442
0.0,3.14159265358979,1.34390352403563,5.93411945678072,0.02107232431707895,0.029114432564970698,0.01253878890637315
0.0,3.14159265358979,1.36135681655558,5.93411945678072,0.019444366255569202,0.0268598938205374,0.0115850043042523
0.0,3.14159265358979,1.37881010907552,5.93411945678072,0.017810847719067747,0.0246534937907854,0.0105628189594685
0.0,3.14159265358979,1.39626340159546,5.93411945678072,0.01620700377279405,0.022396679778789598,0.009640331715518636
0.0,3.14159265358979,1.41371669411541,5.93411945678072,0.0145654105966831,0.02016741098376065,0.008634778570735125
0.0,3.14159265358979,1.43116998663535,5.93411945678072,0.01295441678686875,0.01792867061138695,0.00768473498603368
0.0,3.14159265358979,1.44862327915529,5.93411945678072,0.0113478625165182,0.015674397639858548,0.00675573585888152
0.0,3.14159265358979,1.46607657167524,5.93411945678072,0.00971478102053735,0.01344423645650015,0.005763593086676505
0.0,3.14159265358979,1.48352986419518,5.93411945678072,0.008096825360912094,0.01120430800440335,0.004804351814258855
0.0,3.14159265358979,1.50098315671512,5.93411945678072,0.00648389812934946,0.00895508229603627,0.003860763888945705
0.0,3.14159265358979,1.51843644923507,5.93411945678072,0.0048597210183391,0.006718545854227045,0.00288847724082371
0.0,3.14159265358979,1.53588974175501,5.93411945678072,0.003238249342395325,0.004480649509892664,0.0019217737162168852
0.0,3.14159265358979,1.55334303427495,5.93411945678072,0.0016182613535756,0.0022372245052424498,0.0009618598329557844
0.0,3.14159265358979,1.5707963267949,5.93411945678072,0.00102478883026239,0.001418655826780765,0.0006076323391833456
0.0,3.14159265358979,0.0174532925199433,6.10865238198015,1.278410481964842,1.3028672763056786,1.373730319847831
0.0,3.14159265358979,0.0349065850398866,6.10865238198015,1.0704756881442605,1.0950890202581531,1.13009597407865
0.0,3.14159265358979,0.0523598775598299,6.10865238198015,0.8285393240111105,0.8605563968378135,0.8602107227177695
0.0,3.14159265358979,0.0698131700797732,6.10865238198015,0.6280655601357821,0.6571203291698791,0.6486449706715536
0.0,3.14159265358979,0.0872664625997165,6.10865238198015,0.4827680201200055,0.5032860918295174,0.488080043715111
0.0,3.14159265358979,0.10471975511966,6.10865238198015,0.371043456611788,0.3843956331857895,0.3690240752991865
0.0,3.14159265358979,0.122173047639603,6.10865238198015,0.2801744117972985,0.291231451502549,0.276907900956759
0.0,3.14159265358979,0.139626340159546,6.10865238198015,0.2093784422802755,0.2209665065844295,0.206310457410142
0.0,3.14159265358979,0.15707963267949,6.10865238198015,0.15747318495416002,0.16945882181494448,0.152457452527748
0.0,3.14159265358979,0.174532925199433,6.10865238198015,0.11944287065609349,0.1304168468536935,0.11011537707588179
0.0,3.14159265358979,0.191986217719376,6.10865238198015,0.094010670231195,0.10270310129967915,0.0806359336025524
0.0,3.14159265358979,0.20943951023932,6.10865238198015,0.0768883714586574,0.0851507527245825,0.06371323916073546
0.0,3.14159265358979,0.226892802759263,6.10865238198015,0.06404893462012384,0.0725280062839456,0.05174876588954565
0.0,3.14159265358979,0.244346095279206,6.10865238198015,0.0542557312150423,0.06289792206212545,0.04207736015652695
0.0,3.14159265358979,0.261799387799149,6.10865238198015,0.04724150690225705,0.056463878107207294,0.035282422355288695
0.0,3.14159265358979,0.279252680319093,6.10865238198015,0.0427104523735754,0.052214305529193206,0.0311757899241977
0.0,3.14159265358979,0.296705972839036,6.10865238198015,0.039715210952209104,0.04949486143370045,0.0282939231262011
0.0,3.14159265358979,0.314159265358979,6.10865238198015,0.03755127688271975,0.04746418727351185,0.02601644258499235
0.0,3.14159265358979,0.331612557878923,6.10865238198015,0.035823386950181,0.0454646533447499,0.024026866552987948
0.0,3.14159265358979,0.349065850398866,6.10865238198015,0.034457664220712406,0.04381293122414425,0.02247116845900745
0.0,3.14159265358979,0.366519142918809,6.10865238198015,0.03338971536903075,0.04254940728209655,0.0213695416170242
0.0,3.14159265358979,0.383972435438752,6.10865238198015,0.0324466219832708,0.04159986815968385,0.0204292495522752
0.0,3.14159265358979,0.401425727958696,6.10865238198015,0.03168819094844995,0.0408386162178664,0.019610268110307097
0.0,3.14159265358979,0.418879020478639,6.10865238198015,0.03101299205943825,0.040217007529582446,0.01907701701235975
0.0,3.14159265358979,0.436332312998582,6.10865238198015,0.03024627216682605,0.0396583895627369,0.01870846793767445
0.0,3.14159265358979,0.453785605518526,6.10865238198015,0.029530477420983248,0.039170379975182995,0.018346724118642903
0.0,3.14159265358979,0.471238898038469,6.10865238198015,0.028947651710071798,0.03865490848496325,0.0179856324531937
0.0,3.14159265358979,0.488692190558412,6.10865238198015,0.028498560067386297,0.0381759524242945,0.01772753417256385
0.0,3.14159265358979,0.506145483078356,6.10865238198015,0.02809302590109115,0.03775192003195095,0.0174960235634155
0.0,3.14159265358979,0.523598775598299,6.10865238198015,0.02768993933026295,0.037435788238967246,0.017291042605413802
0.0,3.14159265358979,0.541052068118242,6.10865238198015,0.0273380055347064,0.0371206394150775,0.017077193306130903
0.0,3.14159265358979,0.558505360638185,6.10865238198015,0.02699703885112785,0.0367999811916723,0.0167065006161032
0.0,3.14159265358979,0.575958653158129,6.10865238198015,0.02672052231172355,0.0365275771450629,0.0163302813902826
0.0,3.14159265358979,0.593411945678072,6.10865238198015,0.02654528493236395,0.03632152045885825,0.016089998115144902
0.0,3.14159265358979,0.610865238198015,6.10865238198015,0.02640870687666135,0.0362346613008562,0.01595010821498025
0.0,3.14159265358979,0.628318530717959,6.10865238198015,0.02629294241592505,0.0362373330166922,0.01590347232531235
0.0,3.14159265358979,0.645771823237902,6.10865238198015,0.026126856477403648,0.03611163657411215,0.0158164437866937
0.0,3.14159265358979,0.663225115757845,6.10865238198015,0.0259086101835177,0.03592356762846555,0.015778594204109098
0.0,3.14159265358979,0.680678408277788,6.10865238198015,0.0257307175965588,0.03578647129176685,0.0158763753590448
0.0,3.14159265358979,0.698131700797732,6.10865238198015,0.02564759929943575,0.035635003032568044,0.01587800360430065
0.0,3.14159265358979,0.715584993317675,6.10865238198015,0.02558226003487185,0.0354272845975655,0.0157343378398517
0.0,3.14159265358979,0.733038285837618,6.10865238198015,0.0254823966280423,0.035288320495523204,0.0156709136300914
0.0,3.14159265358979,0.750491578357562,6.10865238198015,0.02538652994927515,0.0352294686263771,0.015724642975582702
0.0,3.14159265358979,0.767944870877505,6.10865238198015,0.025305439447799352,0.03522344786259655,0.01573783581270885
0.0,3.14159265358979,0.785398163397448,6.10865238198015,0.0252914508498331,0.03526666363226555,0.01567210321761275
0.0,3.14159265358979,0.802851455917391,6.10865238198015,0.025328604488469547,0.0352325092553953,0.015541531977698801
0.0,3.14159265358979,0.820304748437335,6.10865238198015,0.02531570182399875,0.03503316898420885,0.015408570635840151
0.0,3.14159265358979,0.837758040957278,6.10865238198015,0.02528954188089795,0.034990304903204206,0.0154336486313804
0.0,3.14159265358979,0.855211333477221,6.10865238198015,0.025225402680094648,0.03492919822778075,0.01538865030832835
0.0,3.14159265358979,0.872664625997165,6.10865238198015,0.025117984367437653,0.034900586743769696,0.015443539876353052
0.0,3.14159265358979,0.890117918517108,6.10865238198015,0.0251364025977064,0.0347817161795357,0.0152997005372213
0.0,3.14159265358979,0.907571211037051,6.10865238198015,0.025213598993502652,0.0347710345373643,0.01502639022478
0.0,3.14159265358979,0.925024503556995,6.10865238198015,0.02517476161335605,0.03468773476199265,0.0150592126937814
0.0,3.14159265358979,0.942477796076938,6.10865238198015,0.02506401037419475,0.03469247599176345,0.01510217415878065
0.0,3.14159265358979,0.959931088596881,6.10865238198015,0.02494692333534585,0.03467011548861515,0.0150504504259744
0.0,3.14159265358979,0.977384381116825,6.10865238198015,0.02498585311954225,0.03472532936722175,0.0151183538279028
0.0,3.14159265358979,0.994837673636768,6.10865238198015,0.0250808650447103,0.03460153367945115,0.01541548556479875
0.0,3.14159265358979,1.01229096615671,6.10865238198015,0.02509795672448905,0.03449703687906025,0.0156460125108785
0.0,3.14159265358979,1.02974425867665,6.10865238198015,0.0249618253718508,0.03453580051053125,0.0155078572437847
0.0,3.14159265358979,1.0471975511966,6.10865238198015,0.024816486553786002,0.0345208782168304,0.01533837141654535
0.0,3.14159265358979,1.06465084371654,6.10865238198015,0.0246709986273405,0.0344353033629796,0.01524656220090435
0.0,3.14159265358979,1.08210413623648,6.10865238198015,0.0247087455239372,0.03450002388085835,0.015191545355606899
0.0,3.14159265358979,1.09955742875643,6.10865238198015,0.02470201355466195,0.03440988214822925,0.015134093323965401
0.0,3.14159265358979,1.11701072127637,6.10865238198015,0.0246763972960731,0.0345534589248806,0.01493047940529615
0.0,3.14159265358979,1.13446401379631,6.10865238198015,0.0246826881370271,0.034717148800545,0.014870855112449049
0.0,3.14159265358979,1.15191730631626,6.10865238198015,0.0245858431804961,0.0346523471132347,0.01472494810553365
0.0,3.14159265358979,1.1693705988362,6.10865238198015,0.0245460418158975,0.03458952164165395,0.01476529486501435
0.0,3.14159265358979,1.18682389135614,6.10865238198015,0.0245916156401195,0.034514582287645,0.01476168196418065
0.0,3.14159265358979,1.20427718387609,6.10865238198015,0.02459923069667625,0.0342414964706326,0.0148633800070007
0.0,3.14159265358979,1.22173047639603,6.10865238198015,0.02449633991849285,0.033876991550891355,0.01490860722752165
0.0,3.14159265358979,1.23918376891597,6.10865238198015,0.0243949491892427,0.03369319477864835,0.01492474130952695
0.0,3.14159265358979,1.25663706143592,6.10865238198015,0.0243463792830743,0.03356765839840535,0.0149230771217045
0.0,3.14159265358979,1.27409035395586,6.10865238198015,0.024289392488038748,0.03341408083245115,0.014926872357414099
0.0,3.14159265358979,1.2915436464758,6.10865238198015,0.02423440047671035,0.03326281236522175,0.014975300940072399
0.0,3.14159265358979,1.30899693899575,6.10865238198015,0.0239543346252957,0.032870291270257396,0.0147671297438628
0.0,3.14159265358979,1.32645023151569,6.10865238198015,0.022480541095565652,0.030963803098337447,0.01389932558258435
0.0,3.14159265358979,1.34390352403563,6.10865238198015,0.0208452142806956,0.028805543273440502,0.01291373003518385
0.0,3.14159265358979,1.36135681655558,6.10865238198015,0.01922419146463475,0.02663797130615625,0.0119145803738137
0.0,3.14159265358979,1.37881010907552,6.10865238198015,0.017614853834810998,0.02446157283363405,0.010905367367882751
0.0,3.14159265358979,1.39626340159546,6.10865238198015,0.0160129712617865,0.02227754758769945,0.009892346633502271
0.0,3.14159265358979,1.41371669411541,6.10865238198015,0.0144554753113383,0.0199252520246175,0.008918080550496942
0.0,3.14159265358979,1.43116998663535,6.10865238198015,0.01284188924075835,0.017700059827017403,0.007941989749031665
0.0,3.14159265358979,1.44862327915529,6.10865238198015,0.01122207072106235,0.01551541629611915,0.006950770683276595
0.0,3.14159265358979,1.46607657167524,6.10865238198015,0.00961100999610545,0.01332254464015735,0.00595345812548034
0.0,3.14159265358979,1.48352986419518,6.10865238198015,0.008006470857078285,0.01112187172042055,0.0049530519512828
0.0,3.14159265358979,1.50098315671512,6.10865238198015,0.00640592979163568,0.00891397074090516,0.00395307326832794
0.0,3.14159265358979,1.51843644923507,6.10865238198015,0.0048140071230539806,0.006651738181328735,0.0029708286433496453
0.0,3.14159265358979,1.53588974175501,6.10865238198015,0.0032086494379913047,0.00442438704761451,0.001984415126287815
0.0,3.14159265358979,1.55334303427495,6.10865238198015,0.001601366315427065,0.00221394537588478,0.0009915779335367926
0.0,3.14159265358979,1.5707963267949,6.10865238198015,0.00103231144367623,0.00142817877319436,0.000639865017525381
0.349065850398866,3.14159265358979,0.0,0.0,0.03458841971580455,0.04172356980395865,0.02228607644073485
0.349065850398866,3.14159265358979,0.0174532925199433,0.0,0.0360804380272485,0.0430999027216606,0.023436157771267098
0.349065850398866,3.14159265358979,0.0349065850398866,0.0,0.03788196077680725,0.04474533332169535,0.024923861646413352
0.349065850398866,3.14159265358979,0.0523598775598299,0.0,0.040190355950439696,0.046823387488148696,0.02677880565591485
0.349065850398866,3.14159265358979,0.0698131700797732,0.0,0.042993288518454256,0.0492151649305421,0.02929533837829105
0.349065850398866,3.14159265358979,0.0872664625997165,0.0,0.04676954333006305,0.05260577037851925,0.0326931124493154
0.349065850398866,3.14159265358979,0.10471975511966,0.0,0.05179160861164685,0.0571505812827679,0.037193100891644
0.349065850398866,3.14159265358979,0.122173047639603,0.0,0.0590742860025249,0.06343470438148655,0.0434435513241953
0.349065850398866,3.14159265358979,0.139626340159546,0.0,0.06912773270264505,0.0728252228231137,0.052589628198900354
0.349065850398866,3.14159265358979,0.15707963267949,0.0,0.0837141184390045,0.0870403469428226,0.0670850750772526
0.349065850398866,3.14159265358979,0.174532925199433,0.0,0.1065777419108502,0.1094667694400139,0.0902667317187192
0.349065850398866,3.14159265358979,0.191986217719376,0.0,0.1456728700019315,0.14881810389344752,0.131001130404617
0.349065850398866,3.14159265358979,0.20943951023932,0.0,0.20793979858338701,0.21119299562537502,0.19884420930568297
0.349065850398866,3.14159265358979,0.226892802759263,0.0,0.295265814875565,0.29712700528698854,0.2950923072711325
0.349065850398866,3.14159265358979,0.244346095279206,0.0,0.412949642646861,0.4126638969537735,0.42559520622306346
0.349065850398866,3.14159265358979,0.261799387799149,0.0,0.5769254861188725,0.5738345848051429,0.610345098589189
0.349065850398866,3.14159265358979,0.279252680319093,0.0,0.7851124582442495,0.7847538837827366,0.8516355800399704
0.349065850398866,3.14159265358979,0.296705972839036,0.0,1.0327372970198319,1.0457596397443145,1.1512902131224705
0.349065850398866,3.14159265358979,0.314159265358979,0.0,1.297297549144067,1.3234827525901645,1.466267742070905
0.349065850398866,3.14159265358979,0.331612557878923,0.0,1.52306178443909,1.54042238410225,1.6975186052473001
0.349065850398866,3.14159265358979,0.349065850398866,0.0,1.6331693113359051,1.6164280322454352,1.764706938255155
0.349065850398866,3.14159265358979,0.366519142918809,0.0,1.579853773939145,1.528803890704085,1.64667336066577
0.349065850398866,3.14159265358979,0.383972435438752,0.0,1.376772269955865,1.31023669104157,1.39006508673496
0.349065850398866,3.14159265358979,0.401425727958696,0.0,1.0980902206640963,1.0356292060966745,1.081250483555936
0.349065850398866,3.14159265358979,0.418879020478639,0.0,0.815740192073577,0.7628638690846755,0.7824089692604815
0.349065850398866,3.14159265358979,0.436332312998582,0.0,0.571478208465884,0.5312758738489696,0.530166870785231
0.349065850398866,3.14159265358979,0.453785605518526,0.0,0.3964087201620675,0.3661558697685785,0.3552761670627595
0.349065850398866,3.14159265358979,0.471238898038469,0.0,0.2796566909803745,0.257669969226863,0.2443361008362745
0.349065850398866,3.14159265358979,0.488692190558412,0.0,0.2006520995895045,0.1854101235222955,0.169513015854649
0.349065850398866,3.14159265358979,0.506145483078356,0.0,0.1451986420901325,0.1351672014568175,0.11752650125100594
0.349065850398866,3.14159265358979,0.523598775598299,0.0,0.1081204489315903,0.102769532373061,0.083686148102179
0.349065850398866,3.14159265358979,0.541052068118242,0.0,0.0852669165547387,0.08425000133191016,0.0637202496441501
0.349065850398866,3.14159265358979,0.558505360638185,0.0,0.0700961260634595,0.07234428621422309,0.05228407158297485
0.349065850398866,3.14159265358979,0.575958653158129,0.0,0.06014949883984,0.06414341714620266,0.04491951356972965
0.349065850398866,3.14159265358979,0.593411945678072,0.0,0.05334147886846145,0.057709727696029944,0.0386217027676857
0.349065850398866,3.14159265358979,0.610865238198015,0.0,0.0483099027877153,0.05316614098680015,0.033949144390948593
0.349065850398866,3.14159265358979,0.628318530717959,0.0,0.0440441397842549,0.04973738910587125,0.030189854239127997
0.349065850398866,3.14159265358979,0.645771823237902,0.0,0.0406643208418712,0.0468834832608264,0.027090967926677603
0.349065850398866,3.14159265358979,0.663225115757845,0.0,0.038276623649136046,0.044922792325590905,0.02501979064897225
0.349065850398866,3.14159265358979,0.680678408277788,0.0,0.03630771256623685,0.043124643464942006,0.0233346076738376
0.349065850398866,3.14159265358979,0.698131700797732,0.0,0.0344375463056104,0.0416690841622647,0.021906279962714152
0.349065850398866,3.14159265358979,0.715584993317675,0.0,0.033186526405712,0.0405558391476671,0.0209813616324973
0.349065850398866,3.14159265358979,0.733038285837618,0.0,0.03229494820571995,0.039672638764593246,0.020245945975453948
0.349065850398866,3.14159265358979,0.750491578357562,0.0,0.03153307431040015,0.03919006915472275,0.0196047103912022
0.349065850398866,3.14159265358979,0.767944870877505,0.0,0.03085734024240265,0.0386874322193181,0.019056974129713952
0.349065850398866,3.14159265358979,0.785398163397448,0.0,0.03030319345465745,0.0379889796509345,0.0185613768932084
0.349065850398866,3.14159265358979,0.802851455917391,0.0,0.03009797355057685,0.0377034693583104,0.01820854664577585
0.349065850398866,3.14159265358979,0.820304748437335,0.0,0.0295630804810585,0.037285923963684756,0.01776842071373855
0.349065850398866,3.14159265358979,0.837758040957278,0.0,0.029295851503604,0.03689470247546295,0.0175954466947151
0.349065850398866,3.14159265358979,0.855211333477221,0.0,0.0289939592950479,0.03679450301953175,0.01755081215618125
0.349065850398866,3.14159265358979,0.872664625997165,0.0,0.028861319748134148,0.0368016332412971,0.017539282813734798
0.349065850398866,3.14159265358979,0.890117918517108,0.0,0.0287810578901206,0.0368780446143786,0.017353006078413752
0.349065850398866,3.14159265358979,0.907571211037051,0.0,0.02831351433761835,0.0365370778828161,0.016983694069881247
0.349065850398866,3.14159265358979,0.925024503556995,0.0,0.028216370875472498,0.0362321874036482,0.016690034706651348
0.349065850398866,3.14159265358979,0.942477796076938,0.0,0.028210359152311952,0.036037051602131054,0.016660782469326348
0.349065850398866,3.14159265358979,0.959931088596881,0.0,0.02775412503649765,0.03582069014317845,0.0163168730716343
0.349065850398866,3.14159265358979,0.977384381116825,0.0,0.027569449835968103,0.03571171067089825,0.0163216011290843
0.349065850398866,3.14159265358979,0.994837673636768,0.0,0.0278056650051591,0.03558649243944805,0.01630097263033805
0.349065850398866,3.14159265358979,1.01229096615671,0.0,0.027756864084580397,0.03528529855134225,0.016184392873712948
0.349065850398866,3.14159265358979,1.02974425867665,0.0,0.027440782449189752,0.03512928235550705,0.015859269828062
0.349065850398866,3.14159265358979,1.0471975511966,0.0,0.027161951896402102,0.0351399649502021,0.0156450150990308
0.349065850398866,3.14159265358979,1.06465084371654,0.0,0.027027592113578698,0.0351580805945274,0.01543503332656445
0.349065850398866,3.14159265358979,1.08210413623648,0.0,0.026922554082314948,0.0351752806577394,0.015478530916550451
0.349065850398866,3.14159265358979,1.09955742875643,0.0,0.02688076746731815,0.03480270418165855,0.01541019075434225
0.349065850398866,3.14159265358979,1.11701072127637,0.0,0.026899263318862852,0.034763998844432,0.0154036958857224
0.349065850398866,3.14159265358979,1.13446401379631,0.0,0.026765986952293402,0.034313399002630904,0.0154576899367009
0.349065850398866,3.14159265358979,1.15191730631626,0.0,0.0268279096140701,0.03399126882181445,0.015537090554047651
0.349065850398866,3.14159265358979,1.1693705988362,0.0,0.0268766268383375,0.0341231358046224,0.01560844671478945
0.349065850398866,3.14159265358979,1.18682389135614,0.0,0.02651025881429705,0.0337636398749256,0.0157600429449605
0.349065850398866,3.14159265358979,1.20427718387609,0.0,0.026668848870352,0.03394749501425785,0.0158176970350026
0.349065850398866,3.14159265358979,1.22173047639603,0.0,0.026642743788801652,0.0339680592367424,0.0158151247756473
0.349065850398866,3.14159265358979,1.23918376891597,0.0,0.0264368831005767,0.0337722195371276,0.0157651961323934
0.349065850398866,3.14159265358979,1.25663706143592,0.0,0.0262340663253461,0.03360761180327985,0.0158340137849672
0.349065850398866,3.14159265358979,1.27409035395586,0.0,0.025973537716530652,0.0333372558366227,0.01590208230467445
0.349065850398866,3.14159265358979,1.2915436464758,0.0,0.0256970238974648,0.0330049096022176,0.0159303753137782
0.349065850398866,3.14159265358979,1.30899693899575,0.0,0.025496149780115,0.032760050736194604,0.015947570692662602
0.349065850398866,3.14159265358979,1.32645023151569,0.0,0.0237964064614407,0.0305760473537816,0.0148843993131518
0.349065850398866,3.14159265358979,1.34390352403563,0.0,0.02209666314276635,0.0283920439713686,0.013821227933640951
0.349065850398866,3.14159265358979,1.36135681655558,0.0,0.020396919824092,0.0262080405889557,0.0127580565541301
0.349065850398866,3.14159265358979,1.37881010907552,0.0,0.0186971765054177,0.0240240372065427,0.01169488517461925
0.349065850398866,3.14159265358979,1.39626340159546,0.0,0.01699743318674335,0.021840033824129697,0.0106317137951084
0.349065850398866,3.14159265358979,1.41371669411541,0.0,0.015297689868068998,0.01965603044171675,0.009568542415597566
0.349065850398866,3.14159265358979,1.43116998663535,0.0,0.013597946549394651,0.0174720270593038,0.008505371036086725
0.349065850398866,3.14159265358979,1.44862327915529,0.0,0.01189820323072035,0.0152880236768908,0.00744219965657589
0.349065850398866,3.14159265358979,1.46607657167524,0.0,0.01019845991204598,0.0131040202944778,0.00637902827706504
0.349065850398866,3.14159265358979,1.48352986419518,0.0,0.008498716593371675,0.01092001691206485,0.005315856897554205
0.349065850398866,3.14159265358979,1.50098315671512,0.0,0.006798973274697335,0.008736013529651875,0.004252685518043365
0.349065850398866,3.14159265358979,1.51843644923507,0.0,0.005099229956023025,0.006552010147238915,0.00318951413853252
0.349065850398866,3.14159265358979,1.53588974175501,0.0,0.00339948663734868,0.0043680067648259446,0.002126342759021675
0.349065850398866,3.14159265358979,1.55334303427495,0.0,0.0016997433186743101,0.00218400338241298,0.00106317137951084
0.349065850398866,3.14159265358979,1.5707963267949,0.0,0.0,0.0,0.0
0.349065850398866,3.14159265358979,0.0174532925199433,0.174532925199433,0.0360011384206642,0.043056566158666,0.02338333671201475
0.349065850398866,3.14159265358979,0.0349065850398866,0.174532925199433,0.03769988476526975,0.0446585254334982,0.024831880617579648
0.349065850398866,3.14159265358979,0.0523598775598299,0.174532925199433,0.0399290113271579,0.04663009666953275,0.02664518662709235
0.349065850398866,3.14159265358979,0.0698131700797732,0.174532925199433,0.042560364615189195,0.048859804024209946,0.029072847370806898
0.349065850398866,3.14159265358979,0.0872664625997165,0.174532925199433,0.04620715719852515,0.05216975569402195,0.0323415626870704
0.349065850398866,3.14159265358979,0.10471975511966,0.174532925199433,0.051050792414385496,0.056432422542943644,0.0366203614679629
0.349065850398866,3.14159265358979,0.122173047639603,0.174532925199433,0.0579891075862044,0.06249043659025975,0.04292374086051125
0.349065850398866,3.14159265358979,0.139626340159546,0.174532925199433,0.0678401960224847,0.07187884171752225,0.0525846108413379
0.349065850398866,3.14159265358979,0.15707963267949,0.174532925199433,0.08241291183239445,0.08628564467001655,0.06739813515364945
0.349065850398866,3.14159265358979,0.174532925199433,0.174532925199433,0.10450442799690846,0.1080441451303705,0.08951929379563014
0.349065850398866,3.14159265358979,0.191986217719376,0.174532925199433,0.1361837020169075,0.1387418677183575,0.1221649497566212
0.349065850398866,3.14159265358979,0.20943951023932,0.174532925199433,0.179972156799659,0.182249989071695,0.169398070581859
0.349065850398866,3.14159265358979,0.226892802759263,0.174532925199433,0.2394093877984905,0.2422799764065795,0.23529644333190203
0.349065850398866,3.14159265358979,0.244346095279206,0.174532925199433,0.31978484443141,0.323178334685735,0.32608157543400595
0.349065850398866,3.14159265358979,0.261799387799149,0.174532925199433,0.42444846154566596,0.42932522496492154,0.4448113679582385
0.349065850398866,3.14159265358979,0.279252680319093,0.174532925199433,0.5453712877847146,0.5525440516288316,0.579726497453505
0.349065850398866,3.14159265358979,0.296705972839036,0.174532925199433,0.670248722431099,0.6751012795732094,0.7129899319153266
0.349065850398866,3.14159265358979,0.314159265358979,0.174532925199433,0.7747125221246335,0.7709557161922851,0.8138842330760114
0.349065850398866,3.14159265358979,0.331612557878923,0.174532925199433,0.8298005891626035,0.8135830943404885,0.8493246327273225
0.349065850398866,3.14159265358979,0.349065850398866,0.174532925199433,0.8133715924152736,0.787604142321563,0.809765331962408
0.349065850398866,3.14159265358979,0.366519142918809,0.174532925199433,0.7315870399559814,0.704049842392113,0.7159073735297381
0.349065850398866,3.14159265358979,0.383972435438752,0.174532925199433,0.6133472738292165,0.58769641959071,0.594129038007161
0.349065850398866,3.14159265358979,0.401425727958696,0.174532925199433,0.486058400694913,0.463257617941788,0.461261926131876
0.349065850398866,3.14159265358979,0.418879020478639,0.174532925199433,0.373521092090187,0.35385819901229154,0.3427413665049135
0.349065850398866,3.14159265358979,0.436332312998582,0.174532925199433,0.2785596732870735,0.2628502468483675,0.24481235054384698
0.349065850398866,3.14159265358979,0.453785605518526,0.174532925199433,0.20622372282429002,0.1964414123927055,0.176050080260551
0.349065850398866,3.14159265358979,0.471238898038469,0.174532925199433,0.15467635131990198,0.150719797400435,0.12989486640210351
0.349065850398866,3.14159265358979,0.488692190558412,0.174532925199433,0.11877768725061336,0.1184533807547605,0.0973901787062966
0.349065850398866,3.14159265358979,0.506145483078356,0.174532925199433,0.09445265857756921,0.09554215213099626,0.07444519730725849
0.349065850398866,3.14159265358979,0.523598775598299,0.174532925199433,0.0777333737093231,0.07911847528780219,0.0584981448127141
0.349065850398866,3.14159265358979,0.541052068118242,0.174532925199433,0.06614281542436895,0.06823685957068935,0.047997127707910855
0.349065850398866,3.14159265358979,0.558505360638185,0.174532925199433,0.057870338403506305,0.06104122274749745,0.04062199843808665
0.349065850398866,3.14159265358979,0.575958653158129,0.174532925199433,0.0515466169430895,0.055522010961563645,0.03503233817664425
0.349065850398866,3.14159265358979,0.593411945678072,0.174532925199433,0.04654430237684075,0.05119810195691975,0.03091701263525655
0.349065850398866,3.14159265358979,0.610865238198015,0.174532925199433,0.04269126342115645,0.04815733157365535,0.0279546619953627
0.349065850398866,3.14159265358979,0.628318530717959,0.174532925199433,0.03981546860549675,0.04592186945047485,0.02583984090088
0.349065850398866,3.14159265358979,0.645771823237902,0.174532925199433,0.0375577167029815,0.0439773923308198,0.0241546614496363
0.349065850398866,3.14159265358979,0.663225115757845,0.174532925199433,0.0357948531721498,0.04243321477451485,0.022853510728824147
0.349065850398866,3.14159265358979,0.680678408277788,0.174532925199433,0.0343917071438155,0.04135169741058175,0.02183842583543915
0.349065850398866,3.14159265358979,0.698131700797732,0.174532925199433,0.03332126221241765,0.040679067939493246,0.0210839819719328
0.349065850398866,3.14159265358979,0.715584993317675,0.174532925199433,0.03233735835773345,0.03992806651574715,0.020486580339022002
0.349065850398866,3.14159265358979,0.733038285837618,0.174532925199433,0.031363849228980153,0.03910632634694905,0.0199328939423732
0.349065850398866,3.14159265358979,0.750491578357562,0.174532925199433,0.0305768494250645,0.0384452677594836,0.01933724666820265
0.349065850398866,3.14159265358979,0.767944870877505,0.174532925199433,0.0299936896692891,0.03801237601166415,0.0187701614422771
0.349065850398866,3.14159265358979,0.785398163397448,0.174532925199433,0.029497045762659498,0.0376920910656994,0.018425610266247748
0.349065850398866,3.14159265358979,0.802851455917391,0.174532925199433,0.0291447223965033,0.03726169176269885,0.01810750462443085
0.349065850398866,3.14159265358979,0.820304748437335,0.174532925199433,0.02883153139304015,0.036712742605896104,0.017713756290629948
0.349065850398866,3.14159265358979,0.837758040957278,0.174532925199433,0.0284352201062858,0.03630148765255895,0.0174002576293738
0.349065850398866,3.14159265358979,0.855211333477221,0.174532925199433,0.02804359378847305,0.03608546297561205,0.0172527102315679
0.349065850398866,3.14159265358979,0.872664625997165,0.174532925199433,0.02775406978553535,0.03584971141630085,0.0170445069203139
0.349065850398866,3.14159265358979,0.890117918517108,0.174532925199433,0.027670073133048298,0.03573978621665775,0.01668432547698495
0.349065850398866,3.14159265358979,0.907571211037051,0.174532925199433,0.02760048572322535,0.035507479419263646,0.01646117515051005
0.349065850398866,3.14159265358979,0.925024503556995,0.174532925199433,0.027503043275629947,0.0352290486401287,0.016264202213404202
0.349065850398866,3.14159265358979,0.942477796076938,0.174532925199433,0.027257686470479152,0.035094276203986696,0.01633088741107625
0.349065850398866,3.14159265358979,0.959931088596881,0.174532925199433,0.02702115642903225,0.0349170877269757,0.01647006563222395
0.349065850398866,3.14159265358979,0.977384381116825,0.174532925199433,0.0270193412675645,0.0349371154890758,0.01636430968800125
0.349065850398866,3.14159265358979,0.994837673636768,0.174532925199433,0.02679855415172605,0.0347802808075659,0.0160675110530006
0.349065850398866,3.14159265358979,1.01229096615671,0.174532925199433,0.02657126594893295,0.0346091958000479,0.015858563309983198
0.349065850398866,3.14159265358979,1.02974425867665,0.174532925199433,0.02639865674176405,0.03457334223022105,0.015665008101495
0.349065850398866,3.14159265358979,1.0471975511966,0.174532925199433,0.026473101108998497,0.03440607458092915,0.0155612777102758
0.349065850398866,3.14159265358979,1.06465084371654,0.174532925199433,0.0264583099492135,0.034226131546331695,0.01544181426164205
0.349065850398866,3.14159265358979,1.08210413623648,0.174532925199433,0.0266248247969186,0.0340306647462078,0.0155517227613302
0.349065850398866,3.14159265358979,1.09955742875643,0.174532925199433,0.0266763514080869,0.0343111043116879,0.015603756808252399
0.349065850398866,3.14159265358979,1.11701072127637,0.174532925199433,0.0266615034421366,0.034255155648757904,0.01555535752141625
0.349065850398866,3.14159265358979,1.13446401379631,0.174532925199433,0.02662937494383395,0.03415744392476215,0.01554153752926995
0.349065850398866,3.14159265358979,1.15191730631626,0.174532925199433,0.026442938811410903,0.0339834849538614,0.0153295647600334
0.349065850398866,3.14159265358979,1.1693705988362,0.174532925199433,0.026260728063453698,0.0338265609612941,0.01509986876310585
0.349065850398866,3.14159265358979,1.18682389135614,0.174532925199433,0.0261685795386279,0.0337461247559672,0.0149428549872487
0.349065850398866,3.14159265358979,1.20427718387609,0.174532925199433,0.026077444161854202,0.033592566302934945,0.0148565066373575
0.349065850398866,3.14159265358979,1.22173047639603,0.174532925199433,0.026127033722280202,0.03377419969722635,0.01481814164058305
0.349065850398866,3.14159265358979,1.23918376891597,0.174532925199433,0.02576235355345675,0.0334326029587914,0.0147039132892243
0.349065850398866,3.14159265358979,1.25663706143592,0.174532925199433,0.0256612815947265,0.0333276648146471,0.01479173236553315
0.349065850398866,3.14159265358979,1.27409035395586,0.174532925199433,0.02565148459124835,0.0331600247975452,0.01486303336979535
0.349065850398866,3.14159265358979,1.2915436464758,0.174532925199433,0.0255598727868925,0.032998249846973846,0.0148329241603453
0.349065850398866,3.14159265358979,1.30899693899575,0.174532925199433,0.025202867775347748,0.0324040352023428,0.014784677570613799
0.349065850398866,3.14159265358979,1.32645023151569,0.174532925199433,0.023727033516062403,0.0305364558746149,0.01387765545198225
0.349065850398866,3.14159265358979,1.34390352403563,0.174532925199433,0.0220612570934594,0.02843164214963695,0.01285954993640855
0.349065850398866,3.14159265358979,1.36135681655558,0.174532925199433,0.0203851851920515,0.026296809947458352,0.0118580560549306
0.349065850398866,3.14159265358979,1.37881010907552,0.174532925199433,0.0187005366313364,0.0241371843963645,0.01086978440918765
0.349065850398866,3.14159265358979,1.39626340159546,0.174532925199433,0.017010847012437498,0.02196234168971685,0.009888826443537585
0.349065850398866,3.14159265358979,1.41371669411541,0.174532925199433,0.0152554248931591,0.01963207637093555,0.008930596260598236
0.349065850398866,3.14159265358979,1.43116998663535,0.174532925199433,0.0135611390755766,0.01745769116453425,0.00792685970933519
0.349065850398866,3.14159265358979,1.44862327915529,0.174532925199433,0.01188012242194805,0.01531273434135005,0.006923489528579515
0.349065850398866,3.14159265358979,1.46607657167524,0.174532925199433,0.010192543805910951,0.013148962420813749,0.0059295010679581445
0.349065850398866,3.14159265358979,1.48352986419518,0.174532925199433,0.008499894430747695,0.0109708718545912,0.004941986390903956
0.349065850398866,3.14159265358979,1.50098315671512,0.174532925199433,0.0068040242383967005,0.008783786947016885,0.0039575684966971
0.349065850398866,3.14159265358979,1.51843644923507,0.174532925199433,0.005089109331541165,0.006554701808645485,0.0029738523968751403
0.349065850398866,3.14159265358979,1.53588974175501,0.174532925199433,0.003389345721263395,0.004363843062184265,0.00198058261643638
0.349065850398866,3.14159265358979,1.55334303427495,0.174532925199433,0.00169509853187436,0.0021847606235071,0.000988067467791373
0.349065850398866,3.14159265358979,1.5707963267949,0.174532925199433,0.00109353947893971,0.0014099565728316601,0.000636726074990962
0.349065850398866,3.14159265358979,0.0174532925199433,0.349065850398866,0.0358808675424878,0.04297352888349875,0.023297621592658198
0.349065850398866,3.14159265358979,0.0349065850398866,0.349065850398866,0.03741632124726495,0.04447283982562315,0.0246478760243374
0.349065850398866,3.14159265358979,0.0523598775598299,0.349065850398866,0.039457918936485495,0.04626676862564315,0.0263423158927946
0.349065850398866,3.14159265358979,0.0698131700797732,0.349065850398866,0.0419182856788611,0.0483390963725089,0.02854954445639775
0.349065850398866,3.14159265358979,0.0872664625997165,0.349065850398866,0.04519815905509915,0.0512220659410981,0.03144649796505785
0.349065850398866,3.14159265358979,0.10471975511966,0.349065850398866,0.04937493465422575,0.05497621482276325,0.0352834885572395
0.349065850398866,3.14159265358979,0.122173047639603,0.349065850398866,0.0550157017661661,0.06021945606023355,0.0408442603774547
0.349065850398866,3.14159265358979,0.139626340159546,0.349065850398866,0.06291048994194345,0.0678119014508436,0.04916062042919915
0.349065850398866,3.14159265358979,0.15707963267949,0.349065850398866,0.0739188160537264,0.07859010912439725,0.06068879985857585
0.349065850398866,3.14159265358979,0.174532925199433,0.349065850398866,0.08781840652967596,0.09223634214945965,0.07458197863631161
0.349065850398866,3.14159265358979,0.191986217719376,0.349065850398866,0.1045532506984165,0.10860381441636954,0.0916034451708566
0.349065850398866,3.14159265358979,0.20943951023932,0.349065850398866,0.12465132128900519,0.12818379866672056,0.11222372532837474
0.349065850398866,3.14159265358979,0.226892802759263,0.349065850398866,0.1489658938739955,0.1519589563209485,0.13677512477889786
0.349065850398866,3.14159265358979,0.244346095279206,0.349065850398866,0.17640845411713452,0.17922862581745402,0.165847208813605
0.349065850398866,3.14159265358979,0.261799387799149,0.349065850398866,0.20411497155063152,0.2073413217752155,0.1977024599304235
0.349065850398866,3.14159265358979,0.279252680319093,0.349065850398866,0.232141326932808,0.234405145356507,0.22655527887947752
0.349065850398866,3.14159265358979,0.296705972839036,0.349065850398866,0.25032297776630696,0.249985012879625,0.2410156495745365
0.349065850398866,3.14159265358979,0.314159265358979,0.349065850398866,0.259114995193686,0.254659441358155,0.24323896159799152
0.349065850398866,3.14159265358979,0.331612557878923,0.349065850398866,0.2588354411532945,0.25100105522461347,0.2353834655964525
0.349065850398866,3.14159265358979,0.349065850398866,0.349065850398866,0.23965987447979348,0.230707498785712,0.20760244228596447
0.349065850398866,3.14159265358979,0.366519142918809,0.349065850398866,0.2115098594444305,0.20309362517658552,0.17593730615685751
0.349065850398866,3.14159265358979,0.383972435438752,0.349065850398866,0.181959493806652,0.17517232518876802,0.14772014994571542
0.349065850398866,3.14159265358979,0.401425727958696,0.349065850398866,0.1519689481681605,0.1474167896643485,0.12020541824521774
0.349065850398866,3.14159265358979,0.418879020478639,0.349065850398866,0.1274325723395925,0.12545794293645746,0.0988669688917012
0.349065850398866,3.14159265358979,0.436332312998582,0.349065850398866,0.1068709671898656,0.10710691115327944,0.08162523264862584
0.349065850398866,3.14159265358979,0.453785605518526,0.349065850398866,0.08927871856073324,0.09104324164142891,0.0667336445381132
0.349065850398866,3.14159265358979,0.471238898038469,0.349065850398866,0.07630172462470855,0.07909966872783955,0.055719801442147845
0.349065850398866,3.14159265358979,0.488692190558412,0.349065850398866,0.06646226598653175,0.07002331978532256,0.04728387017263415
0.349065850398866,3.14159265358979,0.506145483078356,0.349065850398866,0.05855751419757145,0.0627100708168509,0.04064391214411485
0.349065850398866,3.14159265358979,0.523598775598299,0.349065850398866,0.052617544239003194,0.057568396806058096,0.03591416263288165
0.349065850398866,3.14159265358979,0.541052068118242,0.349065850398866,0.0479031838838056,0.0535490435240858,0.03233585511883625
0.349065850398866,3.14159265358979,0.558505360638185,0.349065850398866,0.04408416754114615,0.05037157669438325,0.02952990524832445
0.349065850398866,3.14159265358979,0.575958653158129,0.349065850398866,0.041260742125758795,0.0479135193120971,0.027203242030048452
0.349065850398866,3.14159265358979,0.593411945678072,0.349065850398866,0.03878423721957485,0.0455950919249421,0.025234122680911
0.349065850398866,3.14159265358979,0.610865238198015,0.349065850398866,0.0365215305685778,0.043543762170153696,0.0237632907502265
0.349065850398866,3.14159265358979,0.628318530717959,0.349065850398866,0.0349112084631609,0.042432646798668705,0.022730252940008
0.349065850398866,3.14159265358979,0.645771823237902,0.349065850398866,0.03363824603679975,0.04136277850352655,0.0218966696349726
0.349065850398866,3.14159265358979,0.663225115757845,0.349065850398866,0.03252159200829775,0.04037468690650555,0.021109601824290898
0.349065850398866,3.14159265358979,0.680678408277788,0.349065850398866,0.031500799375344,0.039678140974424805,0.02037671035607265
0.349065850398866,3.14159265358979,0.698131700797732,0.349065850398866,0.0306729562901457,0.03895528533653635,0.019696209070243248
0.349065850398866,3.14159265358979,0.715584993317675,0.349065850398866,0.0300615186676498,0.038186494938544896,0.01911389540818135
0.349065850398866,3.14159265358979,0.733038285837618,0.349065850398866,0.02952136809081065,0.0375554461027115,0.018602164628825302
0.349065850398866,3.14159265358979,0.750491578357562,0.349065850398866,0.029030476216465102,0.03716425450068915,0.0182167866518828
0.349065850398866,3.14159265358979,0.767944870877505,0.349065850398866,0.028580607451925498,0.03670371659655595,0.017956931956948002
0.349065850398866,3.14159265358979,0.785398163397448,0.349065850398866,0.02815003737576445,0.03631992742070595,0.01772888488415085
0.349065850398866,3.14159265358979,0.802851455917391,0.349065850398866,0.02781614164829695,0.03609268503484095,0.01756270426387045
0.349065850398866,3.14159265358979,0.820304748437335,0.349065850398866,0.027605753039943698,0.03592833735998685,0.0173997187762337
0.349065850398866,3.14159265358979,0.837758040957278,0.349065850398866,0.0274915382603826,0.03570314649183465,0.01730647013359865
0.349065850398866,3.14159265358979,0.855211333477221,0.349065850398866,0.0273170159543298,0.03541971281773045,0.01710816945361995
0.349065850398866,3.14159265358979,0.872664625997165,0.349065850398866,0.027180171764221397,0.03521651700684525,0.0169005040873279
0.349065850398866,3.14159265358979,0.890117918517108,0.349065850398866,0.0268960739800571,0.03506247754814965,0.01673379188903735
0.349065850398866,3.14159265358979,0.907571211037051,0.349065850398866,0.0269022134129304,0.03509270697916795,0.01676588365112025
0.349065850398866,3.14159265358979,0.925024503556995,0.349065850398866,0.0269205118220321,0.03514227807484095,0.01668012278744455
0.349065850398866,3.14159265358979,0.942477796076938,0.349065850398866,0.02678525477047675,0.0349724729931126,0.016544769816006548
0.349065850398866,3.14159265358979,0.959931088596881,0.349065850398866,0.0265856532508014,0.0348679960542519,0.0163528182324327
0.349065850398866,3.14159265358979,0.977384381116825,0.349065850398866,0.0265380253574523,0.0348399185654625,0.01615272841304075
0.349065850398866,3.14159265358979,0.994837673636768,0.349065850398866,0.0264734819332455,0.03475707164474515,0.015989913571806152
0.349065850398866,3.14159265358979,1.01229096615671,0.349065850398866,0.0264641833724358,0.0347097122584792,0.0159438800124325
0.349065850398866,3.14159265358979,1.02974425867665,0.349065850398866,0.026462544928167048,0.0346682709751555,0.0159378288480108
0.349065850398866,3.14159265358979,1.0471975511966,0.349065850398866,0.02641256264977885,0.0345323168192906,0.01596174878097075
0.349065850398866,3.14159265358979,1.06465084371654,0.349065850398866,0.0264851270421968,0.034478447275351,0.015970473595075002
0.349065850398866,3.14159265358979,1.08210413623648,0.349065850398866,0.02635880913284805,0.03433589381186375,0.015936762278941752
0.349065850398866,3.14159265358979,1.09955742875643,0.349065850398866,0.02626199412602845,0.03428787932298105,0.01597276881336775
0.349065850398866,3.14159265358979,1.11701072127637,0.349065850398866,0.026047168126009303,0.0341633999279395,0.01593907379086295
0.349065850398866,3.14159265358979,1.13446401379631,0.349065850398866,0.025861182396668,0.03405663450206165,0.015825359725472603
0.349065850398866,3.14159265358979,1.15191730631626,0.349065850398866,0.02582025204548455,0.03397294693729125,0.01572007206619705
0.349065850398866,3.14159265358979,1.1693705988362,0.349065850398866,0.02577037941028775,0.033869911655247054,0.01575149530202685
0.349065850398866,3.14159265358979,1.18682389135614,0.349065850398866,0.02570018454484215,0.0337065109300832,0.0157227265954759
0.349065850398866,3.14159265358979,1.20427718387609,0.349065850398866,0.0256781398173127,0.03363353651535235,0.01562283378921845
0.349065850398866,3.14159265358979,1.22173047639603,0.349065850398866,0.0256023550489842,0.03325095524621735,0.01561174286842975
0.349065850398866,3.14159265358979,1.23918376891597,0.349065850398866,0.0255167887118166,0.03303067719368375,0.0156807198909681
0.349065850398866,3.14159265358979,1.25663706143592,0.349065850398866,0.025383955074440398,0.0328369482177404,0.01563504808061835
0.349065850398866,3.14159265358979,1.27409035395586,0.349065850398866,0.025257464880447847,0.0325714521624057,0.01552481789314135
0.349065850398866,3.14159265358979,1.2915436464758,0.349065850398866,0.025059834022031102,0.032515382892087094,0.01551401064226535
0.349065850398866,3.14159265358979,1.30899693899575,0.349065850398866,0.0246588814985196,0.0319649379943239,0.0152523167406673
0.349065850398866,3.14159265358979,1.32645023151569,0.349065850398866,0.02343551279859385,0.030324782367171052,0.01448878039678625
0.349065850398866,3.14159265358979,1.34390352403563,0.349065850398866,0.021667048506505797,0.028114319159404502,0.01343028750752015
0.349065850398866,3.14159265358979,1.36135681655558,0.349065850398866,0.019985808181659702,0.02595087424463885,0.01238639092400095
0.349065850398866,3.14159265358979,1.37881010907552,0.349065850398866,0.018407408098787402,0.0238232198666736,0.0113829883711721
0.349065850398866,3.14159265358979,1.39626340159546,0.349065850398866,0.0166735083907358,0.021628936829862,0.010332451574808301
0.349065850398866,3.14159265358979,1.41371669411541,0.349065850398866,0.01506906244005125,0.019495912420837702,0.00931284031034108
0.349065850398866,3.14159265358979,1.43116998663535,0.349065850398866,0.01338286264054165,0.0173239112112419,0.008277400507502065
0.349065850398866,3.14159265358979,1.44862327915529,0.349065850398866,0.01165921547664835,0.015134387618735451,0.00722949435886892
0.349065850398866,3.14159265358979,1.46607657167524,0.349065850398866,0.01003434119710618,0.012990436185181701,0.006206809665322585
0.349065850398866,3.14159265358979,1.48352986419518,0.349065850398866,0.00836140548824699,0.010825804394602,0.005172504004404881
0.349065850398866,3.14159265358979,1.50098315671512,0.349065850398866,0.0066599414473095,0.0086462359340246,0.00413014030687299
0.349065850398866,3.14159265358979,1.51843644923507,0.349065850398866,0.00500547668603431,0.006489276928175855,0.003100180899736315
0.349065850398866,3.14159265358979,1.53588974175501,0.349065850398866,0.0033432185600733603,0.0043291347770489305,0.0020684113229604752
0.349065850398866,3.14159265358979,1.55334303427495,0.349065850398866,0.0016667647100308352,0.00216087395742597,0.001032332950510595
0.349065850398866,3.14159265358979,1.5707963267949,0.349065850398866,0.001059443851925735,0.001370937044063115,0.0006550573593210719
0.349065850398866,3.14159265358979,0.0174532925199433,0.523598775598299,0.03572499761639805,0.0428540189515215,0.023182008711204002
0.349065850398866,3.14159265358979,0.0349065850398866,0.523598775598299,0.0370420467362652,0.0441925781189164,0.0243735588152646
0.349065850398866,3.14159265358979,0.0523598775598299,0.523598775598299,0.0388479303531614,0.045785633009917295,0.02590976794552445
0.349065850398866,3.14159265358979,0.0698131700797732,0.523598775598299,0.04100388327834515,0.0475949802802077,0.02775959314330995
0.349065850398866,3.14159265358979,0.0872664625997165,0.523598775598299,0.0436770787361307,0.04989383803512195,0.03015492749024335
0.349065850398866,3.14159265358979,0.10471975511966,0.523598775598299,0.04677528967107375,0.052751376373473505,0.03300143239702505
0.349065850398866,3.14159265358979,0.122173047639603,0.523598775598299,0.05025130883958345,0.05602171002196195,0.0365715569674357
0.349065850398866,3.14159265358979,0.139626340159546,0.523598775598299,0.0550230663706458,0.06041108415197565,0.04178811219822545
0.349065850398866,3.14159265358979,0.15707963267949,0.523598775598299,0.0607442244958049,0.06574831747369445,0.047259340932083546
0.349065850398866,3.14159265358979,0.174532925199433,0.523598775598299,0.0669031201769421,0.0714741668766933,0.052574686139863144
0.349065850398866,3.14159265358979,0.191986217719376,0.523598775598299,0.0732983765834836,0.07761001608721955,0.058525915977951495
0.349065850398866,3.14159265358979,0.20943951023932,0.523598775598299,0.08002659354118549,0.08394263319044709,0.06488535261497774
0.349065850398866,3.14159265358979,0.226892802759263,0.523598775598299,0.08757819977034415,0.0908620986396695,0.07228585308474225
0.349065850398866,3.14159265358979,0.244346095279206,0.523598775598299,0.09441701833842185,0.0971134740972979,0.07954163986811
0.349065850398866,3.14159265358979,0.261799387799149,0.523598775598299,0.1007142330553785,0.10384532479190689,0.08706755270707275
0.349065850398866,3.14159265358979,0.279252680319093,0.523598775598299,0.1037659205220886,0.10711022100276801,0.0900645311823689
0.349065850398866,3.14159265358979,0.296705972839036,0.523598775598299,0.10501645341035706,0.10750701519865355,0.09000235546307156
0.349065850398866,3.14159265358979,0.314159265358979,0.523598775598299,0.1009494613347804,0.10275453389822185,0.0839552574857289
0.349065850398866,3.14159265358979,0.331612557878923,0.523598775598299,0.09763092616505015,0.0994893995135469,0.0786127885621688
0.349065850398866,3.14159265358979,0.349065850398866,0.523598775598299,0.0907661770045537,0.09273086973285855,0.06972696872101106
0.349065850398866,3.14159265358979,0.366519142918809,0.523598775598299,0.08602649742301904,0.08755046587795906,0.0641253870974837
0.349065850398866,3.14159265358979,0.383972435438752,0.523598775598299,0.07961916306057636,0.08097388272250991,0.0575339095199565
0.349065850398866,3.14159265358979,0.401425727958696,0.523598775598299,0.07309582025759426,0.07515290936868149,0.05164825517681955
0.349065850398866,3.14159265358979,0.418879020478639,0.523598775598299,0.0649205700622945,0.06804985346855565,0.044841090733412
0.349065850398866,3.14159265358979,0.436332312998582,0.523598775598299,0.05768258898463435,0.06206796692767205,0.0397111643066934
0.349065850398866,3.14159265358979,0.453785605518526,0.523598775598299,0.05142229975434345,0.0568012372182196,0.0351025198336807
0.349065850398866,3.14159265358979,0.471238898038469,0.523598775598299,0.04711077690149215,0.05323363325212085,0.03191347686726265
0.349065850398866,3.14159265358979,0.488692190558412,0.523598775598299,0.043537347470857746,0.05009623555254425,0.0293607559421159
0.349065850398866,3.14159265358979,0.506145483078356,0.523598775598299,0.04106666468131945,0.0478359615428265,0.0275555621028011
0.349065850398866,3.14159265358979,0.523598775598299,0.523598775598299,0.0386967483982409,0.04583810826628755,0.02574013184791525
0.349065850398866,3.14159265358979,0.541052068118242,0.523598775598299,0.036814029382251,0.044275546120154746,0.0243284320483716
0.349065850398866,3.14159265358979,0.558505360638185,0.523598775598299,0.0350736695697178,0.04289162254550525,0.0232664570553872
0.349065850398866,3.14159265358979,0.575958653158129,0.523598775598299,0.03363806918020125,0.041772862672956504,0.02239209894010595
0.349065850398866,3.14159265358979,0.593411945678072,0.523598775598299,0.0324700272372934,0.040787061230565,0.02144245220846005
0.349065850398866,3.14159265358979,0.610865238198015,0.523598775598299,0.0315270328138062,0.0399658406422323,0.020588318648805448
0.349065850398866,3.14159265358979,0.628318530717959,0.523598775598299,0.030687934918059802,0.039167284855957954,0.0198732031912712
0.349065850398866,3.14159265358979,0.645771823237902,0.523598775598299,0.03011741637268895,0.038528449722436645,0.0194020863142078
0.349065850398866,3.14159265358979,0.663225115757845,0.523598775598299,0.02961837092474845,0.037934929694061495,0.018879382600325997
0.349065850398866,3.14159265358979,0.680678408277788,0.523598775598299,0.0291035750152576,0.0374513470520379,0.018491201053295853
0.349065850398866,3.14159265358979,0.698131700797732,0.523598775598299,0.02867998721447515,0.0372035889142642,0.0182263813046866
0.349065850398866,3.14159265358979,0.715584993317675,0.523598775598299,0.028314773796237952,0.03681651493763845,0.018048496539424502
0.349065850398866,3.14159265358979,0.733038285837618,0.523598775598299,0.027974324358574852,0.03637899258728845,0.0177905844487129
0.349065850398866,3.14159265358979,0.750491578357562,0.523598775598299,0.027597463922958948,0.035979499628052206,0.01751789557575155
0.349065850398866,3.14159265358979,0.767944870877505,0.523598775598299,0.02757721755866245,0.0358724234539496,0.017260794131814
0.349065850398866,3.14159265358979,0.785398163397448,0.523598775598299,0.0273132070964634,0.0355559209037934,0.01706128999882535
0.349065850398866,3.14159265358979,0.802851455917391,0.523598775598299,0.027174846093044498,0.035327010968318404,0.01691743025754535
0.349065850398866,3.14159265358979,0.820304748437335,0.523598775598299,0.0271562973313981,0.0352000629919634,0.01693548744707665
0.349065850398866,3.14159265358979,0.837758040957278,0.523598775598299,0.0270181930093375,0.0350436999685548,0.0169320172004476
0.349065850398866,3.14159265358979,0.855211333477221,0.523598775598299,0.0268738800903904,0.03499001798231305,0.0167645868090237
0.349065850398866,3.14159265358979,0.872664625997165,0.523598775598299,0.02684866357323085,0.0349634065273382,0.016717739675993402
0.349065850398866,3.14159265358979,0.890117918517108,0.523598775598299,0.02676345304709905,0.0349532677707347,0.0166830368619517
0.349065850398866,3.14159265358979,0.907571211037051,0.523598775598299,0.0267154426218554,0.03498786505515365,0.0164109589595128
0.349065850398866,3.14159265358979,0.925024503556995,0.523598775598299,0.0266568939395227,0.03536280303778725,0.0165331706255549
0.349065850398866,3.14159265358979,0.942477796076938,0.523598775598299,0.0267054007201173,0.03525077132513795,0.01655994837793205
0.349065850398866,3.14159265358979,0.959931088596881,0.523598775598299,0.0266467246665167,0.03504536034575795,0.0163810572701268
0.349065850398866,3.14159265358979,0.977384381116825,0.523598775598299,0.026508784046711302,0.0348247703716819,0.01642028252422375
0.349065850398866,3.14159265358979,0.994837673636768,0.523598775598299,0.02632719261218865,0.0346176964314305,0.016218337396643148
0.349065850398866,3.14159265358979,1.01229096615671,0.523598775598299,0.026348077775527348,0.0345498670645004,0.016082613287540348
0.349065850398866,3.14159265358979,1.02974425867665,0.523598775598299,0.0262054045240767,0.03425165016575895,0.01603809916409665
0.349065850398866,3.14159265358979,1.0471975511966,0.523598775598299,0.0261096849476343,0.03409340809398625,0.01613981381637885
0.349065850398866,3.14159265358979,1.06465084371654,0.523598775598299,0.025996281820231,0.03394491395295695,0.01592822775331955
0.349065850398866,3.14159265358979,1.08210413623648,0.523598775598299,0.02621113541516915,0.0339484989193271,0.015907264952364303
0.349065850398866,3.14159265358979,1.09955742875643,0.523598775598299,0.026216434974657747,0.03391309832883345,0.0158366450065396
0.349065850398866,3.14159265358979,1.11701072127637,0.523598775598299,0.02632801539781825,0.0339012626532918,0.0159440666758235
0.349065850398866,3.14159265358979,1.13446401379631,0.523598775598299,0.026178037225523053,0.033791970793529,0.015871382905620297
0.349065850398866,3.14159265358979,1.15191730631626,0.523598775598299,0.02614439395898315,0.03369892651835295,0.01578081130909145
0.349065850398866,3.14159265358979,1.1693705988362,0.523598775598299,0.02613324770605735,0.03361244583835295,0.01571193487194095
0.349065850398866,3.14159265358979,1.18682389135614,0.523598775598299,0.0260806976422722,0.033367976484960205,0.015366489382211749
0.349065850398866,3.14159265358979,1.20427718387609,0.523598775598299,0.02605325161887825,0.03328916764166575,0.0153884405101224
0.349065850398866,3.14159265358979,1.22173047639603,0.523598775598299,0.0259618743304862,0.0330620230921468,0.01521655335910185
0.349065850398866,3.14159265358979,1.23918376891597,0.523598775598299,0.02585895256251675,0.0329600381148997,0.0150759485241744
0.349065850398866,3.14159265358979,1.25663706143592,0.523598775598299,0.02574887590609335,0.032698460012709804,0.014942569164933
0.349065850398866,3.14159265358979,1.27409035395586,0.523598775598299,0.025582366882334798,0.03263843540377115,0.0151546520269055
0.349065850398866,3.14159265358979,1.2915436464758,0.523598775598299,0.025516466604374802,0.0322848223586351,0.0151315362910397
0.349065850398866,3.14159265358979,1.30899693899575,0.523598775598299,0.02507541071019345,0.03228728153085285,0.01524551114263075
0.349065850398866,3.14159265358979,1.32645023151569,0.523598775598299,0.02359107651630105,0.03047274019099855,0.0143959393966972
0.349065850398866,3.14159265358979,1.34390352403563,0.523598775598299,0.021923643993121952,0.0282609321258429,0.0133648801587435
0.349065850398866,3.14159265358979,1.36135681655558,0.523598775598299,0.02025668214113215,0.0260208473459047,0.0123030630651055
0.349065850398866,3.14159265358979,1.37881010907552,0.523598775598299,0.0185457281580924,0.02392443109456195,0.01131456199554045
0.349065850398866,3.14159265358979,1.39626340159546,0.523598775598299,0.01686216357051085,0.021739921066093,0.0102699924740858
0.349065850398866,3.14159265358979,1.41371669411541,0.523598775598299,0.01517729667699435,0.0195615659388436,0.00923350511201318
0.349065850398866,3.14159265358979,1.43116998663535,0.523598775598299,0.01348150274643085,0.0174110922810885,0.008225742600625929
0.349065850398866,3.14159265358979,1.44862327915529,0.523598775598299,0.0118075516150912,0.015205113076783999,0.00718587465224387
0.349065850398866,3.14159265358979,1.46607657167524,0.523598775598299,0.01013882948020095,0.01297385494539335,0.006142158600241715
0.349065850398866,3.14159265358979,1.48352986419518,0.523598775598299,0.008438103941099711,0.01084522473167835,0.00513481644374102
0.349065850398866,3.14159265358979,1.50098315671512,0.523598775598299,0.00674858359538476,0.008683379426075586,0.00410378901419814
0.349065850398866,3.14159265358979,1.51843644923507,0.523598775598299,0.005056267625354945,0.00652068344374937,0.003076681212849915
0.349065850398866,3.14159265358979,1.53588974175501,0.523598775598299,0.003370554977346105,0.004352213655471445,0.0020553624742246
0.349065850398866,3.14159265358979,1.55334303427495,0.523598775598299,0.00168565772296367,0.00216651562677869,0.00102383027504083
0.349065850398866,3.14159265358979,1.5707963267949,0.523598775598299,0.0009423571990890304,0.001229925020439945,0.0005791569294773665
0.349065850398866,3.14159265358979,0.0174532925199433,0.698131700797732,0.03553953970911805,0.0427021908889735,0.02304030177609775
0.349065850398866,3.14159265358979,0.0349065850398866,0.698131700797732,0.03665390216347235,0.0438658214809326,0.02406472885928345
0.349065850398866,3.14159265358979,0.0523598775598299,0.698131700797732,0.03809393727064605,0.0451989226643771,0.02535115991762845
0.349065850398866,3.14159265358979,0.0698131700797732,0.698131700797732,0.0398581882098579,0.0466098773747933,0.0269152416479948
0.349065850398866,3.14159265358979,0.0872664625997165,0.698131700797732,0.041845240896227,0.04828324806056725,0.028737659733238698
0.349065850398866,3.14159265358979,0.10471975511966,0.698131700797732,0.04378331492092925,0.050077621856511004,0.030504908792875804
0.349065850398866,3.14159265358979,0.122173047639603,0.698131700797732,0.04580465228842155,0.05195508240644485,0.0322131477517305
0.349065850398866,3.14159265358979,0.139626340159546,0.698131700797732,0.048008615420542494,0.05398115480157155,0.0341304433319764
0.349065850398866,3.14159265358979,0.15707963267949,0.698131700797732,0.05024408287280195,0.05610945959039685,0.03639014530894705
0.349065850398866,3.14159265358979,0.174532925199433,0.698131700797732,0.052598753278036106,0.058114253526465404,0.03846964796444445
0.349065850398866,3.14159265358979,0.191986217719376,0.698131700797732,0.05450505363349765,0.05981878921225785,0.040208523066740096
0.349065850398866,3.14159265358979,0.20943951023932,0.698131700797732,0.05625190176382745,0.0613925373795082,0.0419497956157216
0.349065850398866,3.14159265358979,0.226892802759263,0.698131700797732,0.0574605012697791,0.06249893820792195,0.04325018922854265
0.349065850398866,3.14159265358979,0.244346095279206,0.698131700797732,0.05826427059351885,0.0631569542390615,0.04413573799192405
0.349065850398866,3.14159265358979,0.261799387799149,0.698131700797732,0.0589681213618406,0.063986384690197,0.0451246689716968
0.349065850398866,3.14159265358979,0.279252680319093,0.698131700797732,0.05896595745160439,0.06419854581625214,0.0450407859344047
0.349065850398866,3.14159265358979,0.296705972839036,0.698131700797732,0.05833649587964154,0.0636341184214147,0.0439563138164717
0.349065850398866,3.14159265358979,0.314159265358979,0.698131700797732,0.05691879033605335,0.06193840435475275,0.04171115546314155
0.349065850398866,3.14159265358979,0.331612557878923,0.698131700797732,0.05456460399788015,0.059763264122012494,0.03941682563693255
0.349065850398866,3.14159265358979,0.349065850398866,0.698131700797732,0.051868865277378995,0.057416162445977956,0.03752999304322265
0.349065850398866,3.14159265358979,0.366519142918809,0.698131700797732,0.04951601324221665,0.0552944215121057,0.0354213196816863
0.349065850398866,3.14159265358979,0.383972435438752,0.698131700797732,0.04677893748406295,0.0527480360904955,0.0324673649739864
0.349065850398866,3.14159265358979,0.401425727958696,0.698131700797732,0.043827079521394946,0.05031611366763565,0.0297894134631312
0.349065850398866,3.14159265358979,0.418879020478639,0.698131700797732,0.04112818681565955,0.0480025733626702,0.027618899589116598
0.349065850398866,3.14159265358979,0.436332312998582,0.698131700797732,0.03894090454838895,0.0459828908561611,0.025883379034794547
0.349065850398866,3.14159265358979,0.453785605518526,0.698131700797732,0.03731286239363869,0.044569927446417246,0.0247085905404959
0.349065850398866,3.14159265358979,0.471238898038469,0.698131700797732,0.035805466019840554,0.0432840979179655,0.02360053761996175
0.349065850398866,3.14159265358979,0.488692190558412,0.698131700797732,0.0344214983651521,0.04203348237936355,0.02244510616979355
0.349065850398866,3.14159265358979,0.506145483078356,0.698131700797732,0.03309240818844445,0.04104643998391995,0.0216111055435959
0.349065850398866,3.14159265358979,0.523598775598299,0.698131700797732,0.0319514617803557,0.04015075946631845,0.0210005773261009
0.349065850398866,3.14159265358979,0.541052068118242,0.698131700797732,0.0307946481570575,0.03925217745482445,0.0204479781556198
0.349065850398866,3.14159265358979,0.558505360638185,0.698131700797732,0.030170207474880903,0.0387257978447568,0.019901034961450098
0.349065850398866,3.14159265358979,0.575958653158129,0.698131700797732,0.029616666400876603,0.0381801597604674,0.01940513150881955
0.349065850398866,3.14159265358979,0.593411945678072,0.698131700797732,0.02897833531092735,0.037557526530681645,0.018825167154391052
0.349065850398866,3.14159265358979,0.610865238198015,0.698131700797732,0.02857339962426125,0.0370724569766297,0.018537848774248
0.349065850398866,3.14159265358979,0.628318530717959,0.698131700797732,0.0283475043217021,0.0367773408143678,0.01838640816075425
0.349065850398866,3.14159265358979,0.645771823237902,0.698131700797732,0.02818604865599105,0.0365083908058831,0.0182828059596775
0.349065850398866,3.14159265358979,0.663225115757845,0.698131700797732,0.0278657801551737,0.036203184949236494,0.0180814264992641
0.349065850398866,3.14159265358979,0.680678408277788,0.698131700797732,0.0274130519287705,0.0360033015538335,0.01787433732229205
0.349065850398866,3.14159265358979,0.698131700797732,0.698131700797732,0.027280821774748,0.035764334180659746,0.017578398549378448
0.349065850398866,3.14159265358979,0.715584993317675,0.698131700797732,0.0270706626912296,0.0354338649871299,0.01724744592142185
0.349065850398866,3.14159265358979,0.733038285837618,0.698131700797732,0.026911535378588453,0.03511693063190165,0.01697589459012305
0.349065850398866,3.14159265358979,0.750491578357562,0.698131700797732,0.026825676237649497,0.035123452114969506,0.0168306245509666
0.349065850398866,3.14159265358979,0.767944870877505,0.698131700797732,0.026679121107517502,0.035049733435563654,0.016747923821024302
0.349065850398866,3.14159265358979,0.785398163397448,0.698131700797732,0.0264744854102373,0.03477424286216095,0.01670416262518755
0.349065850398866,3.14159265358979,0.802851455917391,0.698131700797732,0.0263724519012868,0.0347030802266757,0.0167541896536512
0.349065850398866,3.14159265358979,0.820304748437335,0.698131700797732,0.0263886309966107,0.03481883876539215,0.016851501848319052
0.349065850398866,3.14159265358979,0.837758040957278,0.698131700797732,0.026380414833947798,0.03490736532042825,0.016612996231694502
0.349065850398866,3.14159265358979,0.855211333477221,0.698131700797732,0.0264110843359931,0.034800027753816645,0.0163716573012546
0.349065850398866,3.14159265358979,0.872664625997165,0.698131700797732,0.02644370418262945,0.0346833639094426,0.016103112210145952
0.349065850398866,3.14159265358979,0.890117918517108,0.698131700797732,0.02634497500284715,0.034675765054911045,0.015966580708707052
0.349065850398866,3.14159265358979,0.907571211037051,0.698131700797732,0.02648249441896075,0.03484629919156435,0.0160671289902473
0.349065850398866,3.14159265358979,0.925024503556995,0.698131700797732,0.0263185055013773,0.03470715124264205,0.016189927011692702
0.349065850398866,3.14159265358979,0.942477796076938,0.698131700797732,0.0261842623941297,0.0344886674054223,0.016189694761126
0.349065850398866,3.14159265358979,0.959931088596881,0.698131700797732,0.026080945943185947,0.0343344340407555,0.016030793529509903
0.349065850398866,3.14159265358979,0.977384381116825,0.698131700797732,0.026255398403319197,0.034139391577179004,0.0158092864387205
0.349065850398866,3.14159265358979,0.994837673636768,0.698131700797732,0.02613497991349885,0.033974032844204805,0.0157792385645976
0.349065850398866,3.14159265358979,1.01229096615671,0.698131700797732,0.02608449940114855,0.0339046752979132,0.01576462932977815
0.349065850398866,3.14159265358979,1.02974425867665,0.698131700797732,0.0260318812703364,0.0338640514134354,0.01554058120255325
0.349065850398866,3.14159265358979,1.0471975511966,0.698131700797732,0.026006019641728002,0.03386884627112065,0.0154346795892458
0.349065850398866,3.14159265358979,1.06465084371654,0.698131700797732,0.026075631757391,0.033718040521025755,0.015515077880265349
0.349065850398866,3.14159265358979,1.08210413623648,0.698131700797732,0.02607177446662805,0.033524990948433794,0.0154859305328897
0.349065850398866,3.14159265358979,1.09955742875643,0.698131700797732,0.02597996878179855,0.033467194560220945,0.0155392026022148
0.349065850398866,3.14159265358979,1.11701072127637,0.698131700797732,0.0259001704641601,0.03333554332363865,0.01550858540814965
0.349065850398866,3.14159265358979,1.13446401379631,0.698131700797732,0.02582860348137685,0.032962005537075206,0.0153529914280583
0.349065850398866,3.14159265358979,1.15191730631626,0.698131700797732,0.02581662503028025,0.032819586323928895,0.0153823315405911
0.349065850398866,3.14159265358979,1.1693705988362,0.698131700797732,0.0257682225877906,0.032661799007150605,0.0152861787111308
0.349065850398866,3.14159265358979,1.18682389135614,0.698131700797732,0.025740078531176602,0.032540129953465155,0.015338784303428051
0.349065850398866,3.14159265358979,1.20427718387609,0.698131700797732,0.025580169242675352,0.03238516291715155,0.0153577212118401
0.349065850398866,3.14159265358979,1.22173047639603,0.698131700797732,0.025551948682214,0.03233460409787955,0.0154361222316761
0.349065850398866,3.14159265358979,1.23918376891597,0.698131700797732,0.02535576384238205,0.0321141348862804,0.0153657690292846
0.349065850398866,3.14159265358979,1.25663706143592,0.698131700797732,0.025231772005437553,0.031925120454778105,0.0153334571774189
0.349065850398866,3.14159265358979,1.27409035395586,0.698131700797732,0.0251104517954935,0.03182689896472895,0.015411583676681901
0.349065850398866,3.14159265358979,1.2915436464758,0.698131700797732,0.02503993448957375,0.0315558397416879,0.01539955667021075
0.349065850398866,3.14159265358979,1.30899693899575,0.698131700797732,0.0246455054102481,0.031031514659237352,0.01510623829079625
0.349065850398866,3.14159265358979,1.32645023151569,0.698131700797732,0.02336058147926265,0.0293679359242768,0.0143171926016945
0.349065850398866,3.14159265358979,1.34390352403563,0.698131700797732,0.02170606030590755,0.0272642767448696,0.01323771340789455
0.349065850398866,3.14159265358979,1.36135681655558,0.698131700797732,0.0199971159045535,0.025171276956821198,0.01236549760566015
0.349065850398866,3.14159265358979,1.37881010907552,0.698131700797732,0.0183345383036078,0.0230813811643173,0.0113116845891491
0.349065850398866,3.14159265358979,1.39626340159546,0.698131700797732,0.01667539783313025,0.020976406134668953,0.010265424983957345
0.349065850398866,3.14159265358979,1.41371669411541,0.698131700797732,0.0150027143651067,0.01887883188032835,0.009275033226669959
0.349065850398866,3.14159265358979,1.43116998663535,0.698131700797732,0.013344825271761548,0.01678072484501275,0.008193700169142705
0.349065850398866,3.14159265358979,1.44862327915529,0.698131700797732,0.01165782235209455,0.014683645760735949,0.0071483190549688404
0.349065850398866,3.14159265358979,1.46607657167524,0.698131700797732,0.01001188290690655,0.012583784308001649,0.00613978336761401
0.349065850398866,3.14159265358979,1.48352986419518,0.698131700797732,0.008343681359698344,0.010486563081500856,0.005106124644452091
0.349065850398866,3.14159265358979,1.50098315671512,0.698131700797732,0.006662021018401415,0.0083892131835184,0.0041260197631848156
0.349065850398866,3.14159265358979,1.51843644923507,0.698131700797732,0.00500002431818038,0.006291761588464815,0.003089238499890725
0.349065850398866,3.14159265358979,1.53588974175501,0.698131700797732,0.00333339008633134,0.004192912969937355,0.002051422251667
0.349065850398866,3.14159265358979,1.55334303427495,0.698131700797732,0.001665523656089325,0.00209547568187901,0.0010281107438917664
0.349065850398866,3.14159265358979,1.5707963267949,0.698131700797732,-5.2421401051105855e-06,-1.012832613014879e-05,-1.93277254445928e-05
0.349065850398866,3.14159265358979,0.0174532925199433,0.872664625997165,0.03533080729880625,0.042522936344811954,0.02287696124930815
0.349065850398866,3.14159265358979,0.0349065850398866,0.872664625997165,0.036181651945708104,0.04346326907783775,0.0236805720572866
0.349065850398866,3.14159265358979,0.0523598775598299,0.872664625997165,0.03723782394428965,0.044486615967236104,0.0246629727161394
0.349065850398866,3.14159265358979,0.0698131700797732,0.872664625997165,0.03862437821815225,0.0455770303481723,0.025929522113161102
0.349065850398866,3.14159265358979,0.0872664625997165,0.872664625997165,0.03986515396415115,0.04652495946413305,0.027221513907333898
0.349065850398866,3.14159265358979,0.10471975511966,0.872664625997165,0.0408822814268756,0.04740170338046805,0.0280814330769616
0.349065850398866,3.14159265358979,0.122173047639603,0.872664625997165,0.041791170186276747,0.04826483520589555,0.02865632169384855
0.349065850398866,3.14159265358979,0.139626340159546,0.872664625997165,0.0425225953754454,0.0489495070707877,0.029079278472157404
0.349065850398866,3.14159265358979,0.15707963267949,0.872664625997165,0.04298326958951615,0.0492964679098741,0.02944695056714445
0.349065850398866,3.14159265358979,0.174532925199433,0.872664625997165,0.043424938424519804,0.04960180831818745,0.029757814178474153
0.349065850398866,3.14159265358979,0.191986217719376,0.872664625997165,0.0436635630600445,0.049845580408788004,0.0299759273303334
0.349065850398866,3.14159265358979,0.20943951023932,0.872664625997165,0.04394862581643865,0.050143370225219,0.030311574412883104
0.349065850398866,3.14159265358979,0.226892802759263,0.872664625997165,0.04400144093288145,0.05030784625661895,0.030488164134818148
0.349065850398866,3.14159265358979,0.244346095279206,0.872664625997165,0.04384710055517575,0.05020595720723295,0.030525472618176654
0.349065850398866,3.14159265358979,0.261799387799149,0.872664625997165,0.0434285798587489,0.04991639820527325,0.030429559745288152
0.349065850398866,3.14159265358979,0.279252680319093,0.872664625997165,0.042776877479343445,0.049488945080748345,0.0300687706837288
0.349065850398866,3.14159265358979,0.296705972839036,0.872664625997165,0.04186534199227675,0.048655005315837246,0.029129094225121104
0.349065850398866,3.14159265358979,0.314159265358979,0.872664625997165,0.0407100248959169,0.047582859026134544,0.027898294357004902
0.349065850398866,3.14159265358979,0.331612557878923,0.872664625997165,0.039609274457431495,0.0465106698872631,0.0267368044317353
0.349065850398866,3.14159265358979,0.349065850398866,0.872664625997165,0.03839294055132625,0.04527253633776725,0.02560191370558205
0.349065850398866,3.14159265358979,0.366519142918809,0.872664625997165,0.037098250951351205,0.044142454984438195,0.02457007404094535
0.349065850398866,3.14159265358979,0.383972435438752,0.872664625997165,0.035805580165905196,0.043114274207730105,0.0235499009309762
0.349065850398866,3.14159265358979,0.401425727958696,0.872664625997165,0.03455421834768185,0.04219872207824635,0.0226806971578896
0.349065850398866,3.14159265358979,0.418879020478639,0.872664625997165,0.03333553302693135,0.04104753016691855,0.021833791226625952
0.349065850398866,3.14159265358979,0.436332312998582,0.872664625997165,0.03226297394924895,0.04003646519226855,0.0209982686517313
0.349065850398866,3.14159265358979,0.453785605518526,0.872664625997165,0.0313038510154194,0.039355979306428854,0.02015090632265855
0.349065850398866,3.14159265358979,0.471238898038469,0.872664625997165,0.03054417503177415,0.038825056566520855,0.01964255070106645
0.349065850398866,3.14159265358979,0.488692190558412,0.872664625997165,0.02986887686298685,0.0382260438815289,0.0192744429222938
0.349065850398866,3.14159265358979,0.506145483078356,0.872664625997165,0.02933475031010125,0.03763622335023315,0.018941663158849098
0.349065850398866,3.14159265358979,0.523598775598299,0.872664625997165,0.0289012839113902,0.037025875090850854,0.01852879166560395
0.349065850398866,3.14159265358979,0.541052068118242,0.872664625997165,0.0284828602654277,0.03660065912258835,0.0181642740206264
0.349065850398866,3.14159265358979,0.558505360638185,0.872664625997165,0.02795338575444525,0.036073407823651704,0.01797855757152235
0.349065850398866,3.14159265358979,0.575958653158129,0.872664625997165,0.0274896890808221,0.035678467439359596,0.0178598018801761
0.349065850398866,3.14159265358979,0.593411945678072,0.872664625997165,0.02720909189897425,0.03557390543646205,0.0178353519865278
0.349065850398866,3.14159265358979,0.610865238198015,0.872664625997165,0.0270225016116867,0.03553543254585205,0.0175559506666531
0.349065850398866,3.14159265358979,0.628318530717959,0.872664625997165,0.02680678955983195,0.03524245270498785,0.01727223825507845
0.349065850398866,3.14159265358979,0.645771823237902,0.872664625997165,0.02672368997760985,0.03515075883445515,0.017061638977940753
0.349065850398866,3.14159265358979,0.663225115757845,0.872664625997165,0.02671154495316075,0.0351635627612817,0.01695054195395855
0.349065850398866,3.14159265358979,0.680678408277788,0.872664625997165,0.02643957965681925,0.035013354006770345,0.016778385608181998
0.349065850398866,3.14159265358979,0.698131700797732,0.872664625997165,0.026214971012070702,0.0347141265868314,0.0165027950950835
0.349065850398866,3.14159265358979,0.715584993317675,0.872664625997165,0.026063977539011553,0.034525310015655244,0.01626109956825065
0.349065850398866,3.14159265358979,0.733038285837618,0.872664625997165,0.0258847873555654,0.03432888055951025,0.01609156096748875
0.349065850398866,3.14159265358979,0.750491578357562,0.872664625997165,0.025783679916785048,0.034022599818868154,0.0160582169401898
0.349065850398866,3.14159265358979,0.767944870877505,0.872664625997165,0.0255738219659234,0.033896592444040696,0.0159722358854103
0.349065850398866,3.14159265358979,0.785398163397448,0.872664625997165,0.025635118819202503,0.03397625466501315,0.01600209304645795
0.349065850398866,3.14159265358979,0.802851455917391,0.872664625997165,0.025838512545223048,0.0339914232425889,0.01600521902842205
0.349065850398866,3.14159265358979,0.820304748437335,0.872664625997165,0.025892079033335,0.03393444993398795,0.016012698310996748
0.349065850398866,3.14159265358979,0.837758040957278,0.872664625997165,0.02580610051406155,0.0337959985026491,0.0159295292810202
0.349065850398866,3.14159265358979,0.855211333477221,0.872664625997165,0.0258030409146997,0.033938904285378255,0.01590759728066445
0.349065850398866,3.14159265358979,0.872664625997165,0.872664625997165,0.02581469699195325,0.03396960375968225,0.01595937892573515
0.349065850398866,3.14159265358979,0.890117918517108,0.872664625997165,0.0258660632372478,0.0339479311986496,0.0160376492536348
0.349065850398866,3.14159265358979,0.907571211037051,0.872664625997165,0.025935059039146002,0.0339697527248206,0.01589868189827725
0.349065850398866,3.14159265358979,0.925024503556995,0.872664625997165,0.0259479926540542,0.034039802001880254,0.01577032450746565
0.349065850398866,3.14159265358979,0.942477796076938,0.872664625997165,0.02587829942428135,0.034031176752634,0.01578618953005945
0.349065850398866,3.14159265358979,0.959931088596881,0.872664625997165,0.025924238910330952,0.0340571604757714,0.0157419094536094
0.349065850398866,3.14159265358979,0.977384381116825,0.872664625997165,0.0259308311871836,0.034052163870879656,0.01575869566588215
0.349065850398866,3.14159265358979,0.994837673636768,0.872664625997165,0.02591596029027595,0.034017384091897904,0.0157822230682649
0.349065850398866,3.14159265358979,1.01229096615671,0.872664625997165,0.0258158990166357,0.033985420241602254,0.01570416405180795
0.349065850398866,3.14159265358979,1.02974425867665,0.872664625997165,0.02575014405821505,0.0339130990564162,0.0157080502219683
0.349065850398866,3.14159265358979,1.0471975511966,0.872664625997165,0.0256162342060359,0.0335709286085945,0.0155792663688455
0.349065850398866,3.14159265358979,1.06465084371654,0.872664625997165,0.02551986540071635,0.03330355923669305,0.015293934391261449
0.349065850398866,3.14159265358979,1.08210413623648,0.872664625997165,0.025537338048885,0.03328159308868665,0.01532998316501915
0.349065850398866,3.14159265358979,1.09955742875643,0.872664625997165,0.025606953179221452,0.033252504954272497,0.0153358374207574
0.349065850398866,3.14159265358979,1.11701072127637,0.872664625997165,0.025591378433305452,0.033112437471572,0.0153101303065259
0.349065850398866,3.14159265358979,1.13446401379631,0.872664625997165,0.025503764102171297,0.03296297226388045,0.0151416864479984
0.349065850398866,3.14159265358979,1.15191730631626,0.872664625997165,0.0255154713416322,0.03281661699560475,0.015073351860886399
0.349065850398866,3.14159265358979,1.1693705988362,0.872664625997165,0.02553489785533395,0.03259243032939075,0.01494648298659055
0.349065850398866,3.14159265358979,1.18682389135614,0.872664625997165,0.0254322255535135,0.03233374043196175,0.01481042940719975
0.349065850398866,3.14159265358979,1.20427718387609,0.872664625997165,0.0253242121128799,0.032094857004782,0.0146293842982162
0.349065850398866,3.14159265358979,1.22173047639603,0.872664625997165,0.0253224964928909,0.031960801017901,0.014654837938566801
0.349065850398866,3.14159265358979,1.23918376891597,0.872664625997165,0.0250627808115828,0.031646648020870055,0.01455129720530255
0.349065850398866,3.14159265358979,1.25663706143592,0.872664625997165,0.0249544501327993,0.0315003477803735,0.01462002514064905
0.349065850398866,3.14159265358979,1.27409035395586,0.872664625997165,0.024844338750063852,0.03142972596969785,0.014600191626921999
0.349065850398866,3.14159265358979,1.2915436464758,0.872664625997165,0.0247797747015315,0.0313485026511934,0.01461287083503755
0.349065850398866,3.14159265358979,1.30899693899575,0.872664625997165,0.02426881391026095,0.030622953970318147,0.014290034537021799
0.349065850398866,3.14159265358979,1.32645023151569,0.872664625997165,0.022972073433798097,0.028990557812615197,0.01349601635668925
0.349065850398866,3.14159265358979,1.34390352403563,0.872664625997165,0.02129704578633785,0.02686391411501285,0.01251509777898745
0.349065850398866,3.14159265358979,1.36135681655558,0.872664625997165,0.019764800531927952,0.02493148147175745,0.011584463610879451
0.349065850398866,3.14159265358979,1.37881010907552,0.872664625997165,0.018087353449826052,0.022842598092864652,0.01062727491174065
0.349065850398866,3.14159265358979,1.39626340159546,0.872664625997165,0.01643172567822395,0.02073750062048375,0.00964444269602201
0.349065850398866,3.14159265358979,1.41371669411541,0.872664625997165,0.0148116495587894,0.01868726159935775,0.008678958469687975
0.349065850398866,3.14159265358979,1.43116998663535,0.872664625997165,0.0131339521061742,0.01657514774168285,0.007713091910063636
0.349065850398866,3.14159265358979,1.44862327915529,0.872664625997165,0.01148213529965215,0.014488079872536749,0.00676307697535816
0.349065850398866,3.14159265358979,1.46607657167524,0.872664625997165,0.00984733269169957,0.0124220427637169,0.0057789482758317245
0.349065850398866,3.14159265358979,1.48352986419518,0.872664625997165,0.00819920153905781,0.0103462987549846,0.00481757885309484
0.349065850398866,3.14159265358979,1.50098315671512,0.872664625997165,0.00658566856730868,0.008308220831839016,0.00385986376288081
0.349065850398866,3.14159265358979,1.51843644923507,0.872664625997165,0.0049350405983617195,0.006226948775776145,0.00289276856546205
0.349065850398866,3.14159265358979,1.53588974175501,0.872664625997165,0.0032842048460123797,0.0041446937060466895,0.00192765756446641
0.349065850398866,3.14159265358979,1.55334303427495,0.872664625997165,0.00164317818142798,0.00207322058641396,0.000963263074897442
0.349065850398866,3.14159265358979,1.5707963267949,0.872664625997165,-1.688012835421305e-05,-2.01905683797632e-05,-5.19595038876719e-06
0.349065850398866,3.14159265358979,0.0174532925199433,1.0471975511966,0.035105142614126394,0.0423217018776541,0.0226969501500873
0.349065850398866,3.14159265358979,0.0349065850398866,1.0471975511966,0.03563964516686915,0.04299715226069835,0.0232327608193101
0.349065850398866,3.14159265358979,0.0523598775598299,1.0471975511966,0.036373155194538154,0.0437143032511159,0.0239384746600668
0.349065850398866,3.14159265358979,0.0698131700797732,1.0471975511966,0.0370800403974458,0.0442797622175528,0.02464747833219405
0.349065850398866,3.14159265358979,0.0872664625997165,1.0471975511966,0.037787630421146454,0.04477030312463495,0.0254306308718448
0.349065850398866,3.14159265358979,0.10471975511966,1.0471975511966,0.038218705048952,0.04502654592325385,0.025735910894893903
0.349065850398866,3.14159265358979,0.122173047639603,1.0471975511966,0.03844679713804225,0.04531473757806605,0.025922313989688653
0.349065850398866,3.14159265358979,0.139626340159546,1.0471975511966,0.038259625537644296,0.0452698247441649,0.02569935430638845
0.349065850398866,3.14159265358979,0.15707963267949,1.0471975511966,0.038302797564982144,0.04521223004352565,0.025405228095059
0.349065850398866,3.14159265358979,0.174532925199433,1.0471975511966,0.038061864161711756,0.0448655401811168,0.0250460927394854
0.349065850398866,3.14159265358979,0.191986217719376,1.0471975511966,0.03779085910612065,0.04472664143353495,0.02492247782662915
0.349065850398866,3.14159265358979,0.20943951023932,1.0471975511966,0.03738565832792545,0.044585949526091545,0.02479637927294985
0.349065850398866,3.14159265358979,0.226892802759263,1.0471975511966,0.03704988694350285,0.0444322480150422,0.024746733187994252
0.349065850398866,3.14159265358979,0.244346095279206,1.0471975511966,0.03660161650379315,0.0440478289958134,0.024449254348875703
0.349065850398866,3.14159265358979,0.261799387799149,1.0471975511966,0.03598323248494675,0.04325953015563985,0.0239535991653268
0.349065850398866,3.14159265358979,0.279252680319093,1.0471975511966,0.0353512473796359,0.04278364294475065,0.02344091905194405
0.349065850398866,3.14159265358979,0.296705972839036,1.0471975511966,0.034745989598903904,0.04232713662606845,0.0231040675577465
0.349065850398866,3.14159265358979,0.314159265358979,1.0471975511966,0.03413638669631195,0.0418459455959542,0.02266568431146485
0.349065850398866,3.14159265358979,0.331612557878923,1.0471975511966,0.03324142124879725,0.0410214343792077,0.02194558198043785
0.349065850398866,3.14159265358979,0.349065850398866,1.0471975511966,0.0322458938069596,0.04004715141248785,0.02108198636685505
0.349065850398866,3.14159265358979,0.366519142918809,1.0471975511966,0.0314594667690859,0.0392015677351821,0.020417579635220402
0.349065850398866,3.14159265358979,0.383972435438752,1.0471975511966,0.03083482224469515,0.0384430746367194,0.019876946439677752
0.349065850398866,3.14159265358979,0.401425727958696,1.0471975511966,0.0301439917629489,0.0380345006376335,0.019417967737414048
0.349065850398866,3.14159265358979,0.418879020478639,1.0471975511966,0.02940776085385275,0.03759557732193375,0.0190784791943483
0.349065850398866,3.14159265358979,0.436332312998582,1.0471975511966,0.028782834805513302,0.037243244903176445,0.018722171784599298
0.349065850398866,3.14159265358979,0.453785605518526,1.0471975511966,0.02829564200840745,0.03680408024326105,0.018411318774334197
0.349065850398866,3.14159265358979,0.471238898038469,1.0471975511966,0.02798200739300815,0.0362910188188706,0.0180617665606069
0.349065850398866,3.14159265358979,0.488692190558412,1.0471975511966,0.0276035682308393,0.0359965614976505,0.017757004295189747
0.349065850398866,3.14159265358979,0.506145483078356,1.0471975511966,0.02712320474361845,0.03573648880782615,0.0174616461571576
0.349065850398866,3.14159265358979,0.523598775598299,1.0471975511966,0.0267341250964774,0.0352998276706548,0.0173589343357122
0.349065850398866,3.14159265358979,0.541052068118242,1.0471975511966,0.026573686990637703,0.0349351785560802,0.0172094710992321
0.349065850398866,3.14159265358979,0.558505360638185,1.0471975511966,0.0265229949623518,0.0346028163821056,0.0170369079842857
0.349065850398866,3.14159265358979,0.575958653158129,1.0471975511966,0.02642756929106185,0.0343786371588678,0.0167863945642754
0.349065850398866,3.14159265358979,0.593411945678072,1.0471975511966,0.02623227314664755,0.034168419169793254,0.016515453154352752
0.349065850398866,3.14159265358979,0.610865238198015,1.0471975511966,0.0258777617844047,0.03404745406799535,0.01620439482771045
0.349065850398866,3.14159265358979,0.628318530717959,1.0471975511966,0.025587122235335748,0.034123711359460795,0.01601360363412515
0.349065850398866,3.14159265358979,0.645771823237902,1.0471975511966,0.02541337585203235,0.034141430793476105,0.0160327362286635
0.349065850398866,3.14159265358979,0.663225115757845,1.0471975511966,0.025561040605103398,0.034175027296634894,0.01605397411627535
0.349065850398866,3.14159265358979,0.680678408277788,1.0471975511966,0.0257624112086929,0.034160133421324304,0.01610601729466355
0.349065850398866,3.14159265358979,0.698131700797732,1.0471975511966,0.0257631430500313,0.03395890313827145,0.01618822736263255
0.349065850398866,3.14159265358979,0.715584993317675,1.0471975511966,0.025661328701737547,0.0337218927485666,0.01597874918945605
0.349065850398866,3.14159265358979,0.733038285837618,1.0471975511966,0.02548736083974035,0.033604934201360695,0.01576738527920345
0.349065850398866,3.14159265358979,0.750491578357562,1.0471975511966,0.02531224507989955,0.033560082748384304,0.015731757040995102
0.349065850398866,3.14159265358979,0.767944870877505,1.0471975511966,0.02516745241011375,0.03350935062753975,0.01547508432727345
0.349065850398866,3.14159265358979,0.785398163397448,1.0471975511966,0.025186617151115948,0.033379638960746,0.0152522253762333
0.349065850398866,3.14159265358979,0.802851455917391,1.0471975511966,0.0250371429547784,0.0334989130558353,0.015321182666721351
0.349065850398866,3.14159265358979,0.820304748437335,1.0471975511966,0.0250956980410856,0.033511032393200954,0.01552995738672475
0.349065850398866,3.14159265358979,0.837758040957278,1.0471975511966,0.025255467727821952,0.0335332673154939,0.01573908887245135
0.349065850398866,3.14159265358979,0.855211333477221,1.0471975511966,0.0253270441109105,0.0334081531501823,0.0157240867634286
0.349065850398866,3.14159265358979,0.872664625997165,1.0471975511966,0.0253682858256698,0.033342652378198154,0.015471873343360601
0.349065850398866,3.14159265358979,0.890117918517108,1.0471975511966,0.02541800795777155,0.0331718856917617,0.0151351536902368
0.349065850398866,3.14159265358979,0.907571211037051,1.0471975511966,0.025596739368819448,0.0330522075768317,0.0151055881432974
0.349065850398866,3.14159265358979,0.925024503556995,1.0471975511966,0.02545396517201265,0.03302070796943995,0.01502791804978115
0.349065850398866,3.14159265358979,0.942477796076938,1.0471975511966,0.025329681643999,0.03261074965949565,0.014946957543687099
0.349065850398866,3.14159265358979,0.959931088596881,1.0471975511966,0.02517571442414305,0.0324279872091526,0.01493785646923495
0.349065850398866,3.14159265358979,0.977384381116825,1.0471975511966,0.0251861787319949,0.032544507375929205,0.01509494464173465
0.349065850398866,3.14159265358979,0.994837673636768,1.0471975511966,0.025243140970650453,0.03252274895472995,0.015001363674058549
0.349065850398866,3.14159265358979,1.01229096615671,1.0471975511966,0.025067194074367298,0.032395336090986354,0.01477613971616655
0.349065850398866,3.14159265358979,1.02974425867665,1.0471975511966,0.0250125853077413,0.03274011528367095,0.01493319734025875
0.349065850398866,3.14159265358979,1.0471975511966,1.0471975511966,0.024994404965533852,0.0328293407374429,0.015028094302306401
0.349065850398866,3.14159265358979,1.06465084371654,1.0471975511966,0.024986706044097952,0.032673434936585394,0.0150654180870407
0.349065850398866,3.14159265358979,1.08210413623648,1.0471975511966,0.024930370026891302,0.03235780986824115,0.01484177640405215
0.349065850398866,3.14159265358979,1.09955742875643,1.0471975511966,0.024909020180557698,0.0320015978254585,0.01479595237237595
0.349065850398866,3.14159265358979,1.11701072127637,1.0471975511966,0.024897651518422402,0.03175262781267915,0.01499731548363205
0.349065850398866,3.14159265358979,1.13446401379631,1.0471975511966,0.02492650371566655,0.031680303360036854,0.01487405225780195
0.349065850398866,3.14159265358979,1.15191730631626,1.0471975511966,0.024907100168333002,0.03162263011821505,0.0149677818996417
0.349065850398866,3.14159265358979,1.1693705988362,1.0471975511966,0.024878709455419,0.0316097206063135,0.01476979465581765
0.349065850398866,3.14159265358979,1.18682389135614,1.0471975511966,0.0246933426530973,0.031512500557469,0.014718642220842001
0.349065850398866,3.14159265358979,1.20427718387609,1.0471975511966,0.0246071835138335,0.03140658712223065,0.014629273835080999
0.349065850398866,3.14159265358979,1.22173047639603,1.0471975511966,0.0245218794116829,0.03139450771757295,0.0145580471015806
0.349065850398866,3.14159265358979,1.23918376891597,1.0471975511966,0.02432626286412625,0.0311693878407654,0.01444236173814635
0.349065850398866,3.14159265358979,1.25663706143592,1.0471975511966,0.02410891562319345,0.0310773598552262,0.014476032704660899
0.349065850398866,3.14159265358979,1.27409035395586,1.0471975511966,0.02414120465164125,0.030868343329550747,0.0143430455972858
0.349065850398866,3.14159265358979,1.2915436464758,1.0471975511966,0.0242078019826722,0.0308847679053414,0.014529528867260399
0.349065850398866,3.14159265358979,1.30899693899575,1.0471975511966,0.0237550967099708,0.0304569863798983,0.014033476980167499
0.349065850398866,3.14159265358979,1.32645023151569,1.0471975511966,0.022347002851014652,0.028673198041237448,0.01316280462857395
0.349065850398866,3.14159265358979,1.34390352403563,1.0471975511966,0.0207589502033672,0.02665426813151775,0.012280906036017149
0.349065850398866,3.14159265358979,1.36135681655558,1.0471975511966,0.019187640030804302,0.0245711787816,0.0113317384699889
0.349065850398866,3.14159265358979,1.37881010907552,1.0471975511966,0.01757030391172635,0.022567202086916552,0.010476975171903725
0.349065850398866,3.14159265358979,1.39626340159546,1.0471975511966,0.01597350785671025,0.02048271623002665,0.009419735499945025
0.349065850398866,3.14159265358979,1.41371669411541,1.0471975511966,0.01438330715468715,0.0184363689912511,0.008504444792795194
0.349065850398866,3.14159265358979,1.43116998663535,1.0471975511966,0.012770497752675549,0.01638462115891115,0.007522556081408789
0.349065850398866,3.14159265358979,1.44862327915529,1.0471975511966,0.01118352279463655,0.0143427751791009,0.006607948355373635
0.349065850398866,3.14159265358979,1.46607657167524,1.0471975511966,0.009602426152834829,0.01227866464935315,0.00567787801453864
0.349065850398866,3.14159265358979,1.48352986419518,1.0471975511966,0.007988162856449816,0.01024907561312124,0.004734412314278025
0.349065850398866,3.14159265358979,1.50098315671512,1.0471975511966,0.006392706459844925,0.00819138155636865,0.00377303165734514
0.349065850398866,3.14159265358979,1.51843644923507,1.0471975511966,0.00479360381823094,0.006142950394302385,0.0028402958308772746
0.349065850398866,3.14159265358979,1.53588974175501,1.0471975511966,0.003192998967059035,0.0040966237309265855,0.0018816983548545201
0.349065850398866,3.14159265358979,1.55334303427495,1.0471975511966,0.0015970282798654098,0.00204523566398962,0.0009440804798376965
0.349065850398866,3.14159265358979,1.5707963267949,1.0471975511966,0.0008925438252406785,0.001152689546482565,0.0005274482715798324
0.349065850398866,3.14159265358979,0.0174532925199433,1.22173047639603,0.0348687239288384,0.04210432346484935,0.02250558325614255
0.349065850398866,3.14159265358979,0.0349065850398866,1.22173047639603,0.03515872792586015,0.042586700891207946,0.0228356082474599
0.349065850398866,3.14159265358979,0.0523598775598299,1.22173047639603,0.0354013378578706,0.04286602752346675,0.02313813345491995
0.349065850398866,3.14159265358979,0.0698131700797732,1.22173047639603,0.03574754103953795,0.04307268391480435,0.02357688202881825
0.349065850398866,3.14159265358979,0.0872664625997165,1.22173047639603,0.03583832353739315,0.04320012333821325,0.0237917596468774
0.349065850398866,3.14159265358979,0.10471975511966,1.22173047639603,0.0358006692831929,0.04320162411411875,0.02380002194149725
0.349065850398866,3.14159265358979,0.122173047639603,1.22173047639603,0.035690696342854045,0.043094496940312796,0.023738200495742302
0.349065850398866,3.14159265358979,0.139626340159546,1.22173047639603,0.0355303647935939,0.042939246325594205,0.02347253262547425
0.349065850398866,3.14159265358979,0.15707963267949,1.22173047639603,0.035262923561726056,0.04261465980114165,0.0230340081549258
0.349065850398866,3.14159265358979,0.174532925199433,1.22173047639603,0.034871651934247655,0.042209826447026796,0.0226916581178118
0.349065850398866,3.14159265358979,0.191986217719376,1.22173047639603,0.03438446341165465,0.04187805217637475,0.0224415717780822
0.349065850398866,3.14159265358979,0.20943951023932,1.22173047639603,0.03380440358431995,0.041516649053493795,0.022159520267863553
0.349065850398866,3.14159265358979,0.226892802759263,1.22173047639603,0.0332182480127166,0.041087523426953654,0.0218718742623023
0.349065850398866,3.14159265358979,0.244346095279206,1.22173047639603,0.032594240521835,0.04051786161472015,0.0213630820631852
0.349065850398866,3.14159265358979,0.261799387799149,1.22173047639603,0.03190267769517285,0.0400151427778415,0.0208132544592191
0.349065850398866,3.14159265358979,0.279252680319093,1.22173047639603,0.03142156792316325,0.0396351380350478,0.02059622370239035
0.349065850398866,3.14159265358979,0.296705972839036,1.22173047639603,0.03081944791661325,0.039256319619948396,0.02040966036766365
0.349065850398866,3.14159265358979,0.314159265358979,1.22173047639603,0.0303126359267779,0.03869062208954825,0.019953556989487753
0.349065850398866,3.14159265358979,0.331612557878923,1.22173047639603,0.02972075081761075,0.0380526730710464,0.0192687586199152
0.349065850398866,3.14159265358979,0.349065850398866,1.22173047639603,0.02918617700137425,0.037453762937768656,0.0188758485528007
0.349065850398866,3.14159265358979,0.366519142918809,1.22173047639603,0.028782045186636,0.0370549137370512,0.01859290990326105
0.349065850398866,3.14159265358979,0.383972435438752,1.22173047639603,0.02842471799235105,0.03668780498998875,0.01825085467138635
0.349065850398866,3.14159265358979,0.401425727958696,1.22173047639603,0.027979655949930952,0.0362752053443833,0.01795121755821845
0.349065850398866,3.14159265358979,0.418879020478639,1.22173047639603,0.02756782174107745,0.0359692372646775,0.01771332507691575
0.349065850398866,3.14159265358979,0.436332312998582,1.22173047639603,0.0272274642897572,0.035722387516289145,0.01753922331434085
0.349065850398866,3.14159265358979,0.453785605518526,1.22173047639603,0.02691340966276495,0.03551187030236605,0.01737696036100125
0.349065850398866,3.14159265358979,0.471238898038469,1.22173047639603,0.02662952215841765,0.035320967689118146,0.0171227272808444
0.349065850398866,3.14159265358979,0.488692190558412,1.22173047639603,0.026411835767679352,0.03500455957067075,0.0168510940235287
0.349065850398866,3.14159265358979,0.506145483078356,1.22173047639603,0.0262061805882241,0.03470944287089045,0.0166392017732131
0.349065850398866,3.14159265358979,0.523598775598299,1.22173047639603,0.0260554907606779,0.034500033531847496,0.016484597697891998
0.349065850398866,3.14159265358979,0.541052068118242,1.22173047639603,0.0260264053586689,0.034278335480575,0.01629345093437845
0.349065850398866,3.14159265358979,0.558505360638185,1.22173047639603,0.025724579703136997,0.0340375312562747,0.016017358174694248
0.349065850398866,3.14159265358979,0.575958653158129,1.22173047639603,0.025556287363331202,0.03402738131285825,0.01598366031233555
0.349065850398866,3.14159265358979,0.593411945678072,1.22173047639603,0.02526047380754795,0.0338567132925224,0.0160533308830971
0.349065850398866,3.14159265358979,0.610865238198015,1.22173047639603,0.0251964493977213,0.0337161055084291,0.01598591078914085
0.349065850398866,3.14159265358979,0.628318530717959,1.22173047639603,0.025276338508832152,0.03374629788951685,0.0158637785535658
0.349065850398866,3.14159265358979,0.645771823237902,1.22173047639603,0.025306054475251152,0.033774835927313854,0.01574393464707135
0.349065850398866,3.14159265358979,0.663225115757845,1.22173047639603,0.02533639663609665,0.03383997604592725,0.01573970364106435
0.349065850398866,3.14159265358979,0.680678408277788,1.22173047639603,0.02534914345548225,0.0338192535804308,0.01580844168112765
0.349065850398866,3.14159265358979,0.698131700797732,1.22173047639603,0.02523871468317855,0.033576667283720746,0.015679852935008
0.349065850398866,3.14159265358979,0.715584993317675,1.22173047639603,0.02506409636703855,0.033281906281817,0.015427062039869151
0.349065850398866,3.14159265358979,0.733038285837618,1.22173047639603,0.024972418393601252,0.0330971303477635,0.01530888682319325
0.349065850398866,3.14159265358979,0.750491578357562,1.22173047639603,0.024972447810370252,0.0329725463160032,0.01533391001861745
0.349065850398866,3.14159265358979,0.767944870877505,1.22173047639603,0.024930754243630053,0.03288112351739715,0.0153635846243657
0.349065850398866,3.14159265358979,0.785398163397448,1.22173047639603,0.02490111005914055,0.03284563251460445,0.01522464124167755
0.349065850398866,3.14159265358979,0.802851455917391,1.22173047639603,0.0249321269215389,0.0328844960800182,0.01504184612510645
0.349065850398866,3.14159265358979,0.820304748437335,1.22173047639603,0.0249210458474805,0.03302574192832085,0.01493457565279565
0.349065850398866,3.14159265358979,0.837758040957278,1.22173047639603,0.02498993318140085,0.0329244564419251,0.0148242369431948
0.349065850398866,3.14159265358979,0.855211333477221,1.22173047639603,0.02503970568254585,0.0328471686773979,0.01480910224827005
0.349065850398866,3.14159265358979,0.872664625997165,1.22173047639603,0.0250854223804381,0.032781469171065905,0.01481922054224865
0.349065850398866,3.14159265358979,0.890117918517108,1.22173047639603,0.0249440757344148,0.0326068409057679,0.01476770196851275
0.349065850398866,3.14159265358979,0.907571211037051,1.22173047639603,0.02481865747387835,0.032911923753705996,0.0146571383681811
0.349065850398866,3.14159265358979,0.925024503556995,1.22173047639603,0.0250171964084384,0.032861186888194505,0.0148335355987823
0.349065850398866,3.14159265358979,0.942477796076938,1.22173047639603,0.0249947455506746,0.03275786099167025,0.014932740029827
0.349065850398866,3.14159265358979,0.959931088596881,1.22173047639603,0.0248272641180597,0.032754012473952,0.0149154088042908
0.349065850398866,3.14159265358979,0.977384381116825,1.22173047639603,0.0248482032244492,0.0326132542674122,0.014670493528192101
0.349065850398866,3.14159265358979,0.994837673636768,1.22173047639603,0.024866034722713398,0.032487561088134845,0.01428963412970185
0.349065850398866,3.14159265358979,1.01229096615671,1.22173047639603,0.02497073741196415,0.03234842084068695,0.014189473434952301
0.349065850398866,3.14159265358979,1.02974425867665,1.22173047639603,0.0249065051864875,0.0321415510059252,0.014253910865995149
0.349065850398866,3.14159265358979,1.0471975511966,1.22173047639603,0.024703710379470598,0.03196146267889095,0.01426067959496195
0.349065850398866,3.14159265358979,1.06465084371654,1.22173047639603,0.02460237532389855,0.03177717818022045,0.0141568326961291
0.349065850398866,3.14159265358979,1.08210413623648,1.22173047639603,0.0247538494065032,0.03178751947782305,0.014075432665467551
0.349065850398866,3.14159265358979,1.09955742875643,1.22173047639603,0.0247992398078796,0.031673348848152,0.01408244012504855
0.349065850398866,3.14159265358979,1.11701072127637,1.22173047639603,0.0248571563574028,0.0317398046067559,0.014184752563660051
0.349065850398866,3.14159265358979,1.13446401379631,1.22173047639603,0.024904216674653097,0.03177959646951635,0.014515679637221151
0.349065850398866,3.14159265358979,1.15191730631626,1.22173047639603,0.02476605365897545,0.03157623074633755,0.01466882243048615
0.349065850398866,3.14159265358979,1.1693705988362,1.22173047639603,0.0246303910122334,0.03148317860862415,0.0148354585073597
0.349065850398866,3.14159265358979,1.18682389135614,1.22173047639603,0.024516046270694453,0.031446729717968,0.014883726523900149
0.349065850398866,3.14159265358979,1.20427718387609,1.22173047639603,0.02449657502121025,0.03139706954819515,0.0149110635683343
0.349065850398866,3.14159265358979,1.22173047639603,1.22173047639603,0.0243693140015963,0.031242452228663953,0.01494353227734765
0.349065850398866,3.14159265358979,1.23918376891597,1.22173047639603,0.0241189435898924,0.031038993686169702,0.0149578592633964
0.349065850398866,3.14159265358979,1.25663706143592,1.22173047639603,0.02393927973074795,0.03084054385494685,0.01485900748511675
0.349065850398866,3.14159265358979,1.27409035395586,1.22173047639603,0.023725809570869602,0.030600151888455447,0.01494587214033615
0.349065850398866,3.14159265358979,1.2915436464758,1.22173047639603,0.02372667479262335,0.0307477097095928,0.014966555205969751
0.349065850398866,3.14159265358979,1.30899693899575,1.22173047639603,0.02333148365084675,0.03020689837380565,0.01468509962058915
0.349065850398866,3.14159265358979,1.32645023151569,1.22173047639603,0.0220966548549558,0.0285944562868699,0.0139837567947279
0.349065850398866,3.14159265358979,1.34390352403563,1.22173047639603,0.02053152964027965,0.0266405782700512,0.0129349070332646
0.349065850398866,3.14159265358979,1.36135681655558,1.22173047639603,0.018964253523964802,0.02460450870689075,0.011913664092405699
0.349065850398866,3.14159265358979,1.37881010907552,1.22173047639603,0.01736184076224095,0.022472823060758748,0.0109853703487889
0.349065850398866,3.14159265358979,1.39626340159546,1.22173047639603,0.01579185469438685,0.02048531589116755,0.009953490796778389
0.349065850398866,3.14159265358979,1.41371669411541,1.22173047639603,0.014204604280766,0.0183749883845339,0.008987067221781326
0.349065850398866,3.14159265358979,1.43116998663535,1.22173047639603,0.012627369642573,0.01634780651567555,0.007986975063140039
0.349065850398866,3.14159265358979,1.44862327915529,1.22173047639603,0.0110558658500613,0.0143506993026407,0.006960718963275065
0.349065850398866,3.14159265358979,1.46607657167524,1.22173047639603,0.009469371835881115,0.01226037695352545,0.0059886228234547045
0.349065850398866,3.14159265358979,1.48352986419518,1.22173047639603,0.00789213656942874,0.01021929570680395,0.00499026020334892
0.349065850398866,3.14159265358979,1.50098315671512,1.22173047639603,0.006316898313518456,0.00820052637784731,0.003976151454916385
0.349065850398866,3.14159265358979,1.51843644923507,1.22173047639603,0.0047357430689128205,0.006139805860123925,0.0029878675501791
0.349065850398866,3.14159265358979,1.53588974175501,1.22173047639603,0.003156313020372805,0.004087512518017596,0.001995334331738305
0.349065850398866,3.14159265358979,1.55334303427495,1.22173047639603,0.001576974553338455,0.0020445382156951903,0.00099492589754146
0.349065850398866,3.14159265358979,1.5707963267949,1.22173047639603,0.0009989826305954255,0.00129287001088423,0.0006322537222039719
0.349065850398866,3.14159265358979,0.0174532925199433,1.39626340159546,0.03462745966716855,0.041876882762041254,0.022308384284164352
0.349065850398866,3.14159265358979,0.0349065850398866,1.39626340159546,0.034650779163700254,0.042147303859415355,0.022403156391467997
0.349065850398866,3.14159265358979,0.0523598775598299,1.39626340159546,0.0345817762760803,0.04216162222418525,0.02246162061574345
0.349065850398866,3.14159265358979,0.0698131700797732,1.39626340159546,0.0345767084710216,0.0420278022215479,0.02258326792567055
0.349065850398866,3.14159265358979,0.0872664625997165,1.39626340159546,0.0342686541996005,0.041840065793862444,0.02246044629218745
0.349065850398866,3.14159265358979,0.10471975511966,1.39626340159546,0.03400072928919835,0.04171079018644485,0.02229162830809875
0.349065850398866,3.14159265358979,0.122173047639603,1.39626340159546,0.033720787970887955,0.041473495288370105,0.02215227791903365
0.349065850398866,3.14159265358979,0.139626340159546,1.39626340159546,0.033478237785404055,0.041161734708271544,0.0218507625527862
0.349065850398866,3.14159265358979,0.15707963267949,1.39626340159546,0.033113228057737545,0.0406488438822068,0.0214014477036393
0.349065850398866,3.14159265358979,0.174532925199433,1.39626340159546,0.032573301300805255,0.040313773832123354,0.02107032090451115
0.349065850398866,3.14159265358979,0.191986217719376,1.39626340159546,0.03201030175102845,0.040117317044227746,0.020802553890952598
0.349065850398866,3.14159265358979,0.20943951023932,1.39626340159546,0.0315781137882837,0.039765552053636896,0.02054060422359005
0.349065850398866,3.14159265358979,0.226892802759263,1.39626340159546,0.0312811857599525,0.03930307532364925,0.020135167025782053
0.349065850398866,3.14159265358979,0.244346095279206,1.39626340159546,0.030644854174214697,0.038886378994818296,0.0197706511174141
0.349065850398866,3.14159265358979,0.261799387799149,1.39626340159546,0.030015383292053,0.0384110447266507,0.01946243191391545
0.349065850398866,3.14159265358979,0.279252680319093,1.39626340159546,0.02951937808533165,0.03790389204100035,0.01911997834975145
0.349065850398866,3.14159265358979,0.296705972839036,1.39626340159546,0.02902457697749125,0.037429763385361706,0.01872926751192385
0.349065850398866,3.14159265358979,0.314159265358979,1.39626340159546,0.02854636621046265,0.03699259356075265,0.01840809343514575
0.349065850398866,3.14159265358979,0.331612557878923,1.39626340159546,0.028239263431306852,0.03663694322295375,0.01819564367474045
0.349065850398866,3.14159265358979,0.349065850398866,1.39626340159546,0.027922134276379948,0.036293838047273,0.0179388091390784
0.349065850398866,3.14159265358979,0.366519142918809,1.39626340159546,0.0275865539366221,0.0359992834315985,0.017645478011729852
0.349065850398866,3.14159265358979,0.383972435438752,1.39626340159546,0.02721159664652165,0.03570396577468095,0.01741222350687385
0.349065850398866,3.14159265358979,0.401425727958696,1.39626340159546,0.026878808082299747,0.0353930359275938,0.01718987590570615
0.349065850398866,3.14159265358979,0.418879020478639,1.39626340159546,0.0266349216362044,0.03516269949393165,0.0169779608458039
0.349065850398866,3.14159265358979,0.436332312998582,1.39626340159546,0.026449243533799398,0.0350899965797248,0.0168642185982742
0.349065850398866,3.14159265358979,0.453785605518526,1.39626340159546,0.026254785450177398,0.03495328869792505,0.016771954213254052
0.349065850398866,3.14159265358979,0.471238898038469,1.39626340159546,0.0260917819627835,0.0346614178159943,0.01670660959047075
0.349065850398866,3.14159265358979,0.488692190558412,1.39626340159546,0.0259728724264,0.0344104826306974,0.0165581152035173
0.349065850398866,3.14159265358979,0.506145483078356,1.39626340159546,0.025835089327467448,0.034175561158935455,0.0163057172756527
0.349065850398866,3.14159265358979,0.523598775598299,1.39626340159546,0.02559626034945925,0.033963270722821945,0.01603440334691415
0.349065850398866,3.14159265358979,0.541052068118242,1.39626340159546,0.02537348222866945,0.03395882617776255,0.0159293499116316
0.349065850398866,3.14159265358979,0.558505360638185,1.39626340159546,0.025219610299348702,0.03399283924630765,0.015975429472975
0.349065850398866,3.14159265358979,0.575958653158129,1.39626340159546,0.02508561250477745,0.033819659931251495,0.015898697507337398
0.349065850398866,3.14159265358979,0.593411945678072,1.39626340159546,0.025036700384471047,0.0337111217914841,0.0158227560920916
0.349065850398866,3.14159265358979,0.610865238198015,1.39626340159546,0.0250579752589283,0.0336411508660676,0.0158673300922107
0.349065850398866,3.14159265358979,0.628318530717959,1.39626340159546,0.0250936467539397,0.0334997856633602,0.015846217044071548
0.349065850398866,3.14159265358979,0.645771823237902,1.39626340159546,0.0251109628575433,0.033486472079256355,0.0156971364501523
0.349065850398866,3.14159265358979,0.663225115757845,1.39626340159546,0.025079778321541797,0.033530599290160154,0.01551543308154455
0.349065850398866,3.14159265358979,0.680678408277788,1.39626340159546,0.0250361874082475,0.0334208922958677,0.015403307897857401
0.349065850398866,3.14159265358979,0.698131700797732,1.39626340159546,0.0250630149278342,0.0331093969550493,0.015357542917320801
0.349065850398866,3.14159265358979,0.715584993317675,1.39626340159546,0.02499430875378185,0.03279623861614485,0.015394294726454
0.349065850398866,3.14159265358979,0.733038285837618,1.39626340159546,0.024884403453777397,0.0327628375342391,0.01539339519453245
0.349065850398866,3.14159265358979,0.750491578357562,1.39626340159546,0.024898660006684552,0.032779295173145,0.0152827260250567
0.349065850398866,3.14159265358979,0.767944870877505,1.39626340159546,0.024921184625399752,0.03284453025236295,0.01499816123123825
0.349065850398866,3.14159265358979,0.785398163397448,1.39626340159546,0.0249192364692762,0.0328891502946102,0.0149150686583078
0.349065850398866,3.14159265358979,0.802851455917391,1.39626340159546,0.02481435298918805,0.032726103070756754,0.014953697510734151
0.349065850398866,3.14159265358979,0.820304748437335,1.39626340159546,0.0247346248236655,0.03267366359139415,0.014683640821212051
0.349065850398866,3.14159265358979,0.837758040957278,1.39626340159546,0.024626638592499202,0.0325443859654629,0.0145506043803886
0.349065850398866,3.14159265358979,0.855211333477221,1.39626340159546,0.024694467441887,0.032543295400244004,0.01464987322497555
0.349065850398866,3.14159265358979,0.872664625997165,1.39626340159546,0.0247926690497738,0.032624106469540004,0.0148321526692209
0.349065850398866,3.14159265358979,0.890117918517108,1.39626340159546,0.024843202610671952,0.0327838884008998,0.0149826770151448
0.349065850398866,3.14159265358979,0.907571211037051,1.39626340159546,0.02492036865573475,0.03245350220064175,0.01490126787040235
0.349065850398866,3.14159265358979,0.925024503556995,1.39626340159546,0.02478777974999145,0.032266095560337146,0.0147500105777183
0.349065850398866,3.14159265358979,0.942477796076938,1.39626340159546,0.024680659603664952,0.0323513396752044,0.014533831566239549
0.349065850398866,3.14159265358979,0.959931088596881,1.39626340159546,0.024586252647530248,0.0321938227911932,0.01447232711708935
0.349065850398866,3.14159265358979,0.977384381116825,1.39626340159546,0.024385128986679952,0.03204713664879715,0.01441457617307115
0.349065850398866,3.14159265358979,0.994837673636768,1.39626340159546,0.024359663895174202,0.03189929378046285,0.0143633805854178
0.349065850398866,3.14159265358979,1.01229096615671,1.39626340159546,0.0245016599563028,0.0318910398942375,0.0141660388550125
0.349065850398866,3.14159265358979,1.02974425867665,1.39626340159546,0.024528839476941303,0.03204071520988225,0.0143327906204865
0.349065850398866,3.14159265358979,1.0471975511966,1.39626340159546,0.02448183021088235,0.031653922349048104,0.0143011284799061
0.349065850398866,3.14159265358979,1.06465084371654,1.39626340159546,0.02436757393487345,0.0313207772947061,0.014227091931394851
0.349065850398866,3.14159265358979,1.08210413623648,1.39626340159546,0.02436886250434605,0.030935226826696652,0.0139570725560394
0.349065850398866,3.14159265358979,1.09955742875643,1.39626340159546,0.02421369645130055,0.0311085619001534,0.0140414612685229
0.349065850398866,3.14159265358979,1.11701072127637,1.39626340159546,0.0242405941352124,0.0310447641749136,0.01417390004733705
0.349065850398866,3.14159265358979,1.13446401379631,1.39626340159546,0.0240680386512252,0.031097883836559502,0.01435333760107975
0.349065850398866,3.14159265358979,1.15191730631626,1.39626340159546,0.02408106306222295,0.031167248735986752,0.0142721071808215
0.349065850398866,3.14159265358979,1.1693705988362,1.39626340159546,0.02399428239087375,0.031016942215939702,0.01418615628758115
0.349065850398866,3.14159265358979,1.18682389135614,1.39626340159546,0.0238805460246545,0.0309175374094042,0.0141765495064901
0.349065850398866,3.14159265358979,1.20427718387609,1.39626340159546,0.02389547978661085,0.030750407826031348,0.0141058008313891
0.349065850398866,3.14159265358979,1.22173047639603,1.39626340159546,0.02395908813987095,0.030690115696704302,0.014124935738518099
0.349065850398866,3.14159265358979,1.23918376891597,1.39626340159546,0.0237829247797521,0.0305065672288222,0.01423377070084275
0.349065850398866,3.14159265358979,1.25663706143592,1.39626340159546,0.02373958949159245,0.0303185132011968,0.0143504162025124
0.349065850398866,3.14159265358979,1.27409035395586,1.39626340159546,0.023755765700194498,0.03022223351416955,0.0142950096880176
0.349065850398866,3.14159265358979,1.2915436464758,1.39626340159546,0.0235407979372338,0.03024763765063395,0.01428039093158585
0.349065850398866,3.14159265358979,1.30899693899575,1.39626340159546,0.023518149107897103,0.029789537717201303,0.0139760814212706
0.349065850398866,3.14159265358979,1.32645023151569,1.39626340159546,0.022100444842604053,0.0280382344254851,0.0132004135902427
0.349065850398866,3.14159265358979,1.34390352403563,1.39626340159546,0.02047137183207015,0.026080853415888998,0.01231421444381365
0.349065850398866,3.14159265358979,1.36135681655558,1.39626340159546,0.0188568444057111,0.02411447863627695,0.011398615889732299
0.349065850398866,3.14159265358979,1.37881010907552,1.39626340159546,0.0172550494154814,0.02213982338529725,0.0104594182689156
0.349065850398866,3.14159265358979,1.39626340159546,1.39626340159546,0.0156630124611654,0.020158559608551348,0.009506892165123425
0.349065850398866,3.14159265358979,1.41371669411541,1.39626340159546,0.01419782655241515,0.01803973495811395,0.008475606565114145
0.349065850398866,3.14159265358979,1.43116998663535,1.39626340159546,0.0126214907155308,0.0160271775465024,0.00754896821724765
0.349065850398866,3.14159265358979,1.44862327915529,1.39626340159546,0.0110175520284253,0.01404721154023905,0.006631977674401735
0.349065850398866,3.14159265358979,1.46607657167524,1.39626340159546,0.009424307474539744,0.01205982987641915,0.00569797693398626
0.349065850398866,3.14159265358979,1.48352986419518,1.39626340159546,0.007840207402220675,0.01006565729842726,0.00475194655006643
0.349065850398866,3.14159265358979,1.50098315671512,1.39626340159546,0.00626349298889553,0.00806551329534619,0.0037997054155876403
0.349065850398866,3.14159265358979,1.51843644923507,1.39626340159546,0.00472307387287034,0.00602140726155642,0.002831704430442255
0.349065850398866,3.14159265358979,1.53588974175501,1.39626340159546,0.0031529578443921054,0.004006116869352035,0.0018871729462846551
0.349065850398866,3.14159265358979,1.55334303427495,1.39626340159546,0.0015720881159720299,0.0020044175291421247,0.000946041394774672
0.349065850398866,3.14159265358979,1.5707963267949,1.39626340159546,0.00101337874857589,0.001293024813634915,0.0006110230970202065
0.349065850398866,3.14159265358979,0.0174532925199433,1.5707963267949,0.034386962667716445,0.0416455854301183,0.02211095313765005
0.349065850398866,3.14159265358979,0.0349065850398866,1.5707963267949,0.0341364699377628,0.0416918186434182,0.021956948927331597
0.349065850398866,3.14159265358979,0.0523598775598299,1.5707963267949,0.0337737185819421,0.0414668186837008,0.0217889668713709
0.349065850398866,3.14159265358979,0.0698131700797732,1.5707963267949,0.03364705028877595,0.0412391679544568,0.02174527050709505
0.349065850398866,3.14159265358979,0.0872664625997165,1.5707963267949,0.0333017729624631,0.04092401177924915,0.02146746788221085
0.349065850398866,3.14159265358979,0.10471975511966,1.5707963267949,0.03284943108190335,0.04058625081693435,0.0212065079837285
0.349065850398866,3.14159265358979,0.122173047639603,1.5707963267949,0.0323927941123148,0.04022151444277455,0.020918309098832903
0.349065850398866,3.14159265358979,0.139626340159546,1.5707963267949,0.032070717402860105,0.03992375906417595,0.0205110616749951
0.349065850398866,3.14159265358979,0.15707963267949,1.5707963267949,0.0315896668148247,0.03942860800726445,0.020091348309867398
0.349065850398866,3.14159265358979,0.174532925199433,1.5707963267949,0.030934063764079103,0.03895583752911705,0.019874651278076
0.349065850398866,3.14159265358979,0.191986217719376,1.5707963267949,0.030383049144360852,0.03871226296055515,0.01947952666598675
0.349065850398866,3.14159265358979,0.20943951023932,1.5707963267949,0.03007865278754265,0.03841327039140535,0.019249315052143348
0.349065850398866,3.14159265358979,0.226892802759263,1.5707963267949,0.02982135146239665,0.03800628096751535,0.0190924560862495
0.349065850398866,3.14159265358979,0.244346095279206,1.5707963267949,0.0291210838398029,0.03765692965458855,0.0187891672881842
0.349065850398866,3.14159265358979,0.261799387799149,1.5707963267949,0.0288140918317451,0.03732528246878175,0.0185969648332815
0.349065850398866,3.14159265358979,0.279252680319093,1.5707963267949,0.028428506117675903,0.03687051335257495,0.0184499265592663
0.349065850398866,3.14159265358979,0.296705972839036,1.5707963267949,0.02820662263001665,0.0366518276803511,0.018164525970703352
0.349065850398866,3.14159265358979,0.314159265358979,1.5707963267949,0.02774264815157,0.03616267355702005,0.017721917922849648
0.349065850398866,3.14159265358979,0.331612557878923,1.5707963267949,0.02755843944566685,0.0359044841551239,0.01750808233701805
0.349065850398866,3.14159265358979,0.349065850398866,1.5707963267949,0.02714262388601385,0.0354290648240521,0.01730010152602995
0.349065850398866,3.14159265358979,0.366519142918809,1.5707963267949,0.02692804698436605,0.035258447652938604,0.017160578109642548
0.349065850398866,3.14159265358979,0.383972435438752,1.5707963267949,0.0264822690347715,0.03511232171364355,0.01704108208033365
0.349065850398866,3.14159265358979,0.401425727958696,1.5707963267949,0.0262387733606162,0.03489714370306705,0.016850229193803648
0.349065850398866,3.14159265358979,0.418879020478639,1.5707963267949,0.0259623872999662,0.034776924325257946,0.01662744455845975
0.349065850398866,3.14159265358979,0.436332312998582,1.5707963267949,0.0257410787129966,0.0345109652862641,0.01639160155872035
0.349065850398866,3.14159265358979,0.453785605518526,1.5707963267949,0.0257594539901389,0.03442373649546475,0.01630153685340805
0.349065850398866,3.14159265358979,0.471238898038469,1.5707963267949,0.025653770318645998,0.0341103700966614,0.0162607228476902
0.349065850398866,3.14159265358979,0.488692190558412,1.5707963267949,0.0254938261232357,0.0339145052340329,0.016077497989763802
0.349065850398866,3.14159265358979,0.506145483078356,1.5707963267949,0.02532888158315485,0.0337447333433037,0.0158451309534983
0.349065850398866,3.14159265358979,0.523598775598299,1.5707963267949,0.025161594267207252,0.033583355185187305,0.01561704987178665
0.349065850398866,3.14159265358979,0.541052068118242,1.5707963267949,0.02513225878287105,0.0335244750133198,0.01550948700702525
0.349065850398866,3.14159265358979,0.558505360638185,1.5707963267949,0.024937286831733102,0.03340889438665595,0.01546533564172585
0.349065850398866,3.14159265358979,0.575958653158129,1.5707963267949,0.0247274913279677,0.03346346337998985,0.01561346711715875
0.349065850398866,3.14159265358979,0.593411945678072,1.5707963267949,0.0247586043319726,0.03356657620404175,0.0157417570479507
0.349065850398866,3.14159265358979,0.610865238198015,1.5707963267949,0.0248432307925627,0.0334601313464387,0.0156350395363719
0.349065850398866,3.14159265358979,0.628318530717959,1.5707963267949,0.0248814495989179,0.03333315028334875,0.0155475295643967
0.349065850398866,3.14159265358979,0.645771823237902,1.5707963267949,0.0249074148187099,0.0334695125049891,0.015618104369615401
0.349065850398866,3.14159265358979,0.663225115757845,1.5707963267949,0.0247723528140719,0.0334592779336592,0.0155118206473295
0.349065850398866,3.14159265358979,0.680678408277788,1.5707963267949,0.02473825559433555,0.033274657434778254,0.01536470662434425
0.349065850398866,3.14159265358979,0.698131700797732,1.5707963267949,0.024718453037511197,0.0330632972600687,0.0153217683585227
0.349065850398866,3.14159265358979,0.715584993317675,1.5707963267949,0.02474928036884965,0.03291842615181245,0.015284069878375751
0.349065850398866,3.14159265358979,0.733038285837618,1.5707963267949,0.02479418813892225,0.03277918676524655,0.015353817622086999
0.349065850398866,3.14159265358979,0.750491578357562,1.5707963267949,0.0246963002581928,0.032859965374095454,0.01516146099063375
0.349065850398866,3.14159265358979,0.767944870877505,1.5707963267949,0.02459517655100625,0.032818130326763104,0.0149356532991028
0.349065850398866,3.14159265358979,0.785398163397448,1.5707963267949,0.0246085440802394,0.032630161926936296,0.0149727721095126
0.349065850398866,3.14159265358979,0.802851455917391,1.5707963267949,0.024604020367868,0.032704002321001,0.01484273139798695
0.349065850398866,3.14159265358979,0.820304748437335,1.5707963267949,0.02453688263488075,0.032662810067939904,0.014690258977794
0.349065850398866,3.14159265358979,0.837758040957278,1.5707963267949,0.0246039908947243,0.0326466325686297,0.0146869586513419
0.349065850398866,3.14159265358979,0.855211333477221,1.5707963267949,0.0245304074072248,0.0326375758568545,0.01484886719305575
0.349065850398866,3.14159265358979,0.872664625997165,1.5707963267949,0.02435903818602745,0.03276378100559515,0.01501991946121235
0.349065850398866,3.14159265358979,0.890117918517108,1.5707963267949,0.024508308085766248,0.03265834571780675,0.0150232161622952
0.349065850398866,3.14159265358979,0.907571211037051,1.5707963267949,0.02426918502058605,0.032243513871466595,0.014787955997667
0.349065850398866,3.14159265358979,0.925024503556995,1.5707963267949,0.0242487939640241,0.03199590809071655,0.01434071672190795
0.349065850398866,3.14159265358979,0.942477796076938,1.5707963267949,0.024338203262256553,0.0319380550951196,0.014625478359585
0.349065850398866,3.14159265358979,0.959931088596881,1.5707963267949,0.0242604543772764,0.03147073857375165,0.014639142760994501
0.349065850398866,3.14159265358979,0.977384381116825,1.5707963267949,0.0243516778344792,0.0313037309200028,0.014060945526654649
0.349065850398866,3.14159265358979,0.994837673636768,1.5707963267949,0.024301587752393,0.031587977203035744,0.01410070068731625
0.349065850398866,3.14159265358979,1.01229096615671,1.5707963267949,0.02429535776884045,0.031531173505246604,0.014079248800414
0.349065850398866,3.14159265358979,1.02974425867665,1.5707963267949,0.0242822399413022,0.0313244764801126,0.0141423140917206
0.349065850398866,3.14159265358979,1.0471975511966,1.5707963267949,0.0242308636100275,0.03095708769879405,0.01392172276536175
0.349065850398866,3.14159265358979,1.06465084371654,1.5707963267949,0.02404290890167195,0.0309440697988327,0.0139671303429016
0.349065850398866,3.14159265358979,1.08210413623648,1.5707963267949,0.024096481940307203,0.030787660559482552,0.0139572325751506
0.349065850398866,3.14159265358979,1.09955742875643,1.5707963267949,0.0239970684857043,0.03082960215963905,0.014116476753879
0.349065850398866,3.14159265358979,1.11701072127637,1.5707963267949,0.02394224741905875,0.0307420939529881,0.01424090664029605
0.349065850398866,3.14159265358979,1.13446401379631,1.5707963267949,0.0238822291708937,0.03069079497503055,0.01427853840323115
0.349065850398866,3.14159265358979,1.15191730631626,1.5707963267949,0.023845270612472602,0.03073960878091045,0.01411825291553375
0.349065850398866,3.14159265358979,1.1693705988362,1.5707963267949,0.023731467037743252,0.0304763961077928,0.014083938293609
0.349065850398866,3.14159265358979,1.18682389135614,1.5707963267949,0.0237592394022113,0.03061477505459775,0.0140281803357952
0.349065850398866,3.14159265358979,1.20427718387609,1.5707963267949,0.02392351578592275,0.030700850850100853,0.01401045373917555
0.349065850398866,3.14159265358979,1.22173047639603,1.5707963267949,0.023941369728991448,0.0306349566644821,0.0140957589188677
0.349065850398866,3.14159265358979,1.23918376891597,1.5707963267949,0.023839433345252847,0.0304329849495541,0.0142155651353532
0.349065850398866,3.14159265358979,1.25663706143592,1.5707963267949,0.023816332230541852,0.03027252143099715,0.014153820178213601
0.349065850398866,3.14159265358979,1.27409035395586,1.5707963267949,0.02382280547196865,0.03015745929731565,0.0140539077044957
0.349065850398866,3.14159265358979,1.2915436464758,1.5707963267949,0.0237911334297259,0.030016408024336298,0.01397527052526485
0.349065850398866,3.14159265358979,1.30899693899575,1.5707963267949,0.023699719825023398,0.02981007140619315,0.01391219910658925
0.349065850398866,3.14159265358979,1.32645023151569,1.5707963267949,0.02211973850335515,0.02782273331244695,0.01298471916614995
0.349065850398866,3.14159265358979,1.34390352403563,1.5707963267949,0.02053975718168695,0.02583539521870075,0.012057239225710701
0.349065850398866,3.14159265358979,1.36135681655558,1.5707963267949,0.01895977586001875,0.0238480571249545,0.0111297592852714
0.349065850398866,3.14159265358979,1.37881010907552,1.5707963267949,0.0173797945383505,0.0218607190312083,0.01020227934483209
0.349065850398866,3.14159265358979,1.39626340159546,1.5707963267949,0.01579981321668225,0.019873380937462097,0.00927479940439283
0.349065850398866,3.14159265358979,1.41371669411541,1.5707963267949,0.014219831895014,0.0178860428437159,0.008347319463953545
0.349065850398866,3.14159265358979,1.43116998663535,1.5707963267949,0.012639850573345799,0.01589870474996965,0.007419839523514265
0.349065850398866,3.14159265358979,1.44862327915529,1.5707963267949,0.011059869251677599,0.013911366656223449,0.00649235958307498
0.349065850398866,3.14159265358979,1.46607657167524,1.5707963267949,0.00947988793000936,0.0119240285624773,0.005564879642635695
0.349065850398866,3.14159265358979,1.48352986419518,1.5707963267949,0.00789990660834114,0.00993669046873107,0.00463739970219642
0.349065850398866,3.14159265358979,1.50098315671512,1.5707963267949,0.006319925286672915,0.007949352374984845,0.003709919761757135
0.349065850398866,3.14159265358979,1.51843644923507,1.5707963267949,0.0047399439650046855,0.005962014281238624,0.00278243982131785
0.349065850398866,3.14159265358979,1.53588974175501,1.5707963267949,0.00315996264333646,0.00397467618749242,0.0018549598808785652
0.349065850398866,3.14159265358979,1.55334303427495,1.5707963267949,0.0015799813216682249,0.0019873380937461852,0.0009274799404392765
0.349065850398866,3.14159265358979,1.5707963267949,1.5707963267949,0.0,0.0,0.0
0.349065850398866,3.14159265358979,0.0174532925199433,1.74532925199433,0.034160387399681,0.041478225618613154,0.021974163108875303
0.349065850398866,3.14159265358979,0.0349065850398866,1.74532925199433,0.033731912478478454,0.0413437412803394,0.0216575018320444
0.349065850398866,3.14159265358979,0.0523598775598299,1.74532925199433,0.0332977375238943,0.04101521513831485,0.02133717830630205
0.349065850398866,3.14159265358979,0.0698131700797732,1.74532925199433,0.033032339865093505,0.0406983183798963,0.021131251396337203
0.349065850398866,3.14159265358979,0.0872664625997165,1.74532925199433,0.032597558323058,0.04031315100620645,0.020772643219982102
0.349065850398866,3.14159265358979,0.10471975511966,1.74532925199433,0.0320066061007077,0.0399133068162172,0.0204713550064137
0.349065850398866,3.14159265358979,0.122173047639603,1.74532925199433,0.031379078982199,0.03933413386151985,0.02008591606135445
0.349065850398866,3.14159265358979,0.139626340159546,1.74532925199433,0.03100291996746185,0.038917790895533044,0.0196600051170392
0.349065850398866,3.14159265358979,0.15707963267949,1.74532925199433,0.030564024179140246,0.038543625711684446,0.0191625329984982
0.349065850398866,3.14159265358979,0.174532925199433,1.74532925199433,0.030046810217121453,0.038198110983921854,0.0188387726426412
0.349065850398866,3.14159265358979,0.191986217719376,1.74532925199433,0.02964417612122945,0.0378913679427615,0.018644239984299447
0.349065850398866,3.14159265358979,0.20943951023932,1.74532925199433,0.0294280188574116,0.03763095254583685,0.0184760928900591
0.349065850398866,3.14159265358979,0.226892802759263,1.74532925199433,0.0291043535240706,0.0373659441358212,0.01831577128283315
0.349065850398866,3.14159265358979,0.244346095279206,1.74532925199433,0.028609234496545802,0.0370730556772398,0.01818999524278285
0.349065850398866,3.14159265358979,0.261799387799149,1.74532925199433,0.0282344005845854,0.03685029249910765,0.01807527801906665
0.349065850398866,3.14159265358979,0.279252680319093,1.74532925199433,0.0279007020337992,0.03655270038866765,0.0178902311617412
0.349065850398866,3.14159265358979,0.296705972839036,1.74532925199433,0.02758430568712705,0.036104630730926845,0.0176059688329026
0.349065850398866,3.14159265358979,0.314159265358979,1.74532925199433,0.02719829285498505,0.03567635000282965,0.017318366434322302
0.349065850398866,3.14159265358979,0.331612557878923,1.74532925199433,0.026898979031166302,0.03541157203937675,0.0171079752702967
0.349065850398866,3.14159265358979,0.349065850398866,1.74532925199433,0.0265898290183092,0.03510203932912395,0.016872196624535048
0.349065850398866,3.14159265358979,0.366519142918809,1.74532925199433,0.0263856306188629,0.03483832245350695,0.016651180090729002
0.349065850398866,3.14159265358979,0.383972435438752,1.74532925199433,0.02615345842439145,0.0347006453574883,0.0165371655155775
0.349065850398866,3.14159265358979,0.401425727958696,1.74532925199433,0.02595461485025055,0.03456126820552745,0.016402065973128002
0.349065850398866,3.14159265358979,0.418879020478639,1.74532925199433,0.025773067296331602,0.0343685726047286,0.016239342955512298
0.349065850398866,3.14159265358979,0.436332312998582,1.74532925199433,0.0256238130773471,0.0342437478589115,0.0160775339110562
0.349065850398866,3.14159265358979,0.453785605518526,1.74532925199433,0.025537189429115502,0.034169384471928896,0.0159808658811449
0.349065850398866,3.14159265358979,0.471238898038469,1.74532925199433,0.0254474814536505,0.0340618171794196,0.0159178134479949
0.349065850398866,3.14159265358979,0.488692190558412,1.74532925199433,0.0253893541267678,0.0338761570143193,0.0158439089649481
0.349065850398866,3.14159265358979,0.506145483078356,1.74532925199433,0.0252723148504326,0.0336679565099883,0.0157308217115901
0.349065850398866,3.14159265358979,0.523598775598299,1.74532925199433,0.02502565000889485,0.033529273649124294,0.0155532653646209
0.349065850398866,3.14159265358979,0.541052068118242,1.74532925199433,0.02495648861607535,0.03358515535440185,0.01542156805635825
0.349065850398866,3.14159265358979,0.558505360638185,1.74532925199433,0.024920668418543852,0.0336031389165892,0.01540032277834505
0.349065850398866,3.14159265358979,0.575958653158129,1.74532925199433,0.024741084684824152,0.033529155794107146,0.0154436793857426
0.349065850398866,3.14159265358979,0.593411945678072,1.74532925199433,0.02467691490653695,0.0334926160449303,0.0154631848747055
0.349065850398866,3.14159265358979,0.610865238198015,1.74532925199433,0.024769725413745648,0.033430272218311796,0.01544784952141955
0.349065850398866,3.14159265358979,0.628318530717959,1.74532925199433,0.02477013282152395,0.0333916587520183,0.01543106106223965
0.349065850398866,3.14159265358979,0.645771823237902,1.74532925199433,0.0247091725827604,0.03342726758104455,0.0153559283290244
0.349065850398866,3.14159265358979,0.663225115757845,1.74532925199433,0.024681918016390497,0.0334132018493151,0.0151230875917113
0.349065850398866,3.14159265358979,0.680678408277788,1.74532925199433,0.02473433365468275,0.0333257187504271,0.01495448190079015
0.349065850398866,3.14159265358979,0.698131700797732,1.74532925199433,0.0248139501218876,0.033189396040657154,0.01493197089420515
0.349065850398866,3.14159265358979,0.715584993317675,1.74532925199433,0.02475712829751915,0.03299345530914695,0.01486660794448515
0.349065850398866,3.14159265358979,0.733038285837618,1.74532925199433,0.02470609841907965,0.032836761919853755,0.01491197079055555
0.349065850398866,3.14159265358979,0.750491578357562,1.74532925199433,0.024697424469618548,0.0326850356804445,0.015038747955399199
0.349065850398866,3.14159265358979,0.767944870877505,1.74532925199433,0.024599332124478547,0.0325564699076026,0.0149341852661507
0.349065850398866,3.14159265358979,0.785398163397448,1.74532925199433,0.02462900955256695,0.032384674495304,0.01467412990510555
0.349065850398866,3.14159265358979,0.802851455917391,1.74532925199433,0.024640502716981948,0.032265687274157004,0.01459159633412635
0.349065850398866,3.14159265358979,0.820304748437335,1.74532925199433,0.02454675886266175,0.0323411655840426,0.01459820097434915
0.349065850398866,3.14159265358979,0.837758040957278,1.74532925199433,0.02455805001162075,0.03259777582469135,0.01452997171657735
0.349065850398866,3.14159265358979,0.855211333477221,1.74532925199433,0.024588604695560998,0.032626125762398,0.01450736084322505
0.349065850398866,3.14159265358979,0.872664625997165,1.74532925199433,0.0246687828092912,0.032639814339728054,0.0147294186878842
0.349065850398866,3.14159265358979,0.890117918517108,1.74532925199433,0.024892929817353852,0.03269373914793115,0.01491482567007215
0.349065850398866,3.14159265358979,0.907571211037051,1.74532925199433,0.02486788010788185,0.03235918771886165,0.01459920406313445
0.349065850398866,3.14159265358979,0.925024503556995,1.74532925199433,0.02482414365619125,0.032327557193784245,0.01450806236205385
0.349065850398866,3.14159265358979,0.942477796076938,1.74532925199433,0.024802744135824,0.032322672779740755,0.01438262074812965
0.349065850398866,3.14159265358979,0.959931088596881,1.74532925199433,0.02459415371933935,0.03211015915610935,0.014332793364677101
0.349065850398866,3.14159265358979,0.977384381116825,1.74532925199433,0.02454495291430575,0.0317808734930245,0.0145605724889586
0.349065850398866,3.14159265358979,0.994837673636768,1.74532925199433,0.02459500581474865,0.03180323950455275,0.0147465370999584
0.349065850398866,3.14159265358979,1.01229096615671,1.74532925199433,0.0246221684799401,0.0319018315192334,0.0145812591259349
0.349065850398866,3.14159265358979,1.02974425867665,1.74532925199433,0.024517884020402947,0.0320781426935509,0.0143676576466427
0.349065850398866,3.14159265358979,1.0471975511966,1.74532925199433,0.02447213598571095,0.03206995007246865,0.01413704030806695
0.349065850398866,3.14159265358979,1.06465084371654,1.74532925199433,0.02433169815846585,0.031827723237819,0.014016009971151301
0.349065850398866,3.14159265358979,1.08210413623648,1.74532925199433,0.0243625838097347,0.03128918362442505,0.013850547055976301
0.349065850398866,3.14159265358979,1.09955742875643,1.74532925199433,0.0244188172635144,0.03093734605810035,0.0137611341448681
0.349065850398866,3.14159265358979,1.11701072127637,1.74532925199433,0.0244714441725321,0.03070044562223035,0.01361931924925555
0.349065850398866,3.14159265358979,1.13446401379631,1.74532925199433,0.02441357835425895,0.03070480528802235,0.013790065571591001
0.349065850398866,3.14159265358979,1.15191730631626,1.74532925199433,0.0242103936293321,0.030565983906107097,0.0138478530942378
0.349065850398866,3.14159265358979,1.1693705988362,1.74532925199433,0.024078169681511302,0.030692075974963852,0.0138907571097072
0.349065850398866,3.14159265358979,1.18682389135614,1.74532925199433,0.0239630380758862,0.0307353074094171,0.013941754541459149
0.349065850398866,3.14159265358979,1.20427718387609,1.74532925199433,0.02378981588786975,0.030703184932862303,0.0139955831180004
0.349065850398866,3.14159265358979,1.22173047639603,1.74532925199433,0.02368797914534945,0.03069083384270885,0.014135470803603101
0.349065850398866,3.14159265358979,1.23918376891597,1.74532925199433,0.0235349622238372,0.0304279036097676,0.01425592297447835
0.349065850398866,3.14159265358979,1.25663706143592,1.74532925199433,0.02345368996711755,0.03040322371290855,0.014256973624287801
0.349065850398866,3.14159265358979,1.27409035395586,1.74532925199433,0.02328684402470095,0.030450235219641547,0.0140742106403584
0.349065850398866,3.14159265358979,1.2915436464758,1.74532925199433,0.0231359865764396,0.03041363827018035,0.01383446745497205
0.349065850398866,3.14159265358979,1.30899693899575,1.74532925199433,0.02277484496957005,0.030098149217270352,0.013538505380602101
0.349065850398866,3.14159265358979,1.32645023151569,1.74532925199433,0.0214798196615546,0.02825429025266115,0.0128993927542621
0.349065850398866,3.14159265358979,1.34390352403563,1.74532925199433,0.0200076377112785,0.02620497285297205,0.01211219677531035
0.349065850398866,3.14159265358979,1.36135681655558,1.74532925199433,0.01851483070798085,0.02417603737210475,0.011265730856378199
0.349065850398866,3.14159265358979,1.37881010907552,1.74532925199433,0.01700458849782635,0.022163286268346148,0.010370807985298651
0.349065850398866,3.14159265358979,1.39626340159546,1.74532925199433,0.01548286428693285,0.02015975404243115,0.009446395739579956
0.349065850398866,3.14159265358979,1.41371669411541,1.74532925199433,0.013815790359678299,0.018175957366027798,0.00828462631466377
0.349065850398866,3.14159265358979,1.43116998663535,1.74532925199433,0.0122813497075341,0.016141245504923102,0.007386465652532185
0.349065850398866,3.14159265358979,1.44862327915529,1.74532925199433,0.01077716582481365,0.014109038895344799,0.006528248808940815
0.349065850398866,3.14159265358979,1.46607657167524,1.74532925199433,0.009259212096948695,0.0120883043682113,0.005633841148320291
0.349065850398866,3.14159265358979,1.48352986419518,1.74532925199433,0.007730236795350761,0.010075451715571601,0.004712521702547895
0.349065850398866,3.14159265358979,1.50098315671512,1.74532925199433,0.00619351759685142,0.008066388701240225,0.003775092261907015
0.349065850398866,3.14159265358979,1.51843644923507,1.74532925199433,0.004614942316671605,0.00605506541161768,0.002779925045789485
0.349065850398866,3.14159265358979,1.53588974175501,1.74532925199433,0.003070195187685915,0.00403327688561607,0.0018479237516019452
0.349065850398866,3.14159265358979,1.55334303427495,1.74532925199433,0.001537692713116975,0.00201340318540676,0.000931072919743995
0.349065850398866,3.14159265358979,1.5707963267949,1.74532925199433,0.000992369249248845,0.00129787722448476,0.0006023272068203945
0.349065850398866,3.14159265358979,0.0174532925199433,1.91986217719376,0.03394686336743065,0.04131858007590575,0.0218445990834878
0.349065850398866,3.14159265358979,0.0349065850398866,1.91986217719376,0.03334623317440075,0.0410051707876888,0.0213812765672407
0.349065850398866,3.14159265358979,0.0523598775598299,1.91986217719376,0.032836346631122795,0.0405813445626712,0.02091973029081665
0.349065850398866,3.14159265358979,0.0698131700797732,1.91986217719376,0.0324174066577081,0.0401302975386396,0.02060777650483625
0.349065850398866,3.14159265358979,0.0872664625997165,1.91986217719376,0.031880625746687846,0.0396696298343804,0.0202195218002179
0.349065850398866,3.14159265358979,0.10471975511966,1.91986217719376,0.031260032038338104,0.0391902713204473,0.019862624360186397
0.349065850398866,3.14159265358979,0.122173047639603,1.91986217719376,0.03068101747834295,0.038676961696487044,0.0195370453635526
0.349065850398866,3.14159265358979,0.139626340159546,1.91986217719376,0.03022492669511655,0.0382923628733548,0.019175625562566
0.349065850398866,3.14159265358979,0.15707963267949,1.91986217719376,0.0298794326234774,0.037972345161748244,0.01875147195701675
0.349065850398866,3.14159265358979,0.174532925199433,1.91986217719376,0.02949361060070565,0.037641334333411394,0.018398922779828852
0.349065850398866,3.14159265358979,0.191986217719376,1.91986217719376,0.0290375761536094,0.03737565508343465,0.018173958172542
0.349065850398866,3.14159265358979,0.20943951023932,1.91986217719376,0.028689669904819602,0.03712638322500695,0.0180184698453585
0.349065850398866,3.14159265358979,0.226892802759263,1.91986217719376,0.02848678292009625,0.03687386295114525,0.0178419042008114
0.349065850398866,3.14159265358979,0.244346095279206,1.91986217719376,0.0281878152611468,0.03663660865574925,0.01770708800510265
0.349065850398866,3.14159265358979,0.261799387799149,1.91986217719376,0.0278815157626371,0.036472673054139995,0.017554859661388297
0.349065850398866,3.14159265358979,0.279252680319093,1.91986217719376,0.02756509209718925,0.036246750992246154,0.01748044885927455
0.349065850398866,3.14159265358979,0.296705972839036,1.91986217719376,0.02739550052076175,0.035898852992769945,0.017389761935150898
0.349065850398866,3.14159265358979,0.314159265358979,1.91986217719376,0.02709944515044575,0.03551148056089565,0.01717678803728015
0.349065850398866,3.14159265358979,0.331612557878923,1.91986217719376,0.026801515755745,0.035153136036164295,0.0169960455178778
0.349065850398866,3.14159265358979,0.349065850398866,1.91986217719376,0.026522352210894898,0.034975399567079346,0.01672207532568725
0.349065850398866,3.14159265358979,0.366519142918809,1.91986217719376,0.026263315370684902,0.03479145876849255,0.0164499816009077
0.349065850398866,3.14159265358979,0.383972435438752,1.91986217719376,0.02594689166396865,0.0346037513795691,0.0163280563822048
0.349065850398866,3.14159265358979,0.401425727958696,1.91986217719376,0.0256918337183475,0.0345383756315155,0.01626991124915935
0.349065850398866,3.14159265358979,0.418879020478639,1.91986217719376,0.02558933042177725,0.03445373023523525,0.0161675877568833
0.349065850398866,3.14159265358979,0.436332312998582,1.91986217719376,0.02550783111578165,0.03427627681328255,0.01597858931897985
0.349065850398866,3.14159265358979,0.453785605518526,1.91986217719376,0.02543311662701275,0.03413696417440505,0.015809427358963152
0.349065850398866,3.14159265358979,0.471238898038469,1.91986217719376,0.0253735205074191,0.0339929146868435,0.0157266421194323
0.349065850398866,3.14159265358979,0.488692190558412,1.91986217719376,0.02528717680585155,0.0338441994901303,0.01566802107707935
0.349065850398866,3.14159265358979,0.506145483078356,1.91986217719376,0.02521755388121125,0.03373681574171375,0.015534491309685351
0.349065850398866,3.14159265358979,0.523598775598299,1.91986217719376,0.02515854101699935,0.03366497782342395,0.01542652803115075
0.349065850398866,3.14159265358979,0.541052068118242,1.91986217719376,0.025065040871080302,0.03361581391332425,0.015529748355408851
0.349065850398866,3.14159265358979,0.558505360638185,1.91986217719376,0.0247873987880699,0.033591346395458896,0.015282621697885551
0.349065850398866,3.14159265358979,0.575958653158129,1.91986217719376,0.024784746079312497,0.033538158614761254,0.015060362795842
0.349065850398866,3.14159265358979,0.593411945678072,1.91986217719376,0.0248075773615072,0.0335515236380126,0.0152529772521008
0.349065850398866,3.14159265358979,0.610865238198015,1.91986217719376,0.0247997588679138,0.03344449027743695,0.0153867289814171
0.349065850398866,3.14159265358979,0.628318530717959,1.91986217719376,0.02474243492840305,0.033530564824802794,0.0153517526596556
0.349065850398866,3.14159265358979,0.645771823237902,1.91986217719376,0.0246485173510957,0.03360368661027115,0.0151683614490843
0.349065850398866,3.14159265358979,0.663225115757845,1.91986217719376,0.02457708192877755,0.0335103113672028,0.0150431869968452
0.349065850398866,3.14159265358979,0.680678408277788,1.91986217719376,0.02451759222051085,0.03353522795542735,0.0150884467590831
0.349065850398866,3.14159265358979,0.698131700797732,1.91986217719376,0.0245225966523265,0.033334920533425696,0.0150939235791487
0.349065850398866,3.14159265358979,0.715584993317675,1.91986217719376,0.0245825521687453,0.03304135509349125,0.015019945686941101
0.349065850398866,3.14159265358979,0.733038285837618,1.91986217719376,0.0245187162224021,0.032917035120070395,0.01489489222344495
0.349065850398866,3.14159265358979,0.750491578357562,1.91986217719376,0.02439010110124335,0.03287968709093855,0.01472473954532395
0.349065850398866,3.14159265358979,0.767944870877505,1.91986217719376,0.02434912767029615,0.0328092352096693,0.0145978227050422
0.349065850398866,3.14159265358979,0.785398163397448,1.91986217719376,0.024367109932713252,0.03263196908513575,0.0144988846035025
0.349065850398866,3.14159265358979,0.802851455917391,1.91986217719376,0.0242377673678899,0.03254958026085205,0.0144354524165515
0.349065850398866,3.14159265358979,0.820304748437335,1.91986217719376,0.0242728699439833,0.0325272031026676,0.01437809478043465
0.349065850398866,3.14159265358979,0.837758040957278,1.91986217719376,0.024238085044680398,0.032570587437743104,0.01446895405744865
0.349065850398866,3.14159265358979,0.855211333477221,1.91986217719376,0.0241473375869159,0.0325931175093793,0.01466189565840375
0.349065850398866,3.14159265358979,0.872664625997165,1.91986217719376,0.0242416979594653,0.03257000379455065,0.0147945583867248
0.349065850398866,3.14159265358979,0.890117918517108,1.91986217719376,0.02438349325834985,0.032376566567447154,0.0148353976848239
0.349065850398866,3.14159265358979,0.907571211037051,1.91986217719376,0.024533782648735153,0.0322508063274274,0.014684612345268199
0.349065850398866,3.14159265358979,0.925024503556995,1.91986217719376,0.02455791729481015,0.032625588867496697,0.0147650396827021
0.349065850398866,3.14159265358979,0.942477796076938,1.91986217719376,0.024388280562244402,0.0326974891174478,0.015104677111153451
0.349065850398866,3.14159265358979,0.959931088596881,1.91986217719376,0.02415184367986625,0.03258747156843525,0.0151182257263997
0.349065850398866,3.14159265358979,0.977384381116825,1.91986217719376,0.0240819150439232,0.03242538345643965,0.01486531572671045
0.349065850398866,3.14159265358979,0.994837673636768,1.91986217719376,0.02412704450926665,0.03225394478822645,0.01466283968990265
0.349065850398866,3.14159265358979,1.01229096615671,1.91986217719376,0.02421547240898125,0.032092245975200454,0.01456962115121965
0.349065850398866,3.14159265358979,1.02974425867665,1.91986217719376,0.02439649112411225,0.0321922759687448,0.0146294725828608
0.349065850398866,3.14159265358979,1.0471975511966,1.91986217719376,0.0245091218305897,0.032399180334690955,0.01480188398990425
0.349065850398866,3.14159265358979,1.06465084371654,1.91986217719376,0.02454086806814325,0.032296764445884,0.014910045957734
0.349065850398866,3.14159265358979,1.08210413623648,1.91986217719376,0.02433536347356035,0.03200377099914565,0.014752913162446299
0.349065850398866,3.14159265358979,1.09955742875643,1.91986217719376,0.024238865948923,0.0317217707220378,0.0146154493933989
0.349065850398866,3.14159265358979,1.11701072127637,1.91986217719376,0.02406729712470805,0.03147876662335725,0.0145300097045321
0.349065850398866,3.14159265358979,1.13446401379631,1.91986217719376,0.02399192257251195,0.0312115072772887,0.014402444218823501
0.349065850398866,3.14159265358979,1.15191730631626,1.91986217719376,0.02392684327958585,0.03097066373228765,0.0141929666969121
0.349065850398866,3.14159265358979,1.1693705988362,1.91986217719376,0.02392860114143875,0.030912895163871003,0.01419229245686875
0.349065850398866,3.14159265358979,1.18682389135614,1.91986217719376,0.02384550572867705,0.03064471393056785,0.0140728298984843
0.349065850398866,3.14159265358979,1.20427718387609,1.91986217719376,0.02386198472333155,0.03062564399333515,0.013852853917110799
0.349065850398866,3.14159265358979,1.22173047639603,1.91986217719376,0.0237404908152791,0.030359928001355903,0.0136649369072932
0.349065850398866,3.14159265358979,1.23918376891597,1.91986217719376,0.02374257627368645,0.03026343459838085,0.01375424381938895
0.349065850398866,3.14159265358979,1.25663706143592,1.91986217719376,0.023661693217636053,0.030192578902869548,0.013656475742420751
0.349065850398866,3.14159265358979,1.27409035395586,1.91986217719376,0.02357018586811135,0.03016847620057235,0.0137892288641897
0.349065850398866,3.14159265358979,1.2915436464758,1.91986217719376,0.0237086621331771,0.03007224177645925,0.01392105177361075
0.349065850398866,3.14159265358979,1.30899693899575,1.91986217719376,0.02332531362691295,0.0295227432559007,0.013674624442494801
0.349065850398866,3.14159265358979,1.32645023151569,1.91986217719376,0.0220638046142826,0.02800611565467205,0.01290538863178445
0.349065850398866,3.14159265358979,1.34390352403563,1.91986217719376,0.0204161961108353,0.02601014823210345,0.011922534416943749
0.349065850398866,3.14159265358979,1.36135681655558,1.91986217719376,0.01881970612669495,0.024006197461658448,0.0109917572667125
0.349065850398866,3.14159265358979,1.37881010907552,1.91986217719376,0.0173322162390317,0.02200548523136115,0.0101362788513976
0.349065850398866,3.14159265358979,1.39626340159546,1.91986217719376,0.015709723387503052,0.02000679026558925,0.00917550003776433
0.349065850398866,3.14159265358979,1.41371669411541,1.91986217719376,0.0141828412274674,0.018000434165146552,0.00829770390669958
0.349065850398866,3.14159265358979,1.43116998663535,1.91986217719376,0.0126018820160059,0.016004091521362,0.00736902007486823
0.349065850398866,3.14159265358979,1.44862327915529,1.91986217719376,0.01098731088222295,0.0140049770660578,0.006414910297211175
0.349065850398866,3.14159265358979,1.46607657167524,1.91986217719376,0.00944900043635246,0.012001403758665,0.005525083634473395
0.349065850398866,3.14159265358979,1.48352986419518,1.91986217719376,0.00787388681755466,0.010002226131246135,0.0046037980455101695
0.349065850398866,3.14159265358979,1.50098315671512,1.91986217719376,0.00627638591009984,0.008001693492643815,0.003664159077750135
0.349065850398866,3.14159265358979,1.51843644923507,1.91986217719376,0.004715360483148559,0.006000416752310685,0.0027549968500632602
0.349065850398866,3.14159265358979,1.53588974175501,1.91986217719376,0.00314840191923302,0.0040001064168654395,0.0018407129487543199
0.349065850398866,3.14159265358979,1.55334303427495,1.91986217719376,0.00157016376356808,0.001998099695162075,0.000917378905956484
0.349065850398866,3.14159265358979,1.5707963267949,1.91986217719376,0.0009975170103645485,0.001266211288917705,0.0005834224575949904
0.349065850398866,3.14159265358979,0.0174532925199433,2.0943951023932,0.03375291857014835,0.04117172784812035,0.021724218016535853
0.349065850398866,3.14159265358979,0.0349065850398866,2.0943951023932,0.0329835560540779,0.040687924818813004,0.02114085601851265
0.349065850398866,3.14159265358979,0.0523598775598299,2.0943951023932,0.03240909102158465,0.0401797225894356,0.020623431605527348
0.349065850398866,3.14159265358979,0.0698131700797732,2.0943951023932,0.0318605283799349,0.03958475247082125,0.02017947157079495
0.349065850398866,3.14159265358979,0.0872664625997165,2.0943951023932,0.0313260289943184,0.0392010069256355,0.01979407601761865
0.349065850398866,3.14159265358979,0.10471975511966,2.0943951023932,0.0308474591885044,0.0388117721475415,0.01935316618137535
0.349065850398866,3.14159265358979,0.122173047639603,2.0943951023932,0.03044035004568135,0.03837441357054075,0.0190281103458947
0.349065850398866,3.14159265358979,0.139626340159546,2.0943951023932,0.0297477317756578,0.03795195540898165,0.0187647209643725
0.349065850398866,3.14159265358979,0.15707963267949,2.0943951023932,0.02934789946363155,0.03781096286620475,0.0183908599347218
0.349065850398866,3.14159265358979,0.174532925199433,2.0943951023932,0.028988086350233602,0.03742473642803415,0.018068871737591502
0.349065850398866,3.14159265358979,0.191986217719376,2.0943951023932,0.02869894848867095,0.0370227598644678,0.017847677349132403
0.349065850398866,3.14159265358979,0.20943951023932,2.0943951023932,0.0283797700456589,0.0367580056058848,0.0176844287281619
0.349065850398866,3.14159265358979,0.226892802759263,2.0943951023932,0.0281038379310879,0.036645722964473396,0.017536016452469
0.349065850398866,3.14159265358979,0.244346095279206,2.0943951023932,0.02795121615414605,0.0364949435583239,0.017428035370464147
0.349065850398866,3.14159265358979,0.261799387799149,2.0943951023932,0.0277768472289391,0.036325253163550994,0.01736301230381805
0.349065850398866,3.14159265358979,0.279252680319093,2.0943951023932,0.027514090031579203,0.036033406527179,0.017246431754811498
0.349065850398866,3.14159265358979,0.296705972839036,2.0943951023932,0.027203151515180497,0.03562688706126155,0.01711463240637035
0.349065850398866,3.14159265358979,0.314159265358979,2.0943951023932,0.02687681897529485,0.03535549082120775,0.0169791808933773
0.349065850398866,3.14159265358979,0.331612557878923,2.0943951023932,0.02650958661701135,0.0351927098090074,0.016750806399574852
0.349065850398866,3.14159265358979,0.349065850398866,2.0943951023932,0.026179870037085398,0.03489470727889415,0.01643611314014235
0.349065850398866,3.14159265358979,0.366519142918809,2.0943951023932,0.02602774913555045,0.03465593384506995,0.01631304231759335
0.349065850398866,3.14159265358979,0.383972435438752,2.0943951023932,0.025912835974584547,0.0346759309049387,0.0162655550045127
0.349065850398866,3.14159265358979,0.401425727958696,2.0943951023932,0.0257812807315954,0.03441698042690245,0.0161242689624803
0.349065850398866,3.14159265358979,0.418879020478639,2.0943951023932,0.025592238324003952,0.03421996475560725,0.01592162455690925
0.349065850398866,3.14159265358979,0.436332312998582,2.0943951023932,0.02547552391068685,0.0341712178296509,0.0158209128616797
0.349065850398866,3.14159265358979,0.453785605518526,2.0943951023932,0.02535124026728855,0.0341285376586137,0.0157404508354164
0.349065850398866,3.14159265358979,0.471238898038469,2.0943951023932,0.02518880901049175,0.0340951150923325,0.0157013610480871
0.349065850398866,3.14159265358979,0.488692190558412,2.0943951023932,0.0251330923783964,0.034104351255638196,0.01555999715987105
0.349065850398866,3.14159265358979,0.506145483078356,2.0943951023932,0.02523459479860385,0.0342260119138249,0.015461285303131251
0.349065850398866,3.14159265358979,0.523598775598299,2.0943951023932,0.025282700749548248,0.03424528220094465,0.01557742681272705
0.349065850398866,3.14159265358979,0.541052068118242,2.0943951023932,0.0253063347529946,0.03402400926563995,0.01556580627789965
0.349065850398866,3.14159265358979,0.558505360638185,2.0943951023932,0.02534062424107495,0.0339192802238611,0.015539202569443999
0.349065850398866,3.14159265358979,0.575958653158129,2.0943951023932,0.0252094535666646,0.03373663527994805,0.0154649924122266
0.349065850398866,3.14159265358979,0.593411945678072,2.0943951023932,0.0250830610939437,0.033709925850063355,0.015417090734018
0.349065850398866,3.14159265358979,0.610865238198015,2.0943951023932,0.0249612958927332,0.0338051382384507,0.0153854940655938
0.349065850398866,3.14159265358979,0.628318530717959,2.0943951023932,0.0249943802285651,0.033885425711519854,0.015315034283340051
0.349065850398866,3.14159265358979,0.645771823237902,2.0943951023932,0.0248893196151247,0.033929403253540796,0.01522218935304105
0.349065850398866,3.14159265358979,0.663225115757845,2.0943951023932,0.024874763554292,0.033929629480087445,0.015204749947140151
0.349065850398866,3.14159265358979,0.680678408277788,2.0943951023932,0.024607615954267498,0.0336059008105392,0.01520365557320085
0.349065850398866,3.14159265358979,0.698131700797732,2.0943951023932,0.02445555343072765,0.03334632599199535,0.0152088466693709
0.349065850398866,3.14159265358979,0.715584993317675,2.0943951023932,0.02455429938139935,0.0333769147967158,0.01509378495702295
0.349065850398866,3.14159265358979,0.733038285837618,2.0943951023932,0.024542990256629947,0.03347845431306615,0.015073280324197299
0.349065850398866,3.14159265358979,0.750491578357562,2.0943951023932,0.02445344393534435,0.033514315846270695,0.01526257363532875
0.349065850398866,3.14159265358979,0.767944870877505,2.0943951023932,0.02448761038794285,0.0334892060410393,0.0152600760454305
0.349065850398866,3.14159265358979,0.785398163397448,2.0943951023932,0.02442916413114505,0.0332567562365078,0.015137876375861298
0.349065850398866,3.14159265358979,0.802851455917391,2.0943951023932,0.0244414248567392,0.0332853060870796,0.014995661804479352
0.349065850398866,3.14159265358979,0.820304748437335,2.0943951023932,0.02447842071379285,0.0331831042109177,0.01472144411446815
0.349065850398866,3.14159265358979,0.837758040957278,2.0943951023932,0.024457587511206948,0.033072330517413956,0.01465879725106645
0.349065850398866,3.14159265358979,0.855211333477221,2.0943951023932,0.0243871483479473,0.03293873689030115,0.014801765780736852
0.349065850398866,3.14159265358979,0.872664625997165,2.0943951023932,0.024308503012896,0.032888505758139855,0.0148900760246964
0.349065850398866,3.14159265358979,0.890117918517108,2.0943951023932,0.02426043457121385,0.03286308650697395,0.014841653178463251
0.349065850398866,3.14159265358979,0.907571211037051,2.0943951023932,0.0242964693608217,0.032753734613308605,0.0144545082942962
0.349065850398866,3.14159265358979,0.925024503556995,2.0943951023932,0.0242080742207902,0.0325285258385124,0.014414819599568349
0.349065850398866,3.14159265358979,0.942477796076938,2.0943951023932,0.024221368314790298,0.03249024434009565,0.01451601526663305
0.349065850398866,3.14159265358979,0.959931088596881,2.0943951023932,0.0241883218945867,0.0325751196609525,0.014560772607481249
0.349065850398866,3.14159265358979,0.977384381116825,2.0943951023932,0.02393978554158195,0.03250087648067515,0.014623767989151201
0.349065850398866,3.14159265358979,0.994837673636768,2.0943951023932,0.0238794592160345,0.0321966801687673,0.014697087153607
0.349065850398866,3.14159265358979,1.01229096615671,2.0943951023932,0.0240146430400487,0.032082183798958,0.0147768914294006
0.349065850398866,3.14159265358979,1.02974425867665,2.0943951023932,0.024069049155857898,0.03202535802765315,0.01467147667697265
0.349065850398866,3.14159265358979,1.0471975511966,2.0943951023932,0.0239208890408822,0.031883529172585454,0.01468019923498155
0.349065850398866,3.14159265358979,1.06465084371654,2.0943951023932,0.024013681623227402,0.03161354292769745,0.0147116354833789
0.349065850398866,3.14159265358979,1.08210413623648,2.0943951023932,0.023926988209889248,0.03159841559356915,0.0147966700990916
0.349065850398866,3.14159265358979,1.09955742875643,2.0943951023932,0.02389898408385155,0.03155453827046305,0.01447167878967315
0.349065850398866,3.14159265358979,1.11701072127637,2.0943951023932,0.02384263376396885,0.031442720616693,0.01423454686271465
0.349065850398866,3.14159265358979,1.13446401379631,2.0943951023932,0.02386436196059355,0.03142760286421805,0.0142468415720538
0.349065850398866,3.14159265358979,1.15191730631626,2.0943951023932,0.02382848101786945,0.03141281884430165,0.014207985062544951
0.349065850398866,3.14159265358979,1.1693705988362,2.0943951023932,0.023700230221243297,0.03111011078640525,0.01412733304306025
0.349065850398866,3.14159265358979,1.18682389135614,2.0943951023932,0.02370984270489295,0.0311322200408451,0.0140363230874922
0.349065850398866,3.14159265358979,1.20427718387609,2.0943951023932,0.02370327856885425,0.031038798138743502,0.013971489592046402
0.349065850398866,3.14159265358979,1.22173047639603,2.0943951023932,0.02363486175670205,0.0308504200126077,0.0138246479455178
0.349065850398866,3.14159265358979,1.23918376891597,2.0943951023932,0.0235068539153409,0.030719496624967098,0.01376250673803415
0.349065850398866,3.14159265358979,1.25663706143592,2.0943951023932,0.02362252980499395,0.0306624023472743,0.0135921402092159
0.349065850398866,3.14159265358979,1.27409035395586,2.0943951023932,0.02335478301761155,0.03066714945637755,0.01363792140392615
0.349065850398866,3.14159265358979,1.2915436464758,2.0943951023932,0.0235334960625857,0.0304688586579784,0.01356273735876505
0.349065850398866,3.14159265358979,1.30899693899575,2.0943951023932,0.022828086548946,0.03011578282094005,0.0134649118683252
0.349065850398866,3.14159265358979,1.32645023151569,2.0943951023932,0.0214269487220386,0.02836310507865705,0.0126912337728286
0.349065850398866,3.14159265358979,1.34390352403563,2.0943951023932,0.01999378799983435,0.02636334603525775,0.01179280316941445
0.349065850398866,3.14159265358979,1.36135681655558,2.0943951023932,0.0184536801605043,0.0242906499506555,0.0108548505579182
0.349065850398866,3.14159265358979,1.37881010907552,2.0943951023932,0.0170162047945467,0.02229802196380875,0.010008080753480239
0.349065850398866,3.14159265358979,1.39626340159546,2.0943951023932,0.01533293388872145,0.02025675432245445,0.009059899279058304
0.349065850398866,3.14159265358979,1.41371669411541,2.0943951023932,0.01382642623070845,0.018224265691074652,0.008158711618560726
0.349065850398866,3.14159265358979,1.43116998663535,2.0943951023932,0.0122458363210647,0.016207127714132,0.00725167944907967
0.349065850398866,3.14159265358979,1.44862327915529,2.0943951023932,0.010756491734492349,0.0141833693857486,0.006342219140875495
0.349065850398866,3.14159265358979,1.46607657167524,2.0943951023932,0.009252895260312616,0.01213368820605245,0.005417450232856219
0.349065850398866,3.14159265358979,1.48352986419518,2.0943951023932,0.00771186803609397,0.01013447657346422,0.00453049122760466
0.349065850398866,3.14159265358979,1.50098315671512,2.0943951023932,0.00614288424488545,0.00809927698602613,0.0036207438412955897
0.349065850398866,3.14159265358979,1.51843644923507,2.0943951023932,0.00461274645994032,0.0060696072110868905,0.0027210698480567147
0.349065850398866,3.14159265358979,1.53588974175501,2.0943951023932,0.00306243901542855,0.004052098031090835,0.00181295925081258
0.349065850398866,3.14159265358979,1.55334303427495,2.0943951023932,0.001536432751015655,0.002021569147799385,0.0009039576144192695
0.349065850398866,3.14159265358979,1.5707963267949,2.0943951023932,-2.6177781148578598e-05,-7.209027918231507e-07,1.133326096567494e-05
0.349065850398866,3.14159265358979,0.0174532925199433,2.26892802759263,0.03358447574468485,0.0410423004141997,0.02161520817755175
0.349065850398866,3.14159265358979,0.0349065850398866,2.26892802759263,0.0326856512998871,0.0404402029855258,0.02097675441144295
0.349065850398866,3.14159265358979,0.0523598775598299,2.26892802759263,0.03199250559749625,0.0398394224363744,0.0203662436613056
0.349065850398866,3.14159265358979,0.0698131700797732,2.26892802759263,0.031483941995724546,0.03936111363633285,0.0198770992728929
0.349065850398866,3.14159265358979,0.0872664625997165,2.26892802759263,0.03087243006140125,0.03889121255260525,0.019470001663624
0.349065850398866,3.14159265358979,0.10471975511966,2.26892802759263,0.0303808983904737,0.038497532349517305,0.0190481950653609
0.349065850398866,3.14159265358979,0.122173047639603,2.26892802759263,0.030009449556713752,0.03815604534535315,0.0186709484853287
0.349065850398866,3.14159265358979,0.139626340159546,2.26892802759263,0.02958492902686495,0.0378732566426705,0.018348459532392898
0.349065850398866,3.14159265358979,0.15707963267949,2.26892802759263,0.029194949404281252,0.03769300632523625,0.01809840868089915
0.349065850398866,3.14159265358979,0.174532925199433,2.26892802759263,0.0288749089832376,0.03735474861885625,0.01785700430402635
0.349065850398866,3.14159265358979,0.191986217719376,2.26892802759263,0.0286473529075861,0.037000057323135646,0.0175936463441266
0.349065850398866,3.14159265358979,0.20943951023932,2.26892802759263,0.0283797699060776,0.036637742724570446,0.0174228667660276
0.349065850398866,3.14159265358979,0.226892802759263,2.26892802759263,0.0280470923453334,0.0363735888858539,0.0173140358859595
0.349065850398866,3.14159265358979,0.244346095279206,2.26892802759263,0.02775128851768425,0.03623973973125135,0.01719923984109275
0.349065850398866,3.14159265358979,0.261799387799149,2.26892802759263,0.027514164451878598,0.036013767132830096,0.0169775581593536
0.349065850398866,3.14159265358979,0.279252680319093,2.26892802759263,0.02732984542024275,0.0357846594338936,0.01671775506809675
0.349065850398866,3.14159265358979,0.296705972839036,2.26892802759263,0.02710107826903475,0.035558943148306446,0.01651659017156175
0.349065850398866,3.14159265358979,0.314159265358979,2.26892802759263,0.026775285442118997,0.03529131361685875,0.016414929398013048
0.349065850398866,3.14159265358979,0.331612557878923,2.26892802759263,0.0265243880120291,0.0350361519105641,0.016303140934421298
0.349065850398866,3.14159265358979,0.349065850398866,2.26892802759263,0.026341194167511052,0.03487899085628035,0.01622252517370315
0.349065850398866,3.14159265358979,0.366519142918809,2.26892802759263,0.02629695077797225,0.0348762483523075,0.01620554407151975
0.349065850398866,3.14159265358979,0.383972435438752,2.26892802759263,0.02598699732001085,0.03468494135964725,0.0161269462814389
0.349065850398866,3.14159265358979,0.401425727958696,2.26892802759263,0.025810210136554802,0.034534448214799146,0.01602889330874835
0.349065850398866,3.14159265358979,0.418879020478639,2.26892802759263,0.025670851458656302,0.0343616585617975,0.015858997638844248
0.349065850398866,3.14159265358979,0.436332312998582,2.26892802759263,0.0255329401171659,0.034245531193390896,0.01579953281704935
0.349065850398866,3.14159265358979,0.453785605518526,2.26892802759263,0.0254708547839382,0.03421600558223985,0.0157823432393273
0.349065850398866,3.14159265358979,0.471238898038469,2.26892802759263,0.02545220417001345,0.03410861883694885,0.0157493707783576
0.349065850398866,3.14159265358979,0.488692190558412,2.26892802759263,0.0253745330922137,0.0340855985085035,0.0156508362348533
0.349065850398866,3.14159265358979,0.506145483078356,2.26892802759263,0.02527907515023055,0.03413347236345305,0.015639509034064802
0.349065850398866,3.14159265358979,0.523598775598299,2.26892802759263,0.02524053827520805,0.03405165142004545,0.015599914610837002
0.349065850398866,3.14159265358979,0.541052068118242,2.26892802759263,0.025158783878859302,0.0341304646396288,0.01547933471189595
0.349065850398866,3.14159265358979,0.558505360638185,2.26892802759263,0.0252333920988542,0.0341654521946709,0.01553375863609955
0.349065850398866,3.14159265358979,0.575958653158129,2.26892802759263,0.02516286578165735,0.03402875752870595,0.01550248856678765
0.349065850398866,3.14159265358979,0.593411945678072,2.26892802759263,0.024903911315103,0.03390312907266835,0.015430001828859799
0.349065850398866,3.14159265358979,0.610865238198015,2.26892802759263,0.02507185906854235,0.03396551344416815,0.015446543752084901
0.349065850398866,3.14159265358979,0.628318530717959,2.26892802759263,0.025237575041111,0.0339566511909372,0.0154428916877507
0.349065850398866,3.14159265358979,0.645771823237902,2.26892802759263,0.0252002999957514,0.0339567568870239,0.01530505252203455
0.349065850398866,3.14159265358979,0.663225115757845,2.26892802759263,0.0251490782571014,0.0338848580819342,0.015196316173022549
0.349065850398866,3.14159265358979,0.680678408277788,2.26892802759263,0.02505827113662755,0.0337867837878317,0.0152926510553833
0.349065850398866,3.14159265358979,0.698131700797732,2.26892802759263,0.0249371313618411,0.033778274922405205,0.0152440167610427
0.349065850398866,3.14159265358979,0.715584993317675,2.26892802759263,0.024805000218599202,0.0337747246196457,0.015096136192139151
0.349065850398866,3.14159265358979,0.733038285837618,2.26892802759263,0.024720012018529303,0.03366457272532345,0.01499355791421945
0.349065850398866,3.14159265358979,0.750491578357562,2.26892802759263,0.0247099995504777,0.03352214347913135,0.01516576531423735
0.349065850398866,3.14159265358979,0.767944870877505,2.26892802759263,0.0245273901951951,0.033334214607884605,0.0150486273238345
0.349065850398866,3.14159265358979,0.785398163397448,2.26892802759263,0.024481293580211748,0.0331503459751876,0.01500847848846485
0.349065850398866,3.14159265358979,0.802851455917391,2.26892802759263,0.024508904227179898,0.03317159438313575,0.0150543760102158
0.349065850398866,3.14159265358979,0.820304748437335,2.26892802759263,0.024537286335356998,0.033156393203123746,0.01512091744982055
0.349065850398866,3.14159265358979,0.837758040957278,2.26892802759263,0.024514774936516,0.03320721880734065,0.01509942572136105
0.349065850398866,3.14159265358979,0.855211333477221,2.26892802759263,0.0243799823358523,0.03322396271522725,0.0151326264666958
0.349065850398866,3.14159265358979,0.872664625997165,2.26892802759263,0.024339150389879202,0.03313031851801445,0.0152751128068235
0.349065850398866,3.14159265358979,0.890117918517108,2.26892802759263,0.02432734179829775,0.032950596735581955,0.01544459277217685
0.349065850398866,3.14159265358979,0.907571211037051,2.26892802759263,0.024264066800743,0.0327615857992331,0.01517174651740775
0.349065850398866,3.14159265358979,0.925024503556995,2.26892802759263,0.0243421986503744,0.03278300438198235,0.015051706632691599
0.349065850398866,3.14159265358979,0.942477796076938,2.26892802759263,0.0242342960104877,0.032632283013031255,0.01492833587639555
0.349065850398866,3.14159265358979,0.959931088596881,2.26892802759263,0.02400563114044405,0.0325292707047926,0.01475967380222585
0.349065850398866,3.14159265358979,0.977384381116825,2.26892802759263,0.0239244690788387,0.032690920713169,0.0147054110490775
0.349065850398866,3.14159265358979,0.994837673636768,2.26892802759263,0.023839368421156602,0.032627017338264355,0.01490196429456095
0.349065850398866,3.14159265358979,1.01229096615671,2.26892802759263,0.023866389902265847,0.032361587689906504,0.0148815798280479
0.349065850398866,3.14159265358979,1.02974425867665,2.26892802759263,0.023886588441319953,0.0322069532369854,0.014497348373121
0.349065850398866,3.14159265358979,1.0471975511966,2.26892802759263,0.0239966136333669,0.0319745682488079,0.01469194901798715
0.349065850398866,3.14159265358979,1.06465084371654,2.26892802759263,0.023904069369062052,0.03188545840686855,0.014771739758667649
0.349065850398866,3.14159265358979,1.08210413623648,2.26892802759263,0.023794605791719547,0.0317481131460595,0.0147629665819385
0.349065850398866,3.14159265358979,1.09955742875643,2.26892802759263,0.023727274842849352,0.03169011607509475,0.0147255016943545
0.349065850398866,3.14159265358979,1.11701072127637,2.26892802759263,0.023569979952942,0.03149816605588445,0.0146469279738961
0.349065850398866,3.14159265358979,1.13446401379631,2.26892802759263,0.0237465291048941,0.0315339677116594,0.014650198580551999
0.349065850398866,3.14159265358979,1.15191730631626,2.26892802759263,0.023657258765653548,0.03151706432850545,0.014587854896691552
0.349065850398866,3.14159265358979,1.1693705988362,2.26892802759263,0.02362485878545385,0.03149200936003145,0.0145885738638361
0.349065850398866,3.14159265358979,1.18682389135614,2.26892802759263,0.02349636736294785,0.031480590077105804,0.01454351648138245
0.349065850398866,3.14159265358979,1.20427718387609,2.26892802759263,0.02345510713690295,0.0315269786601741,0.0146598400439149
0.349065850398866,3.14159265358979,1.22173047639603,2.26892802759263,0.0231707275200793,0.03117482966373855,0.014633055633682
0.349065850398866,3.14159265358979,1.23918376891597,2.26892802759263,0.023012203347982402,0.030897782378449798,0.01462764085926425
0.349065850398866,3.14159265358979,1.25663706143592,2.26892802759263,0.0228574550507741,0.03079049525191955,0.014586956554952249
0.349065850398866,3.14159265358979,1.27409035395586,2.26892802759263,0.02266356326753775,0.0307405748541957,0.0147373963012217
0.349065850398866,3.14159265358979,1.2915436464758,2.26892802759263,0.022689941695357797,0.0306276154060008,0.014676717818150001
0.349065850398866,3.14159265358979,1.30899693899575,2.26892802759263,0.022179640115871202,0.030070776651517202,0.01466819734985485
0.349065850398866,3.14159265358979,1.32645023151569,2.26892802759263,0.0210192742744232,0.0284817709986114,0.0139048091538285
0.349065850398866,3.14159265358979,1.34390352403563,2.26892802759263,0.019502648508170052,0.02640344819750885,0.01291063193671995
0.349065850398866,3.14159265358979,1.36135681655558,2.26892802759263,0.01802194925872505,0.024475648364320847,0.01195348474008415
0.349065850398866,3.14159265358979,1.37881010907552,2.26892802759263,0.01653144797867135,0.0224263897613582,0.0109198439829629
0.349065850398866,3.14159265358979,1.39626340159546,2.26892802759263,0.01501627470135235,0.020370303367307697,0.009944826141548605
0.349065850398866,3.14159265358979,1.41371669411541,2.26892802759263,0.01351451718496285,0.0183577115507591,0.00897431072821313
0.349065850398866,3.14159265358979,1.43116998663535,2.26892802759263,0.012011297104637449,0.01628321598218105,0.00794957998879922
0.349065850398866,3.14159265358979,1.44862327915529,2.26892802759263,0.010490606058465,0.014228029881375101,0.00694212785263409
0.349065850398866,3.14159265358979,1.46607657167524,2.26892802759263,0.009004426000719655,0.01220722616555305,0.00596956676464558
0.349065850398866,3.14159265358979,1.48352986419518,2.26892802759263,0.00750457524028974,0.010165842860620819,0.004964646432367045
0.349065850398866,3.14159265358979,1.50098315671512,2.26892802759263,0.00600328684768992,0.008159888503724105,0.003988440568884975
0.349065850398866,3.14159265358979,1.51843644923507,2.26892802759263,0.00450414821033998,0.00611685171375289,0.0029890553343304453
0.349065850398866,3.14159265358979,1.53588974175501,2.26892802759263,0.0030014771826046152,0.004071410241475345,0.001987849457108455
0.349065850398866,3.14159265358979,1.55334303427495,2.26892802759263,0.001500006415084455,0.0020366939379673652,0.0009954319017144117
0.349065850398866,3.14159265358979,1.5707963267949,2.26892802759263,-7.701532566767284e-06,-1.9599294768565798e-05,-1.223076789039214e-05
0.349065850398866,3.14159265358979,0.0174532925199433,2.44346095279206,0.033446668809183955,0.0409343205227938,0.021520099898237152
0.349065850398866,3.14159265358979,0.0349065850398866,2.44346095279206,0.032415358452017956,0.04022977011378645,0.02084744780258595
0.349065850398866,3.14159265358979,0.0523598775598299,2.44346095279206,0.03164809921662735,0.03962479572516525,0.0201901492359901
0.349065850398866,3.14159265358979,0.0698131700797732,2.44346095279206,0.031058762414276648,0.03912072875320965,0.019648711783504552
0.349065850398866,3.14159265358979,0.0872664625997165,2.44346095279206,0.03042644916280965,0.038625018184456,0.019179542507242152
0.349065850398866,3.14159265358979,0.10471975511966,2.44346095279206,0.0300072884072348,0.03818417882831715,0.018811267138161
0.349065850398866,3.14159265358979,0.122173047639603,2.44346095279206,0.0296529044735577,0.0378463826101806,0.01839603365189075
0.349065850398866,3.14159265358979,0.139626340159546,2.44346095279206,0.0293540230405928,0.037600240169402596,0.01803653406112785
0.349065850398866,3.14159265358979,0.15707963267949,2.44346095279206,0.0290611434965002,0.037320076647150605,0.01779096087757645
0.349065850398866,3.14159265358979,0.174532925199433,2.44346095279206,0.028663506907932998,0.0370229505833624,0.0175504630907042
0.349065850398866,3.14159265358979,0.191986217719376,2.44346095279206,0.02830696884071745,0.0367491297838944,0.0173655065438113
0.349065850398866,3.14159265358979,0.20943951023932,2.44346095279206,0.02812352865379235,0.036505042808155405,0.017194916600333503
0.349065850398866,3.14159265358979,0.226892802759263,2.44346095279206,0.0279716878147436,0.036463275762076044,0.01702944190495785
0.349065850398866,3.14159265358979,0.244346095279206,2.44346095279206,0.0279576647587153,0.036289380347925504,0.01689839746120515
0.349065850398866,3.14159265358979,0.261799387799149,2.44346095279206,0.027760437427029203,0.0360670940361724,0.016754628777002102
0.349065850398866,3.14159265358979,0.279252680319093,2.44346095279206,0.02746893716692395,0.0358536468435385,0.0165799342577258
0.349065850398866,3.14159265358979,0.296705972839036,2.44346095279206,0.0271594486867479,0.035571465306996605,0.0164013558731754
0.349065850398866,3.14159265358979,0.314159265358979,2.44346095279206,0.0269803248205003,0.03519029704206265,0.0162650794505185
0.349065850398866,3.14159265358979,0.331612557878923,2.44346095279206,0.02681205010643235,0.0350034995977083,0.01611460703802095
0.349065850398866,3.14159265358979,0.349065850398866,2.44346095279206,0.0266059328050538,0.0349544830844246,0.016004965565046297
0.349065850398866,3.14159265358979,0.366519142918809,2.44346095279206,0.0263418761456673,0.03501177775698885,0.0160073976155114
0.349065850398866,3.14159265358979,0.383972435438752,2.44346095279206,0.026126345920617453,0.03486991841226465,0.0160821768732911
0.349065850398866,3.14159265358979,0.401425727958696,2.44346095279206,0.025996496545292798,0.034683120007655,0.0160868360040825
0.349065850398866,3.14159265358979,0.418879020478639,2.44346095279206,0.02597640552011925,0.03466632150235905,0.01599538706610705
0.349065850398866,3.14159265358979,0.436332312998582,2.44346095279206,0.02598973671948045,0.034705425137541546,0.01589400784784405
0.349065850398866,3.14159265358979,0.453785605518526,2.44346095279206,0.0258859550903913,0.03461510258643935,0.0158153187665524
0.349065850398866,3.14159265358979,0.471238898038469,2.44346095279206,0.02570047204992655,0.0344361873449689,0.0158085954492675
0.349065850398866,3.14159265358979,0.488692190558412,2.44346095279206,0.02557737007991865,0.034364557073075605,0.0158009531603956
0.349065850398866,3.14159265358979,0.506145483078356,2.44346095279206,0.025511631407551152,0.034299549456013254,0.015873625009100452
0.349065850398866,3.14159265358979,0.523598775598299,2.44346095279206,0.02559586879283345,0.034336180967885654,0.015913789445187
0.349065850398866,3.14159265358979,0.541052068118242,2.44346095279206,0.02549905472010085,0.03432213960321625,0.0158953050087694
0.349065850398866,3.14159265358979,0.558505360638185,2.44346095279206,0.025390609703618998,0.0340953366152653,0.01577061065259015
0.349065850398866,3.14159265358979,0.575958653158129,2.44346095279206,0.02536848321807495,0.033966365087718595,0.01561038672853365
0.349065850398866,3.14159265358979,0.593411945678072,2.44346095279206,0.02523936992537885,0.0339131937895083,0.01534461207364405
0.349065850398866,3.14159265358979,0.610865238198015,2.44346095279206,0.02511900748083365,0.03400172941155425,0.01536056388180165
0.349065850398866,3.14159265358979,0.628318530717959,2.44346095279206,0.02494092717727055,0.0340229160155344,0.0153711211076583
0.349065850398866,3.14159265358979,0.645771823237902,2.44346095279206,0.0247699392799912,0.03383474173507045,0.0152160370599207
0.349065850398866,3.14159265358979,0.663225115757845,2.44346095279206,0.024782451346321552,0.0337421939689026,0.01513219407452345
0.349065850398866,3.14159265358979,0.680678408277788,2.44346095279206,0.024813617939224,0.033765457693917256,0.015031339093371902
0.349065850398866,3.14159265358979,0.698131700797732,2.44346095279206,0.0246639228116001,0.0338726830412307,0.01507639232821615
0.349065850398866,3.14159265358979,0.715584993317675,2.44346095279206,0.02457192280699055,0.03378904270852725,0.01513625513498755
0.349065850398866,3.14159265358979,0.733038285837618,2.44346095279206,0.0247090185684389,0.0336947706603977,0.015155734817680101
0.349065850398866,3.14159265358979,0.750491578357562,2.44346095279206,0.024718533850932152,0.03365975509214475,0.01524438119658765
0.349065850398866,3.14159265358979,0.767944870877505,2.44346095279206,0.0245908956696809,0.0335075731104132,0.01521024316885115
0.349065850398866,3.14159265358979,0.785398163397448,2.44346095279206,0.024560498545141148,0.0333465484522929,0.01507942979815035
0.349065850398866,3.14159265358979,0.802851455917391,2.44346095279206,0.02447779295858695,0.033248821747589946,0.01497186596500015
0.349065850398866,3.14159265358979,0.820304748437335,2.44346095279206,0.0242804627052801,0.03313458850494545,0.01491864559169465
0.349065850398866,3.14159265358979,0.837758040957278,2.44346095279206,0.0241287971001658,0.033046827985310404,0.014991417943552101
0.349065850398866,3.14159265358979,0.855211333477221,2.44346095279206,0.024134518449566898,0.033050506474771646,0.01498572232822595
0.349065850398866,3.14159265358979,0.872664625997165,2.44346095279206,0.0241939933474513,0.0331521420200371,0.01506715942151355
0.349065850398866,3.14159265358979,0.890117918517108,2.44346095279206,0.024152567320488448,0.0329763124476309,0.01503261857624315
0.349065850398866,3.14159265358979,0.907571211037051,2.44346095279206,0.02407605540910005,0.03296944612287635,0.0152028223052698
0.349065850398866,3.14159265358979,0.925024503556995,2.44346095279206,0.0240554885373156,0.03278616147169995,0.0152128280577782
0.349065850398866,3.14159265358979,0.942477796076938,2.44346095279206,0.02418018177908705,0.032793285263871846,0.01524776679667035
0.349065850398866,3.14159265358979,0.959931088596881,2.44346095279206,0.02413166055662115,0.03273062708851961,0.0152115380642781
0.349065850398866,3.14159265358979,0.977384381116825,2.44346095279206,0.02409347890032815,0.03269420440484065,0.015227864631672552
0.349065850398866,3.14159265358979,0.994837673636768,2.44346095279206,0.024058183832488297,0.0327052740525199,0.01498053912226485
0.349065850398866,3.14159265358979,1.01229096615671,2.44346095279206,0.0240488777336708,0.032668899011246505,0.01483326626729055
0.349065850398866,3.14159265358979,1.02974425867665,2.44346095279206,0.024028534220809847,0.0326222999555131,0.01478650677276555
0.349065850398866,3.14159265358979,1.0471975511966,2.44346095279206,0.0241318178645985,0.0326162999450898,0.0148790724066907
0.349065850398866,3.14159265358979,1.06465084371654,2.44346095279206,0.0239549223677381,0.03237178401413575,0.014946110636902502
0.349065850398866,3.14159265358979,1.08210413623648,2.44346095279206,0.0239470377968297,0.0320333563598996,0.014938568861906601
0.349065850398866,3.14159265358979,1.09955742875643,2.44346095279206,0.02380648947658935,0.03185971306754655,0.01481419058570445
0.349065850398866,3.14159265358979,1.11701072127637,2.44346095279206,0.0237815976639805,0.03173713528732325,0.014843262859728201
0.349065850398866,3.14159265358979,1.13446401379631,2.44346095279206,0.02370422221357675,0.03165407041766345,0.0147626892486632
0.349065850398866,3.14159265358979,1.15191730631626,2.44346095279206,0.023667374419509148,0.031357915664562,0.0148000343583645
0.349065850398866,3.14159265358979,1.1693705988362,2.44346095279206,0.023633548715788752,0.03101508003774165,0.01489047959450565
0.349065850398866,3.14159265358979,1.18682389135614,2.44346095279206,0.0236393219706157,0.03092321004205325,0.01494518239338005
0.349065850398866,3.14159265358979,1.20427718387609,2.44346095279206,0.0236036936575746,0.03076634771753005,0.014906441383173801
0.349065850398866,3.14159265358979,1.22173047639603,2.44346095279206,0.0237230505819742,0.03063410179166485,0.01489317765197745
0.349065850398866,3.14159265358979,1.23918376891597,2.44346095279206,0.0235766266296428,0.030484848987867602,0.0149241993152932
0.349065850398866,3.14159265358979,1.25663706143592,2.44346095279206,0.02341858875962445,0.03040102809057125,0.0148934462510634
0.349065850398866,3.14159265358979,1.27409035395586,2.44346095279206,0.023257648544493997,0.03030293295674595,0.01487334262419235
0.349065850398866,3.14159265358979,1.2915436464758,2.44346095279206,0.023250458771212602,0.030220453965467048,0.01489821821154
0.349065850398866,3.14159265358979,1.30899693899575,2.44346095279206,0.022550101179665702,0.0296732807218549,0.0146489787865981
0.349065850398866,3.14159265358979,1.32645023151569,2.44346095279206,0.02139562601304885,0.0280699780127617,0.013872569592583251
0.349065850398866,3.14159265358979,1.34390352403563,2.44346095279206,0.01979308009682545,0.0260521600764198,0.012880390155791701
0.349065850398866,3.14159265358979,1.36135681655558,2.44346095279206,0.018401017397400903,0.024067703163874597,0.01190501642800315
0.349065850398866,3.14159265358979,1.37881010907552,2.44346095279206,0.0168951609520865,0.02207148762984745,0.0108996429542519
0.349065850398866,3.14159265358979,1.39626340159546,2.44346095279206,0.01531602797963605,0.02005127463785155,0.009910922296123125
0.349065850398866,3.14159265358979,1.41371669411541,2.44346095279206,0.013803988262411901,0.0180449761664706,0.008924776800585045
0.349065850398866,3.14159265358979,1.43116998663535,2.44346095279206,0.0122364640960348,0.01603969494044645,0.007927503164537945
0.349065850398866,3.14159265358979,1.44862327915529,2.44346095279206,0.01066489373211685,0.014040997903425799,0.00693002504250823
0.349065850398866,3.14159265358979,1.46607657167524,2.44346095279206,0.009162333446953556,0.01202535331146085,0.0059468610255384545
0.349065850398866,3.14159265358979,1.48352986419518,2.44346095279206,0.007632836629980045,0.010022360664718646,0.004953589038794275
0.349065850398866,3.14159265358979,1.50098315671512,2.44346095279206,0.00613401437757621,0.008020082739720134,0.003965742463787705
0.349065850398866,3.14159265358979,1.51843644923507,2.44346095279206,0.00460004584844787,0.006014076233994475,0.00297397331414789
0.349065850398866,3.14159265358979,1.53588974175501,2.44346095279206,0.00306086506832364,0.00400792090901373,0.0019810783546304203
0.349065850398866,3.14159265358979,1.55334303427495,2.44346095279206,0.001531208718626405,0.00200290811508225,0.0009904829039810484
0.349065850398866,3.14159265358979,1.5707963267949,2.44346095279206,-1.7244265218992194e-05,-9.72776891855485e-06,-6.2409042739589095e-06
0.349065850398866,3.14159265358979,0.0174532925199433,2.61799387799149,0.033343684957647196,0.0408510690882627,0.021441782995531948
0.349065850398866,3.14159265358979,0.0349065850398866,2.61799387799149,0.03218089022187825,0.04006302009991865,0.0207568651078195
0.349065850398866,3.14159265358979,0.0523598775598299,2.61799387799149,0.0313584744211319,0.0393986784798673,0.020077850314132152
0.349065850398866,3.14159265358979,0.0698131700797732,2.61799387799149,0.030749040299427148,0.0389253571259705,0.019505380211654398
0.349065850398866,3.14159265358979,0.0872664625997165,2.61799387799149,0.0302232793149899,0.03843215824348395,0.0190242180060293
0.349065850398866,3.14159265358979,0.10471975511966,2.61799387799149,0.029845111454136097,0.037954052781614,0.0186212180941075
0.349065850398866,3.14159265358979,0.122173047639603,2.61799387799149,0.02945302004051615,0.03753172229803705,0.01818372989858385
0.349065850398866,3.14159265358979,0.139626340159546,2.61799387799149,0.02901896522270895,0.03716845332233095,0.01788534696344845
0.349065850398866,3.14159265358979,0.15707963267949,2.61799387799149,0.028726931872033352,0.0369445587868259,0.017584913696755
0.349065850398866,3.14159265358979,0.174532925199433,2.61799387799149,0.028538786064327103,0.0368351547787803,0.01734754432455625
0.349065850398866,3.14159265358979,0.191986217719376,2.61799387799149,0.02831194032961075,0.0367119618967255,0.01721471340184695
0.349065850398866,3.14159265358979,0.20943951023932,2.61799387799149,0.0281205391163886,0.036574131610913496,0.017083681450178897
0.349065850398866,3.14159265358979,0.226892802759263,2.61799387799149,0.028027997656247902,0.0364296131082394,0.01692908351920635
0.349065850398866,3.14159265358979,0.244346095279206,2.61799387799149,0.0279045642969041,0.0362644449035644,0.01678733454448985
0.349065850398866,3.14159265358979,0.261799387799149,2.61799387799149,0.02770403532073605,0.036064283782490894,0.016592930130299
0.349065850398866,3.14159265358979,0.279252680319093,2.61799387799149,0.027574408653108798,0.0357802379425837,0.0164112531818456
0.349065850398866,3.14159265358979,0.296705972839036,2.61799387799149,0.0274201083460178,0.035595258196456855,0.0163571980896449
0.349065850398866,3.14159265358979,0.314159265358979,2.61799387799149,0.02729417766293465,0.035408986472355644,0.016291176496344102
0.349065850398866,3.14159265358979,0.331612557878923,2.61799387799149,0.0271452373299907,0.03518054391573925,0.016161089887171
0.349065850398866,3.14159265358979,0.349065850398866,2.61799387799149,0.026978537630534052,0.03504381785146435,0.016014000112099802
0.349065850398866,3.14159265358979,0.366519142918809,2.61799387799149,0.02682916273602895,0.035153824505683745,0.0159253091675442
0.349065850398866,3.14159265358979,0.383972435438752,2.61799387799149,0.026678832086232097,0.035076336578577644,0.0158772541168139
0.349065850398866,3.14159265358979,0.401425727958696,2.61799387799149,0.02647906958087195,0.0349495087020551,0.015806151070184897
0.349065850398866,3.14159265358979,0.418879020478639,2.61799387799149,0.0264351726505807,0.034871170232442045,0.015772920435649852
0.349065850398866,3.14159265358979,0.436332312998582,2.61799387799149,0.0263729540734221,0.0347886791636255,0.0157649529041445
0.349065850398866,3.14159265358979,0.453785605518526,2.61799387799149,0.0263634465676435,0.034630625464274145,0.0158045054704899
0.349065850398866,3.14159265358979,0.471238898038469,2.61799387799149,0.02624253756435705,0.0345878501526358,0.01576994669623695
0.349065850398866,3.14159265358979,0.488692190558412,2.61799387799149,0.0260710885447198,0.03464597884834475,0.015675391737833798
0.349065850398866,3.14159265358979,0.506145483078356,2.61799387799149,0.026000398473785852,0.0346540268799366,0.0156561729792303
0.349065850398866,3.14159265358979,0.523598775598299,2.61799387799149,0.02595445689569235,0.03440069891882785,0.015666392827803848
0.349065850398866,3.14159265358979,0.541052068118242,2.61799387799149,0.0256207792050648,0.03429309181758735,0.01572076681896235
0.349065850398866,3.14159265358979,0.558505360638185,2.61799387799149,0.02533203279218045,0.03414701987330085,0.0156031333974027
0.349065850398866,3.14159265358979,0.575958653158129,2.61799387799149,0.025380851686124,0.034091901451908296,0.01546416057454825
0.349065850398866,3.14159265358979,0.593411945678072,2.61799387799149,0.02534265354734835,0.03404810719084045,0.0154589288767179
0.349065850398866,3.14159265358979,0.610865238198015,2.61799387799149,0.02513143606000005,0.034082375694078196,0.01548793816805065
0.349065850398866,3.14159265358979,0.628318530717959,2.61799387799149,0.02497841882769925,0.03418495367170735,0.0155261845184647
0.349065850398866,3.14159265358979,0.645771823237902,2.61799387799149,0.025022122990819948,0.03405998707438015,0.0152643626574663
0.349065850398866,3.14159265358979,0.663225115757845,2.61799387799149,0.02494103743552915,0.0338681170184128,0.0150899241387588
0.349065850398866,3.14159265358979,0.680678408277788,2.61799387799149,0.02481769837107935,0.0337443767173171,0.01515495867845775
0.349065850398866,3.14159265358979,0.698131700797732,2.61799387799149,0.0247975058544814,0.03365531057837195,0.0153178496342183
0.349065850398866,3.14159265358979,0.715584993317675,2.61799387799149,0.024625552955548448,0.03354649481020705,0.01534059044933745
0.349065850398866,3.14159265358979,0.733038285837618,2.61799387799149,0.0243894822262458,0.03337504233278245,0.015152122751579351
0.349065850398866,3.14159265358979,0.750491578357562,2.61799387799149,0.0241841782407963,0.033287837478919655,0.01490032689802245
0.349065850398866,3.14159265358979,0.767944870877505,2.61799387799149,0.024181093412563047,0.03311644556994475,0.0148333214100487
0.349065850398866,3.14159265358979,0.785398163397448,2.61799387799149,0.02424172468078985,0.03316059727398255,0.0147929538538655
0.349065850398866,3.14159265358979,0.802851455917391,2.61799387799149,0.024208859055806747,0.03318772607838345,0.014749656076988249
0.349065850398866,3.14159265358979,0.820304748437335,2.61799387799149,0.02407595484727085,0.0332676535519251,0.01490651186716065
0.349065850398866,3.14159265358979,0.837758040957278,2.61799387799149,0.02401284167449775,0.0332996431259573,0.01502973642522095
0.349065850398866,3.14159265358979,0.855211333477221,2.61799387799149,0.02399578044694825,0.033166713270632,0.01499763163742995
0.349065850398866,3.14159265358979,0.872664625997165,2.61799387799149,0.024064739547091797,0.0332146204101261,0.01506119779413365
0.349065850398866,3.14159265358979,0.890117918517108,2.61799387799149,0.02410100295504905,0.0331564932016441,0.01516554621339225
0.349065850398866,3.14159265358979,0.907571211037051,2.61799387799149,0.0241524824756335,0.0329930580443714,0.0150369612422782
0.349065850398866,3.14159265358979,0.925024503556995,2.61799387799149,0.0239989614162821,0.0327820500004056,0.0148760327912193
0.349065850398866,3.14159265358979,0.942477796076938,2.61799387799149,0.0239116818640693,0.03253479720309995,0.0150012632580963
0.349065850398866,3.14159265358979,0.959931088596881,2.61799387799149,0.02408566004100355,0.032449831308871205,0.0151503339254007
0.349065850398866,3.14159265358979,0.977384381116825,2.61799387799149,0.02412440022992345,0.03236313075238275,0.015193453259198651
0.349065850398866,3.14159265358979,0.994837673636768,2.61799387799149,0.02389539594828985,0.032159166491107796,0.0150767741558631
0.349065850398866,3.14159265358979,1.01229096615671,2.61799387799149,0.02381544854094035,0.03209898203299455,0.0148449590366092
0.349065850398866,3.14159265358979,1.02974425867665,2.61799387799149,0.02375809626840085,0.03198948662633865,0.01479964113445065
0.349065850398866,3.14159265358979,1.0471975511966,2.61799387799149,0.0237847346602526,0.0320060647906498,0.01479747766701145
0.349065850398866,3.14159265358979,1.06465084371654,2.61799387799149,0.023769447204349897,0.0320482958659721,0.0148274244648571
0.349065850398866,3.14159265358979,1.08210413623648,2.61799387799149,0.02390927945809505,0.0320523607465935,0.01474767210795055
0.349065850398866,3.14159265358979,1.09955742875643,2.61799387799149,0.02384597876212055,0.0320220882194008,0.014657033032794399
0.349065850398866,3.14159265358979,1.11701072127637,2.61799387799149,0.0236850018508374,0.031923553722746245,0.0147400167057896
0.349065850398866,3.14159265358979,1.13446401379631,2.61799387799149,0.023682000691106903,0.0318013837290337,0.01468453710309505
0.349065850398866,3.14159265358979,1.15191730631626,2.61799387799149,0.02380777311617855,0.0317090565927077,0.0147436067239719
0.349065850398866,3.14159265358979,1.1693705988362,2.61799387799149,0.0237255430601022,0.03174727484877895,0.014648970096114301
0.349065850398866,3.14159265358979,1.18682389135614,2.61799387799149,0.0237828835684048,0.0317097816445917,0.0145650733005836
0.349065850398866,3.14159265358979,1.20427718387609,2.61799387799149,0.0237712687935322,0.0316705652024967,0.014557017430818449
0.349065850398866,3.14159265358979,1.22173047639603,2.61799387799149,0.0237871738571616,0.03159792980389685,0.014512721629549651
0.349065850398866,3.14159265358979,1.23918376891597,2.61799387799149,0.0237264856766538,0.03149265190114005,0.014511362224051399
0.349065850398866,3.14159265358979,1.25663706143592,2.61799387799149,0.02382351923184245,0.03136467800158335,0.0145939802090749
0.349065850398866,3.14159265358979,1.27409035395586,2.61799387799149,0.023853463630512398,0.031218133069282547,0.01461906564740985
0.349065850398866,3.14159265358979,1.2915436464758,2.61799387799149,0.023833640913706253,0.0312046499986694,0.0146174160202588
0.349065850398866,3.14159265358979,1.30899693899575,2.61799387799149,0.0234641354700115,0.03065708390041105,0.014408891709517
0.349065850398866,3.14159265358979,1.32645023151569,2.61799387799149,0.0220707315949928,0.02886061169951095,0.0136031194934264
0.349065850398866,3.14159265358979,1.34390352403563,2.61799387799149,0.020511309275556,0.02681004181652625,0.012666294459586301
0.349065850398866,3.14159265358979,1.36135681655558,2.61799387799149,0.0189470540756045,0.024774379868398352,0.0116602410864355
0.349065850398866,3.14159265358979,1.37881010907552,2.61799387799149,0.017373485515772398,0.02268811387657365,0.0107285210051463
0.349065850398866,3.14159265358979,1.39626340159546,2.61799387799149,0.0157738821028682,0.0206271554493769,0.009717457956657224
0.349065850398866,3.14159265358979,1.41371669411541,2.61799387799149,0.0142025499602295,0.018570535900641602,0.00874262264694799
0.349065850398866,3.14159265358979,1.43116998663535,2.61799387799149,0.01261261050120075,0.01649269034630265,0.00777329279943394
0.349065850398866,3.14159265358979,1.44862327915529,2.61799387799149,0.01104539784360135,0.0144414527182776,0.00680903404071508
0.349065850398866,3.14159265358979,1.46607657167524,2.61799387799149,0.009482428622467214,0.01239694753435525,0.005829053778017005
0.349065850398866,3.14159265358979,1.48352986419518,2.61799387799149,0.00789415248095192,0.010316061480758625,0.00487382971217349
0.349065850398866,3.14159265358979,1.50098315671512,2.61799387799149,0.00631259233166875,0.008254491983826285,0.003886687428877915
0.349065850398866,3.14159265358979,1.51843644923507,2.61799387799149,0.0047338922221918794,0.00618847048957618,0.0029118415880039147
0.349065850398866,3.14159265358979,1.53588974175501,2.61799387799149,0.00315319155508338,0.004123480902501945,0.001943341488638825
0.349065850398866,3.14159265358979,1.55334303427495,2.61799387799149,0.0015769768233259499,0.0020619146105330197,0.0009703101220112074
0.349065850398866,3.14159265358979,1.5707963267949,2.61799387799149,0.0008819453797216145,0.00115314472213971,0.0005475769770963844
0.349065850398866,3.14159265358979,0.0174532925199433,2.79252680319093,0.033278637434162844,0.040794985501753395,0.02138341896598875
0.349065850398866,3.14159265358979,0.0349065850398866,2.79252680319093,0.032057797460816,0.03991837413437685,0.0206335470819932
0.349065850398866,3.14159265358979,0.0523598775598299,2.79252680319093,0.03112732168003685,0.039194610572849745,0.0200126246148588
0.349065850398866,3.14159265358979,0.0698131700797732,2.79252680319093,0.0305567497013234,0.03867129112408495,0.0194063914680519
0.349065850398866,3.14159265358979,0.0872664625997165,2.79252680319093,0.030155547355206848,0.03830389139499435,0.018935767799460948
0.349065850398866,3.14159265358979,0.10471975511966,2.79252680319093,0.029837188292891448,0.0378815884680811,0.01852380666376795
0.349065850398866,3.14159265358979,0.122173047639603,2.79252680319093,0.02942175790602765,0.0374145566505117,0.0181621234659639
0.349065850398866,3.14159265358979,0.139626340159546,2.79252680319093,0.029013044990655698,0.0370525848733664,0.01786020937422015
0.349065850398866,3.14159265358979,0.15707963267949,2.79252680319093,0.028657603369010798,0.036845731509379406,0.0175581324724838
0.349065850398866,3.14159265358979,0.174532925199433,2.79252680319093,0.02845651443116335,0.036700088102884054,0.01725831041611735
0.349065850398866,3.14159265358979,0.191986217719376,2.79252680319093,0.028359468458204952,0.0365652774672467,0.01706208347526945
0.349065850398866,3.14159265358979,0.20943951023932,2.79252680319093,0.02833729848086615,0.036432308928353196,0.0169318992908832
0.349065850398866,3.14159265358979,0.226892802759263,2.79252680319093,0.02829851510750865,0.03645635908730025,0.016801402613926
0.349065850398866,3.14159265358979,0.244346095279206,2.79252680319093,0.0281907845935216,0.0363253200388906,0.01675811725484465
0.349065850398866,3.14159265358979,0.261799387799149,2.79252680319093,0.0280610248862487,0.03624734478294005,0.01666252021921935
0.349065850398866,3.14159265358979,0.279252680319093,2.79252680319093,0.0279843277625417,0.03623963950468915,0.016552225217634248
0.349065850398866,3.14159265358979,0.296705972839036,2.79252680319093,0.02776052843675965,0.03626183223661815,0.016492248695737698
0.349065850398866,3.14159265358979,0.314159265358979,2.79252680319093,0.027753128344436752,0.0360681979197225,0.016351799328252953
0.349065850398866,3.14159265358979,0.331612557878923,2.79252680319093,0.027658874341301598,0.0358899727021635,0.01623473627865995
0.349065850398866,3.14159265358979,0.349065850398866,2.79252680319093,0.027404663324071953,0.0358373152881177,0.016202728731125902
0.349065850398866,3.14159265358979,0.366519142918809,2.79252680319093,0.0271881280745688,0.0357267773738832,0.0161273899284112
0.349065850398866,3.14159265358979,0.383972435438752,2.79252680319093,0.0271376988189971,0.0355890274544836,0.0160980675912068
0.349065850398866,3.14159265358979,0.401425727958696,2.79252680319093,0.027064771110196,0.0354323247355771,0.0160821584591227
0.349065850398866,3.14159265358979,0.418879020478639,2.79252680319093,0.026919820724087648,0.0352794014445265,0.0159744865015892
0.349065850398866,3.14159265358979,0.436332312998582,2.79252680319093,0.02678484580200645,0.0351726836724222,0.01583437992190875
0.349065850398866,3.14159265358979,0.453785605518526,2.79252680319093,0.02665932975215735,0.0350725898333393,0.015702582277071
0.349065850398866,3.14159265358979,0.471238898038469,2.79252680319093,0.02651639514839685,0.0349321500884229,0.01556559387604395
0.349065850398866,3.14159265358979,0.488692190558412,2.79252680319093,0.026336612449478547,0.03472912645120935,0.0154532315109401
0.349065850398866,3.14159265358979,0.506145483078356,2.79252680319093,0.0261650254345379,0.0345350970393413,0.01544108507176275
0.349065850398866,3.14159265358979,0.523598775598299,2.79252680319093,0.02609080065473355,0.0344809734139076,0.015444867327875901
0.349065850398866,3.14159265358979,0.541052068118242,2.79252680319093,0.026006275762030552,0.0343951092649043,0.015492746525504
0.349065850398866,3.14159265358979,0.558505360638185,2.79252680319093,0.0257795603586118,0.0343283748448892,0.015473714677120151
0.349065850398866,3.14159265358979,0.575958653158129,2.79252680319093,0.0257516451132772,0.034278745154851395,0.0154425765172823
0.349065850398866,3.14159265358979,0.593411945678072,2.79252680319093,0.025471942341479252,0.03409169323312295,0.015468597602077801
0.349065850398866,3.14159265358979,0.610865238198015,2.79252680319093,0.02522060612238035,0.0340117114704669,0.0153735954527167
0.349065850398866,3.14159265358979,0.628318530717959,2.79252680319093,0.02523815042257355,0.034026741200320954,0.015273007132136151
0.349065850398866,3.14159265358979,0.645771823237902,2.79252680319093,0.02528015435768105,0.03394142659392925,0.0152540501386074
0.349065850398866,3.14159265358979,0.663225115757845,2.79252680319093,0.02532000673559985,0.033920779549689944,0.015146936993053549
0.349065850398866,3.14159265358979,0.680678408277788,2.79252680319093,0.0251799232711811,0.033737599464957455,0.0150517369286915
0.349065850398866,3.14159265358979,0.698131700797732,2.79252680319093,0.024961356005706148,0.0335748597504587,0.01510525909528505
0.349065850398866,3.14159265358979,0.715584993317675,2.79252680319093,0.02475022931305885,0.0334415457906356,0.01518682564527215
0.349065850398866,3.14159265358979,0.733038285837618,2.79252680319093,0.02468197119194785,0.03341678176221835,0.015216502857808251
0.349065850398866,3.14159265358979,0.750491578357562,2.79252680319093,0.0245819782943678,0.03337329096552395,0.01516584782646275
0.349065850398866,3.14159265358979,0.767944870877505,2.79252680319093,0.02437452000994645,0.033340999449042646,0.01510602781953305
0.349065850398866,3.14159265358979,0.785398163397448,2.79252680319093,0.0242609403905443,0.03331530833757655,0.01510781024751695
0.349065850398866,3.14159265358979,0.802851455917391,2.79252680319093,0.024276710594515652,0.0331677124938117,0.0151138468748841
0.349065850398866,3.14159265358979,0.820304748437335,2.79252680319093,0.02441318604414945,0.03299782951211215,0.015211546956805499
0.349065850398866,3.14159265358979,0.837758040957278,2.79252680319093,0.02459904355664795,0.0329693109140924,0.015276821281882902
0.349065850398866,3.14159265358979,0.855211333477221,2.79252680319093,0.024488948350117952,0.0329515837846111,0.01531554061262755
0.349065850398866,3.14159265358979,0.872664625997165,2.79252680319093,0.02429759972759995,0.0328737491022146,0.015372872625529499
0.349065850398866,3.14159265358979,0.890117918517108,2.79252680319093,0.024303746817595152,0.0328823095794392,0.015280623476793601
0.349065850398866,3.14159265358979,0.907571211037051,2.79252680319093,0.02423625218090485,0.0328912479336438,0.015244143924766099
0.349065850398866,3.14159265358979,0.925024503556995,2.79252680319093,0.0241836700457018,0.03265293327452955,0.015184147837688799
0.349065850398866,3.14159265358979,0.942477796076938,2.79252680319093,0.024087289454554753,0.0324844509870046,0.0150294990252932
0.349065850398866,3.14159265358979,0.959931088596881,2.79252680319093,0.023944049668965198,0.032366707721021196,0.0147731644591593
0.349065850398866,3.14159265358979,0.977384381116825,2.79252680319093,0.0238562355096825,0.0322826212699343,0.0145683104163739
0.349065850398866,3.14159265358979,0.994837673636768,2.79252680319093,0.0239727627729921,0.032344456981147504,0.01444743783790425
0.349065850398866,3.14159265358979,1.01229096615671,2.79252680319093,0.024113463086688,0.0325519661226506,0.014371717725084
0.349065850398866,3.14159265358979,1.02974425867665,2.79252680319093,0.0241708904106886,0.0325643357698214,0.0144339532095618
0.349065850398866,3.14159265358979,1.0471975511966,2.79252680319093,0.02420200754166265,0.03237856199688145,0.01458783882241535
0.349065850398866,3.14159265358979,1.06465084371654,2.79252680319093,0.02429243065465815,0.03221995967604595,0.014748459046282001
0.349065850398866,3.14159265358979,1.08210413623648,2.79252680319093,0.02430617444467725,0.03209944845348715,0.01486914401893855
0.349065850398866,3.14159265358979,1.09955742875643,2.79252680319093,0.0240564976567473,0.0319691248942838,0.014986914127218951
0.349065850398866,3.14159265358979,1.11701072127637,2.79252680319093,0.0238001349792741,0.0318979340868722,0.015087852916849151
0.349065850398866,3.14159265358979,1.13446401379631,2.79252680319093,0.0238429283755018,0.03184577227801955,0.01497618658306215
0.349065850398866,3.14159265358979,1.15191730631626,2.79252680319093,0.0238618767831911,0.03159048378523635,0.0149255903991736
0.349065850398866,3.14159265358979,1.1693705988362,2.79252680319093,0.02373993950636415,0.0315994863707586,0.01486113927183705
0.349065850398866,3.14159265358979,1.18682389135614,2.79252680319093,0.02369252054134475,0.031539267107936,0.0148458176522987
0.349065850398866,3.14159265358979,1.20427718387609,2.79252680319093,0.0236772837605447,0.031467894839678504,0.014861312077912
0.349065850398866,3.14159265358979,1.22173047639603,2.79252680319093,0.02358280383446,0.03157710969520065,0.01476317693374805
0.349065850398866,3.14159265358979,1.23918376891597,2.79252680319093,0.02351246241962645,0.031414267398938496,0.0147038561073835
0.349065850398866,3.14159265358979,1.25663706143592,2.79252680319093,0.02343717232824795,0.03125011646798995,0.0147318994576985
0.349065850398866,3.14159265358979,1.27409035395586,2.79252680319093,0.0233563034641408,0.031266768519987,0.014603177153974349
0.349065850398866,3.14159265358979,1.2915436464758,2.79252680319093,0.02336499124525215,0.03106747814889855,0.01455279855296545
0.349065850398866,3.14159265358979,1.30899693899575,2.79252680319093,0.0229736638462118,0.030434236534364,0.0143496082825702
0.349065850398866,3.14159265358979,1.32645023151569,2.79252680319093,0.021778397198059248,0.028886682175439,0.013620276169081399
0.349065850398866,3.14159265358979,1.34390352403563,2.79252680319093,0.020225328379466,0.02677641635172925,0.01272399072925045
0.349065850398866,3.14159265358979,1.36135681655558,2.79252680319093,0.01867271006824675,0.02469331808078085,0.0117523314859352
0.349065850398866,3.14159265358979,1.37881010907552,2.79252680319093,0.017111629537570353,0.02269472196353245,0.0107068567585599
0.349065850398866,3.14159265358979,1.39626340159546,2.79252680319093,0.015557184076789701,0.0206001638081141,0.00978156211375651
0.349065850398866,3.14159265358979,1.41371669411541,2.79252680319093,0.013999014262913698,0.018566853329747703,0.008749762832364616
0.349065850398866,3.14159265358979,1.43116998663535,2.79252680319093,0.0124448834787737,0.01650298213850665,0.0077902243015336
0.349065850398866,3.14159265358979,1.44862327915529,2.79252680319093,0.01089015377334835,0.01441367918622285,0.0068566579593084005
0.349065850398866,3.14159265358979,1.46607657167524,2.79252680319093,0.00933236239297857,0.01237476155718805,0.0058429333405721744
0.349065850398866,3.14159265358979,1.48352986419518,2.79252680319093,0.0077777844182791,0.010312624114668226,0.00487071242289101
0.349065850398866,3.14159265358979,1.50098315671512,2.79252680319093,0.00622204438630496,0.008234394235889616,0.00391867551506932
0.349065850398866,3.14159265358979,1.51843644923507,2.79252680319093,0.00466591415517187,0.0061809418852947,0.0029300437463138703
0.349065850398866,3.14159265358979,1.53588974175501,2.79252680319093,0.00311050137402185,0.0041238721102970395,0.00194842680055085
0.349065850398866,3.14159265358979,1.55334303427495,2.79252680319093,0.00155371891797075,0.00205819921465722,0.000975705587118186
0.349065850398866,3.14159265358979,1.5707963267949,2.79252680319093,0.0009846164099734079,0.00130601447927997,0.00061587588707044
0.349065850398866,3.14159265358979,0.0174532925199433,2.96705972839036,0.0332534728524903,0.040767604386350145,0.02134825061938295
0.349065850398866,3.14159265358979,0.0349065850398866,2.96705972839036,0.032005145833293044,0.03980911400532415,0.0205481031567742
0.349065850398866,3.14159265358979,0.0523598775598299,2.96705972839036,0.031161868104580853,0.0391267906285572,0.0199869871062641
0.349065850398866,3.14159265358979,0.0698131700797732,2.96705972839036,0.030559266148085747,0.03858569686390925,0.019383445170109148
0.349065850398866,3.14159265358979,0.0872664625997165,2.96705972839036,0.03010509966275325,0.0382953125930488,0.0188960577940393
0.349065850398866,3.14159265358979,0.10471975511966,2.96705972839036,0.029792622869439747,0.037964194785847005,0.0185046400174321
0.349065850398866,3.14159265358979,0.122173047639603,2.96705972839036,0.0294464735368392,0.03762687961488895,0.018230825852419752
0.349065850398866,3.14159265358979,0.139626340159546,2.96705972839036,0.029125214952550202,0.03723269898951005,0.01793699154837105
0.349065850398866,3.14159265358979,0.15707963267949,2.96705972839036,0.02878170391019275,0.03707239177216015,0.01764251670419195
0.349065850398866,3.14159265358979,0.174532925199433,2.96705972839036,0.028462599992678597,0.036971773967853755,0.0173668837829819
0.349065850398866,3.14159265358979,0.191986217719376,2.96705972839036,0.028513047045008552,0.03695222435064065,0.01716274839091415
0.349065850398866,3.14159265358979,0.20943951023932,2.96705972839036,0.02849309079129955,0.03692405290264045,0.017035466671372748
0.349065850398866,3.14159265358979,0.226892802759263,2.96705972839036,0.0284231351714791,0.036823484754889946,0.016865914775280398
0.349065850398866,3.14159265358979,0.244346095279206,2.96705972839036,0.0283734143877202,0.03675182718982675,0.01669958116080455
0.349065850398866,3.14159265358979,0.261799387799149,2.96705972839036,0.02831084365768525,0.0366435399577552,0.0166782028310907
0.349065850398866,3.14159265358979,0.279252680319093,2.96705972839036,0.02824945704585775,0.0365985629604591,0.01661706051472855
0.349065850398866,3.14159265358979,0.296705972839036,2.96705972839036,0.028144661666071852,0.03656496721086245,0.01648016408174075
0.349065850398866,3.14159265358979,0.314159265358979,2.96705972839036,0.02798878304097375,0.03644438015432565,0.016418659183613002
0.349065850398866,3.14159265358979,0.331612557878923,2.96705972839036,0.02792698566692495,0.03638030956313575,0.0163341245013113
0.349065850398866,3.14159265358979,0.349065850398866,2.96705972839036,0.027876885913911652,0.0362802446733888,0.01621542865933515
0.349065850398866,3.14159265358979,0.366519142918809,2.96705972839036,0.0277411762096514,0.03621441692048255,0.0161268343961222
0.349065850398866,3.14159265358979,0.383972435438752,2.96705972839036,0.0276023117510105,0.03607483486542935,0.01605202826189885
0.349065850398866,3.14159265358979,0.401425727958696,2.96705972839036,0.0274786278678513,0.03586996350234685,0.01595553231980125
0.349065850398866,3.14159265358979,0.418879020478639,2.96705972839036,0.02731281314758885,0.0356999836603923,0.015913657420545298
0.349065850398866,3.14159265358979,0.436332312998582,2.96705972839036,0.02720354041511875,0.0355450473005677,0.0158197596441835
0.349065850398866,3.14159265358979,0.453785605518526,2.96705972839036,0.0270996553133693,0.0354078037904133,0.015714550921973748
0.349065850398866,3.14159265358979,0.471238898038469,2.96705972839036,0.0269508588896798,0.035236154413549,0.015675892922432252
0.349065850398866,3.14159265358979,0.488692190558412,2.96705972839036,0.02676899037704865,0.0350228504348159,0.01567809575183455
0.349065850398866,3.14159265358979,0.506145483078356,2.96705972839036,0.02663369078491885,0.03480361702230245,0.015621043182222051
0.349065850398866,3.14159265358979,0.523598775598299,2.96705972839036,0.02659928229503375,0.03466618320006675,0.015527109252467
0.349065850398866,3.14159265358979,0.541052068118242,2.96705972839036,0.02650088767291095,0.0345542666938119,0.015478380253166949
0.349065850398866,3.14159265358979,0.558505360638185,2.96705972839036,0.02626780100889515,0.0343954102653337,0.01551203974339915
0.349065850398866,3.14159265358979,0.575958653158129,2.96705972839036,0.02595076989516515,0.034227559728423146,0.015476885514539351
0.349065850398866,3.14159265358979,0.593411945678072,2.96705972839036,0.025688234884442197,0.034071453037109706,0.015308159657400299
0.349065850398866,3.14159265358979,0.610865238198015,2.96705972839036,0.025624544460945302,0.03409087800370415,0.0151959714204878
0.349065850398866,3.14159265358979,0.628318530717959,2.96705972839036,0.02555350766817465,0.034110729046848295,0.0151729615231584
0.349065850398866,3.14159265358979,0.645771823237902,2.96705972839036,0.025324693524219198,0.033974463262404206,0.015168339717183149
0.349065850398866,3.14159265358979,0.663225115757845,2.96705972839036,0.02515828899035005,0.03386844814166355,0.0150968817652323
0.349065850398866,3.14159265358979,0.680678408277788,2.96705972839036,0.02508842546819825,0.03372742504591755,0.01503476408301025
0.349065850398866,3.14159265358979,0.698131700797732,2.96705972839036,0.0249345343964619,0.03354914477108745,0.01500537759675255
0.349065850398866,3.14159265358979,0.715584993317675,2.96705972839036,0.0247631139665377,0.033492953975543846,0.01499305051014315
0.349065850398866,3.14159265358979,0.733038285837618,2.96705972839036,0.0247213452442094,0.033470556987448,0.015087831240485801
0.349065850398866,3.14159265358979,0.750491578357562,2.96705972839036,0.0247240401181489,0.03338815587843115,0.015114082208495
0.349065850398866,3.14159265358979,0.767944870877505,2.96705972839036,0.024677617644399,0.033268248800102304,0.0149816362798737
0.349065850398866,3.14159265358979,0.785398163397448,2.96705972839036,0.024708278129859353,0.03330537297989475,0.0148335040206697
0.349065850398866,3.14159265358979,0.802851455917391,2.96705972839036,0.0247497889385809,0.03330575422477465,0.01484953262242895
0.349065850398866,3.14159265358979,0.820304748437335,2.96705972839036,0.0247334279967503,0.03314061794190225,0.0148699036020821
0.349065850398866,3.14159265358979,0.837758040957278,2.96705972839036,0.024700105019625,0.0331496287543912,0.01475756228599555
0.349065850398866,3.14159265358979,0.855211333477221,2.96705972839036,0.02459931980756985,0.0330161717446842,0.014618236169463499
0.349065850398866,3.14159265358979,0.872664625997165,2.96705972839036,0.02442414318114765,0.03291774912651895,0.01462340184345965
0.349065850398866,3.14159265358979,0.890117918517108,2.96705972839036,0.024399913634660098,0.03284789223831425,0.0146464311371729
0.349065850398866,3.14159265358979,0.907571211037051,2.96705972839036,0.02456005827395535,0.0327383255696163,0.014577272572976
0.349065850398866,3.14159265358979,0.925024503556995,2.96705972839036,0.024464706123461598,0.0325276805923062,0.01449905971198945
0.349065850398866,3.14159265358979,0.942477796076938,2.96705972839036,0.02436182605531,0.0324056665021382,0.01430385611720815
0.349065850398866,3.14159265358979,0.959931088596881,2.96705972839036,0.02438392277737505,0.0322297831379324,0.0141951006702017
0.349065850398866,3.14159265358979,0.977384381116825,2.96705972839036,0.0244835290908618,0.0322320481097207,0.0143317853146755
0.349065850398866,3.14159265358979,0.994837673636768,2.96705972839036,0.0245920625674561,0.0325013992351431,0.01456396754157865
0.349065850398866,3.14159265358979,1.01229096615671,2.96705972839036,0.02439328522933225,0.03241814233754175,0.014703632073663198
0.349065850398866,3.14159265358979,1.02974425867665,2.96705972839036,0.0244604917784915,0.03229536780807425,0.0147080020034462
0.349065850398866,3.14159265358979,1.0471975511966,2.96705972839036,0.0243329515476962,0.03221670027884,0.0146253644012389
0.349065850398866,3.14159265358979,1.06465084371654,2.96705972839036,0.024380841846858,0.0322225322855568,0.0145999021678744
0.349065850398866,3.14159265358979,1.08210413623648,2.96705972839036,0.0243463152254466,0.032206374446241,0.0144988481780589
0.349065850398866,3.14159265358979,1.09955742875643,2.96705972839036,0.02410640676064505,0.032007091303988947,0.0144286617196596
0.349065850398866,3.14159265358979,1.11701072127637,2.96705972839036,0.0241072614058446,0.0319058781806803,0.014523721461021849
0.349065850398866,3.14159265358979,1.13446401379631,2.96705972839036,0.02397445466029405,0.0318030397173554,0.0146294168503649
0.349065850398866,3.14159265358979,1.15191730631626,2.96705972839036,0.023943833061025,0.03175911455748795,0.014676419495605001
0.349065850398866,3.14159265358979,1.1693705988362,2.96705972839036,0.02369937054106555,0.03160628982500675,0.014680633046265198
0.349065850398866,3.14159265358979,1.18682389135614,2.96705972839036,0.0235089811618412,0.03149438943709335,0.01464111114615335
0.349065850398866,3.14159265358979,1.20427718387609,2.96705972839036,0.023593190494074,0.031496897314989405,0.0145020694164505
0.349065850398866,3.14159265358979,1.22173047639603,2.96705972839036,0.02354695032333535,0.0312949216150747,0.014258643250218351
0.349065850398866,3.14159265358979,1.23918376891597,2.96705972839036,0.023361451386892752,0.031078382917970097,0.01409008872897465
0.349065850398866,3.14159265358979,1.25663706143592,2.96705972839036,0.02328559325506415,0.030927397409913848,0.01408857215959115
0.349065850398866,3.14159265358979,1.27409035395586,2.96705972839036,0.023312722498130503,0.0307675873042269,0.01399771544826455
0.349065850398866,3.14159265358979,1.2915436464758,2.96705972839036,0.0232824777792564,0.03046347453836755,0.0138757077449196
0.349065850398866,3.14159265358979,1.30899693899575,2.96705972839036,0.0232337194073424,0.03016179692202095,0.0137052679088881
0.349065850398866,3.14159265358979,1.32645023151569,2.96705972839036,0.02180567657267395,0.02843309866589535,0.01290513315406645
0.349065850398866,3.14159265358979,1.34390352403563,2.96705972839036,0.0201781832332227,0.0264527252268085,0.012007084594679949
0.349065850398866,3.14159265358979,1.36135681655558,2.96705972839036,0.01856091984902715,0.0244578296917938,0.0111107328516124
0.349065850398866,3.14159265358979,1.37881010907552,2.96705972839036,0.0169541042858515,0.02245045942192845,0.010214681139428531
0.349065850398866,3.14159265358979,1.39626340159546,2.96705972839036,0.015357677735688,0.0204341861779445,0.009316696362597656
0.349065850398866,3.14159265358979,1.41371669411541,2.96705972839036,0.013988628546096199,0.018288085903538802,0.00831445202246211
0.349065850398866,3.14159265358979,1.43116998663535,2.96705972839036,0.0124496906485868,0.01625314884369895,0.00737774763967725
0.349065850398866,3.14159265358979,1.44862327915529,2.96705972839036,0.0108555910947068,0.0142469282517464,0.006468903222001985
0.349065850398866,3.14159265358979,1.46607657167524,2.96705972839036,0.009272115233592546,0.012230552837555999,0.0055588064109722
0.349065850398866,3.14159265358979,1.48352986419518,2.96705972839036,0.007699435817524425,0.01020577804948645,0.00464626490462914
0.349065850398866,3.14159265358979,1.50098315671512,2.96705972839036,0.00613765734095255,0.008174643216269071,0.003729938351854795
0.349065850398866,3.14159265358979,1.51843644923507,2.96705972839036,0.004647559343233855,0.00610414719972094,0.002777337278491065
0.349065850398866,3.14159265358979,1.53588974175501,2.96705972839036,0.003109308184855215,0.00406256476842207,0.001844397465150865
0.349065850398866,3.14159265358979,1.55334303427495,2.96705972839036,0.00154880741043923,0.002032840250274685,0.000923176826989005
0.349065850398866,3.14159265358979,1.5707963267949,2.96705972839036,0.0009984370410369204,0.00131151221186471,0.000595380420985792
0.349065850398866,3.14159265358979,0.0174532925199433,3.14159265358979,0.0332689156461983,0.04076952940629515,0.0213393263104306
0.349065850398866,3.14159265358979,0.0349065850398866,3.14159265358979,0.032026458025148655,0.0397486177299552,0.02050727154863225
0.349065850398866,3.14159265358979,0.0523598775598299,3.14159265358979,0.0313001216950224,0.0391444271729053,0.02002946359172445
0.349065850398866,3.14159265358979,0.0698131700797732,3.14159265358979,0.03075617186755815,0.03873424246100725,0.0194726781492224
0.349065850398866,3.14159265358979,0.0872664625997165,3.14159265358979,0.03029979249198035,0.0384834390408332,0.0189942282156097
0.349065850398866,3.14159265358979,0.10471975511966,3.14159265358979,0.0298840921444219,0.0380736556691182,0.0185424955225779
0.349065850398866,3.14159265358979,0.122173047639603,3.14159265358979,0.029494840790933,0.03786011658952405,0.01821412302226955
0.349065850398866,3.14159265358979,0.139626340159546,3.14159265358979,0.02929214722526955,0.0375295931505003,0.0180048305189821
0.349065850398866,3.14159265358979,0.15707963267949,3.14159265358979,0.0291453876263792,0.03725577035241115,0.01766129531581235
0.349065850398866,3.14159265358979,0.174532925199433,3.14159265358979,0.0288762825017938,0.0372916639875617,0.01733211401022195
0.349065850398866,3.14159265358979,0.191986217719376,3.14159265358979,0.0289013103804098,0.037233666821051045,0.0171319944778921
0.349065850398866,3.14159265358979,0.20943951023932,3.14159265358979,0.0290931483121786,0.03715871972650745,0.0170322567881733
0.349065850398866,3.14159265358979,0.226892802759263,3.14159265358979,0.02908427283602805,0.03697659590145035,0.01690802558707195
0.349065850398866,3.14159265358979,0.244346095279206,3.14159265358979,0.02902026769386385,0.0371218977537489,0.01691562901156425
0.349065850398866,3.14159265358979,0.261799387799149,3.14159265358979,0.0288212213240206,0.03721407696385655,0.0167707072505367
0.349065850398866,3.14159265358979,0.279252680319093,3.14159265358979,0.02862147650962225,0.037131991084161806,0.0166673470572622
0.349065850398866,3.14159265358979,0.296705972839036,3.14159265358979,0.0286358130499441,0.03713303639055475,0.0165900386413146
0.349065850398866,3.14159265358979,0.314159265358979,3.14159265358979,0.0285776065690162,0.0371401342551559,0.016470689774464198
0.349065850398866,3.14159265358979,0.331612557878923,3.14159265358979,0.02855625983597035,0.03699411590700215,0.016282434216108248
0.349065850398866,3.14159265358979,0.349065850398866,3.14159265358979,0.02866563440940055,0.03703530650379645,0.01616990730719585
0.349065850398866,3.14159265358979,0.366519142918809,3.14159265358979,0.028577433912826952,0.036997576030594254,0.016096207446280902
0.349065850398866,3.14159265358979,0.383972435438752,3.14159265358979,0.0284631845153466,0.03699457565988225,0.016093641890578353
0.349065850398866,3.14159265358979,0.401425727958696,3.14159265358979,0.0282747378072328,0.036786085800145196,0.0160806971750736
0.349065850398866,3.14159265358979,0.418879020478639,3.14159265358979,0.0280596204833104,0.0365918364564531,0.016104564399393798
0.349065850398866,3.14159265358979,0.436332312998582,3.14159265358979,0.0278424337333989,0.036383204026207455,0.0160350779532481
0.349065850398866,3.14159265358979,0.453785605518526,3.14159265358979,0.027714861311629452,0.0361701568019074,0.01589939576298715
0.349065850398866,3.14159265358979,0.471238898038469,3.14159265358979,0.02737268949846155,0.03584240725919895,0.015605328791795551
0.349065850398866,3.14159265358979,0.488692190558412,3.14159265358979,0.02720599761523545,0.035638235267458546,0.0155469205240286
0.349065850398866,3.14159265358979,0.506145483078356,3.14159265358979,0.026932693976366197,0.03526802971262715,0.015645285104860098
0.349065850398866,3.14159265358979,0.523598775598299,3.14159265358979,0.02683816634087695,0.03501521956168095,0.01570706835359185
0.349065850398866,3.14159265358979,0.541052068118242,3.14159265358979,0.026550363286185798,0.03464088097978575,0.0156063116637982
0.349065850398866,3.14159265358979,0.558505360638185,3.14159265358979,0.02643939468039805,0.0345096222683562,0.0154965445345457
0.349065850398866,3.14159265358979,0.575958653158129,3.14159265358979,0.026390423228698202,0.0345009406040416,0.0153401667956157
0.349065850398866,3.14159265358979,0.593411945678072,3.14159265358979,0.02625614604677505,0.034541626307433695,0.01521512556016095
0.349065850398866,3.14159265358979,0.610865238198015,3.14159265358979,0.0259491222530277,0.0345539307235118,0.0153062918526792
0.349065850398866,3.14159265358979,0.628318530717959,3.14159265358979,0.0258046045665185,0.03447835045616155,0.015272208479357001
0.349065850398866,3.14159265358979,0.645771823237902,3.14159265358979,0.0258953595352885,0.0342320562181371,0.015180259415632499
0.349065850398866,3.14159265358979,0.663225115757845,3.14159265358979,0.0259583224381559,0.03409877362068555,0.01524436905415905
0.349065850398866,3.14159265358979,0.680678408277788,3.14159265358979,0.02580966029472135,0.03405496013918105,0.0153246982922462
0.349065850398866,3.14159265358979,0.698131700797732,3.14159265358979,0.025522497051893,0.033831293426221445,0.01516326117089965
0.349065850398866,3.14159265358979,0.715584993317675,3.14159265358979,0.025402133318953753,0.033876245225007554,0.01501251295765945
0.349065850398866,3.14159265358979,0.733038285837618,3.14159265358979,0.02521083597836165,0.0337428966414716,0.015099224014116501
0.349065850398866,3.14159265358979,0.750491578357562,3.14159265358979,0.025085253078828,0.03366404025137505,0.0152222478978352
0.349065850398866,3.14159265358979,0.767944870877505,3.14159265358979,0.02514599794733725,0.033482450886015605,0.01523085300344025
0.349065850398866,3.14159265358979,0.785398163397448,3.14159265358979,0.024981908845492548,0.033314422201814,0.0152162379665227
0.349065850398866,3.14159265358979,0.802851455917391,3.14159265358979,0.02493370386222695,0.033337483596116796,0.01514257287440355
0.349065850398866,3.14159265358979,0.820304748437335,3.14159265358979,0.0248772388358184,0.03345323183573505,0.0151290470697625
0.349065850398866,3.14159265358979,0.837758040957278,3.14159265358979,0.02470319997948755,0.03336377655867265,0.0150108011836175
0.349065850398866,3.14159265358979,0.855211333477221,3.14159265358979,0.0246396454886672,0.03308309762563845,0.014881736857448001
0.349065850398866,3.14159265358979,0.872664625997165,3.14159265358979,0.02484215461109665,0.0329282600443557,0.014796482681723549
0.349065850398866,3.14159265358979,0.890117918517108,3.14159265358979,0.024787920645509,0.0327275233673848,0.01478868910244635
0.349065850398866,3.14159265358979,0.907571211037051,3.14159265358979,0.024763020132781352,0.0328837329755768,0.014806199323438799
0.349065850398866,3.14159265358979,0.925024503556995,3.14159265358979,0.02488423224460205,0.033138224343219405,0.0146577656335464
0.349065850398866,3.14159265358979,0.942477796076938,3.14159265358979,0.024970880893607203,0.032868720132375254,0.01471903769446425
0.349065850398866,3.14159265358979,0.959931088596881,3.14159265358979,0.0247141723198918,0.032671977766792454,0.014775803724852949
0.349065850398866,3.14159265358979,0.977384381116825,3.14159265358979,0.02463872600881275,0.0329374472748717,0.014788073320404549
0.349065850398866,3.14159265358979,0.994837673636768,3.14159265358979,0.02462449471256455,0.032637863731678554,0.0148317651896921
0.349065850398866,3.14159265358979,1.01229096615671,3.14159265358979,0.0247720617644047,0.032797836311938805,0.0149899300809578
0.349065850398866,3.14159265358979,1.02974425867665,3.14159265358979,0.02436000722600265,0.032682159278632356,0.0150030110225602
0.349065850398866,3.14159265358979,1.0471975511966,3.14159265358979,0.0241738067059152,0.03287487029597745,0.01497947685112405
0.349065850398866,3.14159265358979,1.06465084371654,3.14159265358979,0.02416540681916015,0.032488767820943495,0.014904019592379351
0.349065850398866,3.14159265358979,1.08210413623648,3.14159265358979,0.024216433381877803,0.0325766491163079,0.01489805515398965
0.349065850398866,3.14159265358979,1.09955742875643,3.14159265358979,0.02443561046595905,0.032541264181940296,0.01485468618906865
0.349065850398866,3.14159265358979,1.11701072127637,3.14159265358979,0.0242960890548762,0.03259075983119255,0.0148842046775455
0.349065850398866,3.14159265358979,1.13446401379631,3.14159265358979,0.0242801612570058,0.03222374898884705,0.014835572580618201
0.349065850398866,3.14159265358979,1.15191730631626,3.14159265358979,0.0242204671672622,0.0321020447376925,0.01485173583325635
0.349065850398866,3.14159265358979,1.1693705988362,3.14159265358979,0.024317560855887148,0.0322689042677328,0.01483694800431915
0.349065850398866,3.14159265358979,1.18682389135614,3.14159265358979,0.024033978256069302,0.03197149435506655,0.01490400799159755
0.349065850398866,3.14159265358979,1.20427718387609,3.14159265358979,0.02403714222942295,0.03184140082005435,0.0147639210193776
0.349065850398866,3.14159265358979,1.22173047639603,3.14159265358979,0.0240580637620783,0.03172991001466305,0.014653726469418451
0.349065850398866,3.14159265358979,1.23918376891597,3.14159265358979,0.0240541220007815,0.031588072617009,0.0145671828906605
0.349065850398866,3.14159265358979,1.25663706143592,3.14159265358979,0.023909150061036298,0.031422142268352396,0.0144763229751772
0.349065850398866,3.14159265358979,1.27409035395586,3.14159265358979,0.02374912745004145,0.031273954642798946,0.01439909918477285
0.349065850398866,3.14159265358979,1.2915436464758,3.14159265358979,0.02360112384021955,0.031112776999085698,0.0143380845374129
0.349065850398866,3.14159265358979,1.30899693899575,3.14159265358979,0.02346549052501415,0.03094521042023215,0.014290820254874648
0.349065850398866,3.14159265358979,1.32645023151569,3.14159265358979,0.021901124490013198,0.0288821963922167,0.01333809890454965
0.349065850398866,3.14159265358979,1.34390352403563,3.14159265358979,0.02033675845501225,0.0268191823642012,0.0123853775542247
0.349065850398866,3.14159265358979,1.36135681655558,3.14159265358979,0.018772392420011302,0.024756168336185748,0.011432656203899699
0.349065850398866,3.14159265358979,1.37881010907552,3.14159265358979,0.01720802638501035,0.022693154308170253,0.010479934853574749
0.349065850398866,3.14159265358979,1.39626340159546,3.14159265358979,0.0156436603500094,0.0206301402801548,0.00952721350324975
0.349065850398866,3.14159265358979,1.41371669411541,3.14159265358979,0.014079294315008449,0.018567126252139347,0.008574492152924775
0.349065850398866,3.14159265358979,1.43116998663535,3.14159265358979,0.0125149282800075,0.01650411222412385,0.007621770802599804
0.349065850398866,3.14159265358979,1.44862327915529,3.14159265358979,0.010950562245006651,0.014441098196108351,0.006669049452274825
0.349065850398866,3.14159265358979,1.46607657167524,3.14159265358979,0.009386196210005665,0.0123780841680929,0.005716328101949849
0.349065850398866,3.14159265358979,1.48352986419518,3.14159265358979,0.00782183017500473,0.0103150701400774,0.004763606751624875
0.349065850398866,3.14159265358979,1.50098315671512,3.14159265358979,0.006257464140003785,0.008252056112061926,0.0038108854012999047
0.349065850398866,3.14159265358979,1.51843644923507,3.14159265358979,0.004693098105002826,0.00618904208404645,0.00285816405097493
0.349065850398866,3.14159265358979,1.53588974175501,3.14159265358979,0.00312873207000189,0.004126028056030965,0.00190544270064995
0.349065850398866,3.14159265358979,1.55334303427495,3.14159265358979,0.001564366035000945,0.0020630140280154903,0.0009527213503249725
0.349065850398866,3.14159265358979,1.5707963267949,3.14159265358979,1.0842021724854967e-19,2.45029690981724e-17,6.93889390390723e-18
0.349065850398866,3.14159265358979,0.0174532925199433,3.31612557878923,0.03331250140075305,0.040822156707097254,0.021352008678293448
0.349065850398866,3.14159265358979,0.0349065850398866,3.31612557878923,0.03217765175219975,0.0399229606956025,0.0205543387225714
0.349065850398866,3.14159265358979,0.0523598775598299,3.31612557878923,0.031427491131195896,0.039257930618696604,0.02007428368159315
0.349065850398866,3.14159265358979,0.0698131700797732,3.31612557878923,0.030838977386897448,0.038850010579137104,0.01958084901965235
0.349065850398866,3.14159265358979,0.0872664625997165,3.31612557878923,0.0303898538837273,0.038591058052462004,0.019126064297098448
0.349065850398866,3.14159265358979,0.10471975511966,3.31612557878923,0.03002718341449155,0.0382169257358049,0.01868534710514185
0.349065850398866,3.14159265358979,0.122173047639603,3.31612557878923,0.02965318261220025,0.0379928561141734,0.018359782940497053
0.349065850398866,3.14159265358979,0.139626340159546,3.31612557878923,0.029413882662942398,0.037785628357333706,0.0181073558629549
0.349065850398866,3.14159265358979,0.15707963267949,3.31612557878923,0.0292839317804012,0.037576291769311446,0.0177806834311917
0.349065850398866,3.14159265358979,0.174532925199433,3.31612557878923,0.02932591749391545,0.03738207840106885,0.017548891486315
0.349065850398866,3.14159265358979,0.191986217719376,3.31612557878923,0.0295289504976328,0.03737496717558685,0.01733452692593495
0.349065850398866,3.14159265358979,0.20943951023932,3.31612557878923,0.0297052982274085,0.037432117251349706,0.01721029748788525
0.349065850398866,3.14159265358979,0.226892802759263,3.31612557878923,0.0294821447189924,0.03751323944952935,0.0170480193762272
0.349065850398866,3.14159265358979,0.244346095279206,3.31612557878923,0.029246778383499,0.037629975576834354,0.016940078486720703
0.349065850398866,3.14159265358979,0.261799387799149,3.31612557878923,0.02915792515440365,0.037696200130175495,0.016812265577220452
0.349065850398866,3.14159265358979,0.279252680319093,3.31612557878923,0.0293152817726771,0.037866040262785144,0.016671129577162748
0.349065850398866,3.14159265358979,0.296705972839036,3.31612557878923,0.029470360678671648,0.038167764802940055,0.0165362632052149
0.349065850398866,3.14159265358979,0.314159265358979,3.31612557878923,0.029659348331080998,0.0384885224928181,0.016449112520412097
0.349065850398866,3.14159265358979,0.331612557878923,3.31612557878923,0.02984331318325585,0.0388276981845039,0.01629475675360615
0.349065850398866,3.14159265358979,0.349065850398866,3.31612557878923,0.0298458578566115,0.03902090278035525,0.01620733665123475
0.349065850398866,3.14159265358979,0.366519142918809,3.31612557878923,0.02968245239689955,0.0388856738807869,0.016197596827855147
0.349065850398866,3.14159265358979,0.383972435438752,3.31612557878923,0.0294551974289972,0.03840410690314435,0.016185509799069603
0.349065850398866,3.14159265358979,0.401425727958696,3.31612557878923,0.0291651635457308,0.0378271452866306,0.016189959408137347
0.349065850398866,3.14159265358979,0.418879020478639,3.31612557878923,0.0288177661524828,0.037184668153325204,0.016138745022914798
0.349065850398866,3.14159265358979,0.436332312998582,3.31612557878923,0.028386233445778397,0.0367049971630553,0.0160500134177095
0.349065850398866,3.14159265358979,0.453785605518526,3.31612557878923,0.0279861826745487,0.03637880740821135,0.015926156047163152
0.349065850398866,3.14159265358979,0.471238898038469,3.31612557878923,0.0276681539336052,0.03604122049794155,0.015809644734528353
0.349065850398866,3.14159265358979,0.488692190558412,3.31612557878923,0.02739270264984845,0.0357443244447046,0.0156926044835495
0.349065850398866,3.14159265358979,0.506145483078356,3.31612557878923,0.0271210327657651,0.03542409783926735,0.0155943136864413
0.349065850398866,3.14159265358979,0.523598775598299,3.31612557878923,0.02682672137217745,0.035144535557558046,0.0155491612733815
0.349065850398866,3.14159265358979,0.541052068118242,3.31612557878923,0.02653849893491595,0.035019128761805046,0.015494834584107949
0.349065850398866,3.14159265358979,0.558505360638185,3.31612557878923,0.026411044976159703,0.0349751207130418,0.01550761981614815
0.349065850398866,3.14159265358979,0.575958653158129,3.31612557878923,0.02642061372291855,0.034973071223362254,0.01564866160188875
0.349065850398866,3.14159265358979,0.593411945678072,3.31612557878923,0.02642362647354235,0.0349080743876815,0.01571953042777475
0.349065850398866,3.14159265358979,0.610865238198015,3.31612557878923,0.0263096465310916,0.0346619489169331,0.015647759551163952
0.349065850398866,3.14159265358979,0.628318530717959,3.31612557878923,0.02612640735308885,0.034394966138985655,0.0156404582711171
0.349065850398866,3.14159265358979,0.645771823237902,3.31612557878923,0.02602565248368635,0.03429628774848685,0.0156768255300862
0.349065850398866,3.14159265358979,0.663225115757845,3.31612557878923,0.0260014404668448,0.0343410123093384,0.0156361515716854
0.349065850398866,3.14159265358979,0.680678408277788,3.31612557878923,0.025940218273628052,0.0342966753899028,0.015593768442658602
0.349065850398866,3.14159265358979,0.698131700797732,3.31612557878923,0.0258455850637917,0.03417695609432155,0.015496135156992049
0.349065850398866,3.14159265358979,0.715584993317675,3.31612557878923,0.0257447747090073,0.0340487884109689,0.01544475889421815
0.349065850398866,3.14159265358979,0.733038285837618,3.31612557878923,0.025503146633139302,0.03387987080256335,0.01544383519457875
0.349065850398866,3.14159265358979,0.750491578357562,3.31612557878923,0.0252371735541449,0.0338241620907849,0.0153743359895151
0.349065850398866,3.14159265358979,0.767944870877505,3.31612557878923,0.02514477084542435,0.033875497678929695,0.015319666634019
0.349065850398866,3.14159265358979,0.785398163397448,3.31612557878923,0.0252333624909234,0.03394283001106995,0.01537684143733935
0.349065850398866,3.14159265358979,0.802851455917391,3.31612557878923,0.0253102374093076,0.033868656504168204,0.015485208838598798
0.349065850398866,3.14159265358979,0.820304748437335,3.31612557878923,0.0252574781008881,0.03377555114052445,0.0154393709897012
0.349065850398866,3.14159265358979,0.837758040957278,3.31612557878923,0.025221355808251952,0.03387818436429865,0.01536426580525705
0.349065850398866,3.14159265358979,0.855211333477221,3.31612557878923,0.025161079490119448,0.03384511464275655,0.0153252500588782
0.349065850398866,3.14159265358979,0.872664625997165,3.31612557878923,0.02509426317633075,0.0336089794109,0.015260236021877899
0.349065850398866,3.14159265358979,0.890117918517108,3.31612557878923,0.0249437592717488,0.0334513318354051,0.01517554115069025
0.349065850398866,3.14159265358979,0.907571211037051,3.31612557878923,0.02489211503543795,0.0335288999581132,0.01520519149008215
0.349065850398866,3.14159265358979,0.925024503556995,3.31612557878923,0.02490167380898345,0.033599748382643096,0.015372800731750551
0.349065850398866,3.14159265358979,0.942477796076938,3.31612557878923,0.0248255923191819,0.03343519344624425,0.015414968125250401
0.349065850398866,3.14159265358979,0.959931088596881,3.31612557878923,0.0247127275538965,0.033162095451633095,0.0153160275184089
0.349065850398866,3.14159265358979,0.977384381116825,3.31612557878923,0.024716860047715297,0.0331832569788314,0.0151027512042764
0.349065850398866,3.14159265358979,0.994837673636768,3.31612557878923,0.02481372133484195,0.03330941287361335,0.01511208731699485
0.349065850398866,3.14159265358979,1.01229096615671,3.31612557878923,0.02469437232895045,0.0333156312391201,0.0151306917059597
0.349065850398866,3.14159265358979,1.02974425867665,3.31612557878923,0.024646943136172952,0.03324002498613425,0.0151230791835391
0.349065850398866,3.14159265358979,1.0471975511966,3.31612557878923,0.024398800743069902,0.03309861905499305,0.015145360505865249
0.349065850398866,3.14159265358979,1.06465084371654,3.31612557878923,0.0245079600358631,0.033108472281320744,0.01511763488652805
0.349065850398866,3.14159265358979,1.08210413623648,3.31612557878923,0.024622296152155547,0.03297111146791255,0.01507082839085495
0.349065850398866,3.14159265358979,1.09955742875643,3.31612557878923,0.024555622044923647,0.03266902500564205,0.01508038512973455
0.349065850398866,3.14159265358979,1.11701072127637,3.31612557878923,0.024491491877099,0.032476073106392195,0.015098616672980401
0.349065850398866,3.14159265358979,1.13446401379631,3.31612557878923,0.024417156148045502,0.03236255217947525,0.015120697609845302
0.349065850398866,3.14159265358979,1.15191730631626,3.31612557878923,0.0242364186846512,0.0323942937314623,0.0152716332112601
0.349065850398866,3.14159265358979,1.1693705988362,3.31612557878923,0.0240390940385272,0.0322756031227416,0.015270105140017
0.349065850398866,3.14159265358979,1.18682389135614,3.31612557878923,0.023914269270363102,0.03198215195620965,0.01525042885788915
0.349065850398866,3.14159265358979,1.20427718387609,3.31612557878923,0.023929906326984,0.03199077078472385,0.015137447589515001
0.349065850398866,3.14159265358979,1.22173047639603,3.31612557878923,0.023859577187245,0.031802837934873304,0.01498348721712545
0.349065850398866,3.14159265358979,1.23918376891597,3.31612557878923,0.0237786274429918,0.03152747308008315,0.01488668428112805
0.349065850398866,3.14159265358979,1.25663706143592,3.31612557878923,0.0237925802563487,0.03132194327046545,0.014739410562980549
0.349065850398866,3.14159265358979,1.27409035395586,3.31612557878923,0.0237201261183001,0.0310816174634274,0.014621418071968949
0.349065850398866,3.14159265358979,1.2915436464758,3.31612557878923,0.023627695906141298,0.030901286709077352,0.014509000420879551
0.349065850398866,3.14159265358979,1.30899693899575,3.31612557878923,0.02342000499124,0.03061809481185835,0.0143463211417936
0.349065850398866,3.14159265358979,1.32645023151569,3.31612557878923,0.02203759799907245,0.0288002435134678,0.0135550698382294
0.349065850398866,3.14159265358979,1.34390352403563,3.31612557878923,0.020474790761631702,0.0267472013599801,0.0126258312281433
0.349065850398866,3.14159265358979,1.36135681655558,3.31612557878923,0.01891468340813445,0.02469751070036005,0.011670603119850749
0.349065850398866,3.14159265358979,1.37881010907552,3.31612557878923,0.0173561714752389,0.02265021732918185,0.0106949974189531
0.349065850398866,3.14159265358979,1.39626340159546,3.31612557878923,0.0157974165762005,0.0206037808692848,0.009708712808944765
0.349065850398866,3.14159265358979,1.41371669411541,3.31612557878923,0.01417879060524855,0.01852253956591765,0.00869751817662906
0.349065850398866,3.14159265358979,1.43116998663535,3.31612557878923,0.0125941534188676,0.0164572380679549,0.007749163148166205
0.349065850398866,3.14159265358979,1.44862327915529,3.31612557878923,0.011026291316593,0.01440244977008075,0.006797785201218201
0.349065850398866,3.14159265358979,1.46607657167524,3.31612557878923,0.009458784799260846,0.012348991405865851,0.005832371241816535
0.349065850398866,3.14159265358979,1.48352986419518,3.31612557878923,0.007890688513254744,0.01029604758452135,0.0048577324306283
0.349065850398866,3.14159265358979,1.50098315671512,3.31612557878923,0.0063209237274341155,0.008242698405057983,0.0038794376053947347
0.349065850398866,3.14159265358979,1.51843644923507,3.31612557878923,0.0047290489149993745,0.00617516505698265,0.002902143070098295
0.349065850398866,3.14159265358979,1.53588974175501,3.31612557878923,0.0031475924374902552,0.004112749561359446,0.0019367807453088298
0.349065850398866,3.14159265358979,1.55334303427495,3.31612557878923,0.001573418020631585,0.002055131094496185,0.0009696769397619635
0.349065850398866,3.14159265358979,1.5707963267949,3.31612557878923,0.00101468099597517,0.00132531514164397,0.0006261376192304876
0.349065850398866,3.14159265358979,0.0174532925199433,3.49065850398866,0.03339440181541005,0.0409028240832153,0.02139416151979365
0.349065850398866,3.14159265358979,0.0349065850398866,3.49065850398866,0.03238761925967665,0.040141714644392645,0.0206458540911547
0.349065850398866,3.14159265358979,0.0523598775598299,3.49065850398866,0.03163614798354755,0.03945985423826905,0.020164098728951398
0.349065850398866,3.14159265358979,0.0698131700797732,3.49065850398866,0.031027364859298252,0.0390383192148242,0.019711712614597948
0.349065850398866,3.14159265358979,0.0872664625997165,3.49065850398866,0.03053623267107065,0.03876982547195115,0.0192517597707342
0.349065850398866,3.14159265358979,0.10471975511966,3.49065850398866,0.030203012836500898,0.038477241390647454,0.0188718702618715
0.349065850398866,3.14159265358979,0.122173047639603,3.49065850398866,0.029920302048490298,0.038178768905085494,0.018546053491483652
0.349065850398866,3.14159265358979,0.139626340159546,3.49065850398866,0.0297107943123461,0.03802225459707825,0.01816838265329095
0.349065850398866,3.14159265358979,0.15707963267949,3.49065850398866,0.029660496894613197,0.0378979179303263,0.01779938327672665
0.349065850398866,3.14159265358979,0.174532925199433,3.49065850398866,0.02970364760274835,0.037713352995266056,0.01759733802044365
0.349065850398866,3.14159265358979,0.191986217719376,3.49065850398866,0.02965145887178965,0.0376194015097715,0.017488788087577548
0.349065850398866,3.14159265358979,0.20943951023932,3.49065850398866,0.02967179188955335,0.0377008868316629,0.017445056923258248
0.349065850398866,3.14159265358979,0.226892802759263,3.49065850398866,0.0297037946135077,0.03776765750127125,0.01735631910905055
0.349065850398866,3.14159265358979,0.244346095279206,3.49065850398866,0.02941060689850895,0.0376822696939118,0.017157027645844702
0.349065850398866,3.14159265358979,0.261799387799149,3.49065850398866,0.029275874329852652,0.037784492078401,0.017030413959119
0.349065850398866,3.14159265358979,0.279252680319093,3.49065850398866,0.0295261252452792,0.03802236733580225,0.0169515784958729
0.349065850398866,3.14159265358979,0.296705972839036,3.49065850398866,0.0297353615405168,0.03818946311306695,0.0168612973285578
0.349065850398866,3.14159265358979,0.314159265358979,3.49065850398866,0.02968410000148075,0.038350162908413,0.01681155722070085
0.349065850398866,3.14159265358979,0.331612557878923,3.49065850398866,0.029712432489445398,0.038382216596920704,0.0166845115855756
0.349065850398866,3.14159265358979,0.349065850398866,3.49065850398866,0.02966110667319305,0.03837933744882765,0.01653183288665585
0.349065850398866,3.14159265358979,0.366519142918809,3.49065850398866,0.02954280456329445,0.038143515894895855,0.01637609708337295
0.349065850398866,3.14159265358979,0.383972435438752,3.49065850398866,0.0292534926675781,0.03784740998881975,0.0163094198064928
0.349065850398866,3.14159265358979,0.401425727958696,3.49065850398866,0.02887515414626585,0.03749535836802615,0.01633857842466975
0.349065850398866,3.14159265358979,0.418879020478639,3.49065850398866,0.02858802415132435,0.03719562588037276,0.0163580383991709
0.349065850398866,3.14159265358979,0.436332312998582,3.49065850398866,0.0283881728404057,0.03694496671613605,0.016350259353119498
0.349065850398866,3.14159265358979,0.453785605518526,3.49065850398866,0.028147599691247,0.03671034857739605,0.01628189437622335
0.349065850398866,3.14159265358979,0.471238898038469,3.49065850398866,0.0278669985842663,0.03641618357380795,0.01611429028457945
0.349065850398866,3.14159265358979,0.488692190558412,3.49065850398866,0.0274838214858971,0.03606179175452355,0.01603894808930275
0.349065850398866,3.14159265358979,0.506145483078356,3.49065850398866,0.0271864267903969,0.035760449640498904,0.016063221551319548
0.349065850398866,3.14159265358979,0.523598775598299,3.49065850398866,0.0270476213916438,0.035600197557364155,0.0160315202641793
0.349065850398866,3.14159265358979,0.541052068118242,3.49065850398866,0.026867166850103798,0.0354602308362371,0.0159238857027967
0.349065850398866,3.14159265358979,0.558505360638185,3.49065850398866,0.026536210004644352,0.03513342290756595,0.0158497228940618
0.349065850398866,3.14159265358979,0.575958653158129,3.49065850398866,0.0263913734385465,0.0350437755154384,0.015795181496203
0.349065850398866,3.14159265358979,0.593411945678072,3.49065850398866,0.026289512603788798,0.03506492086655825,0.01575219224709365
0.349065850398866,3.14159265358979,0.610865238198015,3.49065850398866,0.0261919745838647,0.03500836119111635,0.01568898136611965
0.349065850398866,3.14159265358979,0.628318530717959,3.49065850398866,0.0261869800770291,0.03481091008193365,0.0156971197002702
0.349065850398866,3.14159265358979,0.645771823237902,3.49065850398866,0.026026680358271152,0.03481024858396135,0.01570296678928335
0.349065850398866,3.14159265358979,0.663225115757845,3.49065850398866,0.02585082028404365,0.03477063212341965,0.0156673780250595
0.349065850398866,3.14159265358979,0.680678408277788,3.49065850398866,0.025760833733559148,0.03462278765416215,0.01561880446487735
0.349065850398866,3.14159265358979,0.698131700797732,3.49065850398866,0.025656954988872,0.034416813916359756,0.015548102853339102
0.349065850398866,3.14159265358979,0.715584993317675,3.49065850398866,0.0254460624012791,0.03423047822877045,0.0154611276060888
0.349065850398866,3.14159265358979,0.733038285837618,3.49065850398866,0.02527713750721285,0.0342161439719334,0.015385638249517601
0.349065850398866,3.14159265358979,0.750491578357562,3.49065850398866,0.02508933504311355,0.0342206469653861,0.0154344387730502
0.349065850398866,3.14159265358979,0.767944870877505,3.49065850398866,0.02487597818143605,0.034081562906263005,0.01548114972188475
0.349065850398866,3.14159265358979,0.785398163397448,3.49065850398866,0.02481705732650005,0.0339274010271573,0.015456390458497199
0.349065850398866,3.14159265358979,0.802851455917391,3.49065850398866,0.0248730322145277,0.03368007767461515,0.01542795942683875
0.349065850398866,3.14159265358979,0.820304748437335,3.49065850398866,0.0249018086123782,0.03364142880252885,0.01539391519451435
0.349065850398866,3.14159265358979,0.837758040957278,3.49065850398866,0.025031676477429647,0.0337046742697441,0.015341947920084798
0.349065850398866,3.14159265358979,0.855211333477221,3.49065850398866,0.0251447644437275,0.0337935937584946,0.01538497761930745
0.349065850398866,3.14159265358979,0.872664625997165,3.49065850398866,0.02517934882590955,0.033754888802452296,0.015380238573327099
0.349065850398866,3.14159265358979,0.890117918517108,3.49065850398866,0.02492806328703455,0.033858955225854,0.01535514472521505
0.349065850398866,3.14159265358979,0.907571211037051,3.49065850398866,0.0249075140691674,0.033649520712061495,0.015183061374362102
0.349065850398866,3.14159265358979,0.925024503556995,3.49065850398866,0.02482582127789295,0.03331749803510245,0.014992372181614349
0.349065850398866,3.14159265358979,0.942477796076938,3.49065850398866,0.02485136881821405,0.033173548432666095,0.01481349862360725
0.349065850398866,3.14159265358979,0.959931088596881,3.49065850398866,0.02490061296563325,0.03304830472975295,0.0147556076654732
0.349065850398866,3.14159265358979,0.977384381116825,3.49065850398866,0.0249767204995804,0.03304213789747035,0.0146749034464689
0.349065850398866,3.14159265358979,0.994837673636768,3.49065850398866,0.0250518013422584,0.03321607978581405,0.014735650184179199
0.349065850398866,3.14159265358979,1.01229096615671,3.49065850398866,0.02500546481639885,0.03331042299745805,0.014802690083699499
0.349065850398866,3.14159265358979,1.02974425867665,3.49065850398866,0.02490515822319595,0.033168724553836196,0.0147948638023856
0.349065850398866,3.14159265358979,1.0471975511966,3.49065850398866,0.02482687559329605,0.0330293816009474,0.0147828203994006
0.349065850398866,3.14159265358979,1.06465084371654,3.49065850398866,0.024835465385608803,0.0330126400652105,0.01467054401762515
0.349065850398866,3.14159265358979,1.08210413623648,3.49065850398866,0.02479254894150405,0.0328825299148936,0.014612650865350001
0.349065850398866,3.14159265358979,1.09955742875643,3.49065850398866,0.02446830495958545,0.03276386746224365,0.01459644247963515
0.349065850398866,3.14159265358979,1.11701072127637,3.49065850398866,0.0242001541215596,0.0326923547769735,0.01464472938515725
0.349065850398866,3.14159265358979,1.13446401379631,3.49065850398866,0.02410019393729705,0.032825549577612856,0.0146680310309639
0.349065850398866,3.14159265358979,1.15191730631626,3.49065850398866,0.02389890146191235,0.03264653428938545,0.0146296393688795
0.349065850398866,3.14159265358979,1.1693705988362,3.49065850398866,0.0238434065325459,0.0326507736516653,0.0147916078730458
0.349065850398866,3.14159265358979,1.18682389135614,3.49065850398866,0.0238000201330439,0.032363570409491546,0.014802696388094401
0.349065850398866,3.14159265358979,1.20427718387609,3.49065850398866,0.0237580340337336,0.032115734578583646,0.0147550737341349
0.349065850398866,3.14159265358979,1.22173047639603,3.49065850398866,0.02361248611498175,0.03201574180923755,0.0148054278041756
0.349065850398866,3.14159265358979,1.23918376891597,3.49065850398866,0.0235736223455267,0.03186820038560515,0.0148264259240547
0.349065850398866,3.14159265358979,1.25663706143592,3.49065850398866,0.02350311920940895,0.031699662929585995,0.014786852056964249
0.349065850398866,3.14159265358979,1.27409035395586,3.49065850398866,0.02338043372901575,0.03167475776184565,0.01468566496126175
0.349065850398866,3.14159265358979,1.2915436464758,3.49065850398866,0.02348893270762225,0.03161654266924805,0.0146573777159305
0.349065850398866,3.14159265358979,1.30899693899575,3.49065850398866,0.02308327765099385,0.031049101463251752,0.0144324711171579
0.349065850398866,3.14159265358979,1.32645023151569,3.49065850398866,0.0218709277127087,0.029456555796130553,0.01368922394575615
0.349065850398866,3.14159265358979,1.34390352403563,3.49065850398866,0.0202682362824217,0.027268699818705798,0.0127176417249
0.349065850398866,3.14159265358979,1.36135681655558,3.49065850398866,0.0187120207177795,0.025149466686437298,0.011738385204006649
0.349065850398866,3.14159265358979,1.37881010907552,3.49065850398866,0.017181039920428798,0.0231395131193465,0.010756355926013251
0.349065850398866,3.14159265358979,1.39626340159546,3.49065850398866,0.0155933956391905,0.0209815657343386,0.00978199368032064
0.349065850398866,3.14159265358979,1.41371669411541,3.49065850398866,0.0140622711597182,0.0189368285977132,0.00879836772118564
0.349065850398866,3.14159265358979,1.43116998663535,3.49065850398866,0.012493443190577599,0.01682482665421075,0.007823040470652794
0.349065850398866,3.14159265358979,1.44862327915529,3.49065850398866,0.0109101123484855,0.0146760573493458,0.00684802743617868
0.349065850398866,3.14159265358979,1.46607657167524,3.49065850398866,0.00936816401492422,0.0126155873596054,0.005866525956805009
0.349065850398866,3.14159265358979,1.48352986419518,3.49065850398866,0.007807002585086325,0.0105128037700533,0.00488934804607381
0.349065850398866,3.14159265358979,1.50098315671512,3.49065850398866,0.006232792908022375,0.008383743371340149,0.003912659409791035
0.349065850398866,3.14159265358979,1.51843644923507,3.49065850398866,0.004678845540168185,0.006297101791821365,0.00293360516247595
0.349065850398866,3.14159265358979,1.53588974175501,3.49065850398866,0.0031218878516258352,0.00420367311624801,0.001955384892276455
0.349065850398866,3.14159265358979,1.55334303427495,3.49065850398866,0.001558013524324455,0.0020968699100788503,0.0009768725220181212
0.349065850398866,3.14159265358979,1.5707963267949,3.49065850398866,0.000988726781409562,0.001331707622504785,0.0006189170925727555
0.349065850398866,3.14159265358979,0.0174532925199433,3.66519142918809,0.033511729610705046,0.041009653060144244,0.021465461954174002
0.349065850398866,3.14159265358979,0.0349065850398866,3.66519142918809,0.03263930930444745,0.040387388741342345,0.0207749172456276
0.349065850398866,3.14159265358979,0.0523598775598299,3.66519142918809,0.0318563772455376,0.03973718311839365,0.02028298698554255
0.349065850398866,3.14159265358979,0.0698131700797732,3.66519142918809,0.03129338870637565,0.03929377425275345,0.01988358712710815
0.349065850398866,3.14159265358979,0.0872664625997165,3.66519142918809,0.0307446366841943,0.038939104783792505,0.0193804577897022
0.349065850398866,3.14159265358979,0.10471975511966,3.66519142918809,0.03034336943689645,0.03873570621013825,0.0189781279021323
0.349065850398866,3.14159265358979,0.122173047639603,3.66519142918809,0.03012127080296355,0.0384329799723932,0.01868736966446015
0.349065850398866,3.14159265358979,0.139626340159546,3.66519142918809,0.0300474645870292,0.038176888978179946,0.018288321747257
0.349065850398866,3.14159265358979,0.15707963267949,3.66519142918809,0.029864804885377648,0.038026078005326855,0.01795068299659635
0.349065850398866,3.14159265358979,0.174532925199433,3.66519142918809,0.0298011369757853,0.0379483954005031,0.01776044430833485
0.349065850398866,3.14159265358979,0.191986217719376,3.66519142918809,0.02956019024078155,0.03781275476914825,0.01759695832244525
0.349065850398866,3.14159265358979,0.20943951023932,3.66519142918809,0.02946437305574735,0.0376918159727105,0.017450701148120397
0.349065850398866,3.14159265358979,0.226892802759263,3.66519142918809,0.0293192321735799,0.03749126047259175,0.01733071061378355
0.349065850398866,3.14159265358979,0.244346095279206,3.66519142918809,0.02920407293462665,0.0373672746883641,0.0171721139260652
0.349065850398866,3.14159265358979,0.261799387799149,3.66519142918809,0.02911438322829795,0.0374289115756964,0.017104239788541552
0.349065850398866,3.14159265358979,0.279252680319093,3.66519142918809,0.029064968272413352,0.037318985771048155,0.0170347432425905
0.349065850398866,3.14159265358979,0.296705972839036,3.66519142918809,0.0290398845487138,0.0372687530917909,0.01698093435841455
0.349065850398866,3.14159265358979,0.314159265358979,3.66519142918809,0.02906943725377245,0.03721488663264655,0.016932464079883802
0.349065850398866,3.14159265358979,0.331612557878923,3.66519142918809,0.02901817954797785,0.03725742065534625,0.0169326668301174
0.349065850398866,3.14159265358979,0.349065850398866,3.66519142918809,0.028868556482779348,0.037272580154844054,0.01694263913884765
0.349065850398866,3.14159265358979,0.366519142918809,3.66519142918809,0.028672836505092447,0.0372165506560853,0.016806715691371002
0.349065850398866,3.14159265358979,0.383972435438752,3.66519142918809,0.0284605587076935,0.0370972518082756,0.01667570144132285
0.349065850398866,3.14159265358979,0.401425727958696,3.66519142918809,0.02817997126890335,0.0369935151760013,0.01652670008041365
0.349065850398866,3.14159265358979,0.418879020478639,3.66519142918809,0.028019857035974947,0.036928788510723246,0.016395372618726353
0.349065850398866,3.14159265358979,0.436332312998582,3.66519142918809,0.0278928643542563,0.03671137654663685,0.01636018545005795
0.349065850398866,3.14159265358979,0.453785605518526,3.66519142918809,0.02773594631535425,0.036438517755487745,0.01632706134995475
0.349065850398866,3.14159265358979,0.471238898038469,3.66519142918809,0.0275828085638151,0.036169388778158854,0.016277491963571
0.349065850398866,3.14159265358979,0.488692190558412,3.66519142918809,0.02734713671181015,0.036051126043527754,0.01621751545574695
0.349065850398866,3.14159265358979,0.506145483078356,3.66519142918809,0.0271279641677556,0.035902327804535894,0.01621553821878415
0.349065850398866,3.14159265358979,0.523598775598299,3.66519142918809,0.0268323629181091,0.035502989789616246,0.0161129449167638
0.349065850398866,3.14159265358979,0.541052068118242,3.66519142918809,0.02669453001821335,0.0354162201263795,0.01597653341089815
0.349065850398866,3.14159265358979,0.558505360638185,3.66519142918809,0.02662186190623475,0.0352506723257942,0.0159094866554319
0.349065850398866,3.14159265358979,0.575958653158129,3.66519142918809,0.02637897649164635,0.0351952484027562,0.015863619318248902
0.349065850398866,3.14159265358979,0.593411945678072,3.66519142918809,0.026151294459520302,0.0351427993314295,0.01574845908945455
0.349065850398866,3.14159265358979,0.610865238198015,3.66519142918809,0.02615237894276495,0.03491664088430565,0.01559673749207275
0.349065850398866,3.14159265358979,0.628318530717959,3.66519142918809,0.026195222727660998,0.0347719916032526,0.015488758625811849
0.349065850398866,3.14159265358979,0.645771823237902,3.66519142918809,0.0260624254517994,0.03465128505216245,0.01555664554693165
0.349065850398866,3.14159265358979,0.663225115757845,3.66519142918809,0.025899814069066947,0.03464013474082975,0.0155947157780882
0.349065850398866,3.14159265358979,0.680678408277788,3.66519142918809,0.02584811229913345,0.034665361669976594,0.01561548527000445
0.349065850398866,3.14159265358979,0.698131700797732,3.66519142918809,0.0257312343522672,0.03460899457511435,0.0155657010764616
0.349065850398866,3.14159265358979,0.715584993317675,3.66519142918809,0.025753164255490152,0.0344934897376239,0.01548764182022625
0.349065850398866,3.14159265358979,0.733038285837618,3.66519142918809,0.025789666700430453,0.034367958206428545,0.01552211374337925
0.349065850398866,3.14159265358979,0.750491578357562,3.66519142918809,0.025608271316018498,0.0343161145973824,0.01551171249162305
0.349065850398866,3.14159265358979,0.767944870877505,3.66519142918809,0.025443771509795952,0.03413512207617875,0.0154525345776593
0.349065850398866,3.14159265358979,0.785398163397448,3.66519142918809,0.02543362898387555,0.0340567222703901,0.01538885336447745
0.349065850398866,3.14159265358979,0.802851455917391,3.66519142918809,0.025447006122307547,0.03395926854415775,0.01541487456013435
0.349065850398866,3.14159265358979,0.820304748437335,3.66519142918809,0.0253862931790685,0.0339821859794559,0.0153046903523165
0.349065850398866,3.14159265358979,0.837758040957278,3.66519142918809,0.02524589474966785,0.0339292353752666,0.015184490414397449
0.349065850398866,3.14159265358979,0.855211333477221,3.66519142918809,0.025057213231482148,0.0337803483639479,0.015055964871467199
0.349065850398866,3.14159265358979,0.872664625997165,3.66519142918809,0.02494990512277065,0.03364852971176035,0.01489526614726705
0.349065850398866,3.14159265358979,0.890117918517108,3.66519142918809,0.02493303393335835,0.0336122700743132,0.014799707317389
0.349065850398866,3.14159265358979,0.907571211037051,3.66519142918809,0.02500699955382995,0.0332590354941468,0.01474686967212965
0.349065850398866,3.14159265358979,0.925024503556995,3.66519142918809,0.025220350758220197,0.0336140147628463,0.01488281339452455
0.349065850398866,3.14159265358979,0.942477796076938,3.66519142918809,0.02492198076297915,0.0338757725461826,0.01493824501334055
0.349065850398866,3.14159265358979,0.959931088596881,3.66519142918809,0.02483942784006605,0.033847421897060304,0.0150287387384983
0.349065850398866,3.14159265358979,0.977384381116825,3.66519142918809,0.02471755037047335,0.0336616875897212,0.015049339253377099
0.349065850398866,3.14159265358979,0.994837673636768,3.66519142918809,0.0247084682097079,0.03338454512527915,0.0150355278035479
0.349065850398866,3.14159265358979,1.01229096615671,3.66519142918809,0.024702049427750047,0.03330903482068315,0.01502402150511515
0.349065850398866,3.14159265358979,1.02974425867665,3.66519142918809,0.024755313019633247,0.0332435032004861,0.01502747298099885
0.349065850398866,3.14159265358979,1.0471975511966,3.66519142918809,0.0246072187172434,0.0333467330250257,0.015113780830695651
0.349065850398866,3.14159265358979,1.06465084371654,3.66519142918809,0.0244410689751389,0.0331346782981293,0.015014985055696949
0.349065850398866,3.14159265358979,1.08210413623648,3.66519142918809,0.02454761821205185,0.0330672573320398,0.015053378989392099
0.349065850398866,3.14159265358979,1.09955742875643,3.66519142918809,0.02473596916738485,0.03317436116381765,0.01498032089867035
0.349065850398866,3.14159265358979,1.11701072127637,3.66519142918809,0.024838450397979203,0.03330583993359315,0.015025268382227501
0.349065850398866,3.14159265358979,1.13446401379631,3.66519142918809,0.0247314415001733,0.033330155141493,0.01497222484009625
0.349065850398866,3.14159265358979,1.15191730631626,3.66519142918809,0.02469271946999165,0.03340573972202235,0.0149358636563265
0.349065850398866,3.14159265358979,1.1693705988362,3.66519142918809,0.0245686728845703,0.0332628787289715,0.01470870112006335
0.349065850398866,3.14159265358979,1.18682389135614,3.66519142918809,0.02442985469814975,0.03308554378016635,0.01474272400366455
0.349065850398866,3.14159265358979,1.20427718387609,3.66519142918809,0.024385170470769,0.03298669677763775,0.01474561951152015
0.349065850398866,3.14159265358979,1.22173047639603,3.66519142918809,0.02430593334193585,0.03266959633740085,0.01471553155426365
0.349065850398866,3.14159265358979,1.23918376891597,3.66519142918809,0.024210240224797397,0.03247747561353425,0.014701782560589901
0.349065850398866,3.14159265358979,1.25663706143592,3.66519142918809,0.024355477644366852,0.0323829042511422,0.01476463828219635
0.349065850398866,3.14159265358979,1.27409035395586,3.66519142918809,0.0241488401525127,0.0322471479668791,0.0147599692223338
0.349065850398866,3.14159265358979,1.2915436464758,3.66519142918809,0.024281643052131652,0.032161826411301206,0.014837517333250401
0.349065850398866,3.14159265358979,1.30899693899575,3.66519142918809,0.02351598392709775,0.031818590737997796,0.01460388481897575
0.349065850398866,3.14159265358979,1.32645023151569,3.66519142918809,0.02213663653080175,0.0298908337222625,0.01371769361132885
0.349065850398866,3.14159265358979,1.34390352403563,3.66519142918809,0.020643489268277,0.027737672025854948,0.0127516942927865
0.349065850398866,3.14159265358979,1.36135681655558,3.66519142918809,0.0190397698028733,0.0256105985993456,0.011773781966724201
0.349065850398866,3.14159265358979,1.37881010907552,3.66519142918809,0.01750584800790325,0.023472737473016002,0.01080670264883005
0.349065850398866,3.14159265358979,1.39626340159546,3.66519142918809,0.01583556710245605,0.021350823207695248,0.009803933788155266
0.349065850398866,3.14159265358979,1.41371669411541,3.66519142918809,0.0142640913595047,0.01922215633698825,0.00882915792923139
0.349065850398866,3.14159265358979,1.43116998663535,3.66519142918809,0.0126508051213811,0.017080355787961347,0.00783907212659664
0.349065850398866,3.14159265358979,1.44862327915529,3.66519142918809,0.0111056957450958,0.014940072652430199,0.006865715918819895
0.349065850398866,3.14159265358979,1.46607657167524,3.66519142918809,0.00953560527915583,0.01279744311588965,0.0058907451679259
0.349065850398866,3.14159265358979,1.48352986419518,3.66519142918809,0.00795510042643469,0.01066051575777575,0.004907082405942936
0.349065850398866,3.14159265358979,1.50098315671512,3.66519142918809,0.00634095203046073,0.008538156709632636,0.0039230726981199955
0.349065850398866,3.14159265358979,1.51843644923507,3.66519142918809,0.00475237880183924,0.00640708187250179,0.002943298719963205
0.349065850398866,3.14159265358979,1.53588974175501,3.66519142918809,0.003164075597906995,0.00427040523766057,0.0019599448932763053
0.349065850398866,3.14159265358979,1.55334303427495,3.66519142918809,0.0015846671521808102,0.00213203031369369,0.000980070361663263
0.349065850398866,3.14159265358979,1.5707963267949,3.66519142918809,0.0008877391430963816,0.0011982938754652949,0.00054900223093078
0.349065850398866,3.14159265358979,0.0174532925199433,3.83972435438753,0.0336606238579554,0.04113982266523455,0.0215644545421574
0.349065850398866,3.14159265358979,0.0349065850398866,3.83972435438753,0.0328375570329686,0.040589309439895846,0.02090739056846845
0.349065850398866,3.14159265358979,0.0523598775598299,3.83972435438753,0.03210790830706845,0.0400553484331162,0.0204162260527709
0.349065850398866,3.14159265358979,0.0698131700797732,3.83972435438753,0.0315243018367487,0.039514509678192644,0.020091775364639602
0.349065850398866,3.14159265358979,0.0872664625997165,3.83972435438753,0.03103083595313795,0.03911841315240425,0.01956730442575665
0.349065850398866,3.14159265358979,0.10471975511966,3.83972435438753,0.03073500265835005,0.0389188592198813,0.019217825670731402
0.349065850398866,3.14159265358979,0.122173047639603,3.83972435438753,0.0304446629656275,0.0386555877569564,0.018880434968842147
0.349065850398866,3.14159265358979,0.139626340159546,3.83972435438753,0.03012992643654555,0.03832323165184835,0.0184778854987784
0.349065850398866,3.14159265358979,0.15707963267949,3.83972435438753,0.0298002045743491,0.0379934751703103,0.0181897514855395
0.349065850398866,3.14159265358979,0.174532925199433,3.83972435438753,0.0294750261743111,0.037787950711847346,0.0179624828121959
0.349065850398866,3.14159265358979,0.191986217719376,3.83972435438753,0.029159186283210452,0.0376024715107522,0.017777804209094798
0.349065850398866,3.14159265358979,0.20943951023932,3.83972435438753,0.02897353625718145,0.0374306277602698,0.017591239319037902
0.349065850398866,3.14159265358979,0.226892802759263,3.83972435438753,0.0288673189357892,0.0372181533173158,0.01740763845989705
0.349065850398866,3.14159265358979,0.244346095279206,3.83972435438753,0.02875404240714435,0.0370845583829625,0.0173081517949459
0.349065850398866,3.14159265358979,0.261799387799149,3.83972435438753,0.02857183224775965,0.036986011909720895,0.01724221179229945
0.349065850398866,3.14159265358979,0.279252680319093,3.83972435438753,0.028383983682304402,0.03691728256997735,0.0170991182038297
0.349065850398866,3.14159265358979,0.296705972839036,3.83972435438753,0.028269409622759048,0.03699359206073025,0.016875944887292847
0.349065850398866,3.14159265358979,0.314159265358979,3.83972435438753,0.028116009077156952,0.03694197557320585,0.01675267964222435
0.349065850398866,3.14159265358979,0.331612557878923,3.83972435438753,0.028018353262446248,0.03686654355127185,0.016683462087617548
0.349065850398866,3.14159265358979,0.349065850398866,3.83972435438753,0.02797267369652575,0.0368774376019919,0.016705863328783002
0.349065850398866,3.14159265358979,0.366519142918809,3.83972435438753,0.028014062585511597,0.036808566199912005,0.0167202891814988
0.349065850398866,3.14159265358979,0.383972435438752,3.83972435438753,0.027911651282986248,0.0365468274990255,0.0166732473623268
0.349065850398866,3.14159265358979,0.401425727958696,3.83972435438753,0.0277983524128231,0.0364432457824772,0.0165549075561505
0.349065850398866,3.14159265358979,0.418879020478639,3.83972435438753,0.027752920682395453,0.0362236266502088,0.0164747305652903
0.349065850398866,3.14159265358979,0.436332312998582,3.83972435438753,0.02772772015461155,0.03599693506103225,0.016377667704794402
0.349065850398866,3.14159265358979,0.453785605518526,3.83972435438753,0.02754524941159285,0.03594341767834125,0.016307878809654
0.349065850398866,3.14159265358979,0.471238898038469,3.83972435438753,0.02730472236591195,0.03586064330813625,0.016281091605677298
0.349065850398866,3.14159265358979,0.488692190558412,3.83972435438753,0.0271854985948662,0.0357284478349092,0.01629826873353145
0.349065850398866,3.14159265358979,0.506145483078356,3.83972435438753,0.0270606158351678,0.0357041519144689,0.0163486488080873
0.349065850398866,3.14159265358979,0.523598775598299,3.83972435438753,0.026891469900009998,0.03570398623829405,0.016281714066631002
0.349065850398866,3.14159265358979,0.541052068118242,3.83972435438753,0.0267776032529526,0.03573605416868625,0.016240133903514052
0.349065850398866,3.14159265358979,0.558505360638185,3.83972435438753,0.0266560711259409,0.03562202628227795,0.0162000465508676
0.349065850398866,3.14159265358979,0.575958653158129,3.83972435438753,0.0266110978617166,0.0354303741386139,0.01617990571327695
0.349065850398866,3.14159265358979,0.593411945678072,3.83972435438753,0.02662466569451365,0.03533649219987845,0.0161343904732006
0.349065850398866,3.14159265358979,0.610865238198015,3.83972435438753,0.0264975361188744,0.035464412677255,0.01610321941266555
0.349065850398866,3.14159265358979,0.628318530717959,3.83972435438753,0.0263427436684572,0.0352913930670125,0.01604134457009075
0.349065850398866,3.14159265358979,0.645771823237902,3.83972435438753,0.02609716457647435,0.03505030326848705,0.0158759478048164
0.349065850398866,3.14159265358979,0.663225115757845,3.83972435438753,0.026140271932137547,0.034967477602564495,0.0157993350829202
0.349065850398866,3.14159265358979,0.680678408277788,3.83972435438753,0.02624579202649565,0.035056865477894245,0.0157586012818896
0.349065850398866,3.14159265358979,0.698131700797732,3.83972435438753,0.0260294694520401,0.0350193703148072,0.01565411939658
0.349065850398866,3.14159265358979,0.715584993317675,3.83972435438753,0.0258518596447311,0.03477244141816615,0.01564031014037925
0.349065850398866,3.14159265358979,0.733038285837618,3.83972435438753,0.02578870834433165,0.0345181712779535,0.0157097799921607
0.349065850398866,3.14159265358979,0.750491578357562,3.83972435438753,0.0255893087343051,0.0345330404339816,0.015625722033549352
0.349065850398866,3.14159265358979,0.767944870877505,3.83972435438753,0.025494265191515,0.03443010191309655,0.01561255897590345
0.349065850398866,3.14159265358979,0.785398163397448,3.83972435438753,0.0255305153779637,0.03426364586921035,0.015487551300689899
0.349065850398866,3.14159265358979,0.802851455917391,3.83972435438753,0.0255940134274371,0.0342557556107119,0.0154526215222919
0.349065850398866,3.14159265358979,0.820304748437335,3.83972435438753,0.0256202403156519,0.03421302525347125,0.01537730435677705
0.349065850398866,3.14159265358979,0.837758040957278,3.83972435438753,0.025449851603661,0.034152782845725246,0.01524382688515305
0.349065850398866,3.14159265358979,0.855211333477221,3.83972435438753,0.0253066477496846,0.03397039702446855,0.015183371522747652
0.349065850398866,3.14159265358979,0.872664625997165,3.83972435438753,0.0251326850829602,0.033863269560645254,0.01516459417842735
0.349065850398866,3.14159265358979,0.890117918517108,3.83972435438753,0.025006511627748147,0.033787569467710304,0.01514370238543095
0.349065850398866,3.14159265358979,0.907571211037051,3.83972435438753,0.025066197589861748,0.033652830561626046,0.015228052742620748
0.349065850398866,3.14159265358979,0.925024503556995,3.83972435438753,0.0250350272374173,0.0335562531154171,0.0151319066759197
0.349065850398866,3.14159265358979,0.942477796076938,3.83972435438753,0.02486096147719885,0.03359824703735145,0.01503838948605745
0.349065850398866,3.14159265358979,0.959931088596881,3.83972435438753,0.0246657188284251,0.03350263231526995,0.01498283428600735
0.349065850398866,3.14159265358979,0.977384381116825,3.83972435438753,0.02496376646299045,0.0336291384352693,0.01499773273052875
0.349065850398866,3.14159265358979,0.994837673636768,3.83972435438753,0.0249166215244753,0.0335151454213845,0.0148628934178218
0.349065850398866,3.14159265358979,1.01229096615671,3.83972435438753,0.024724067957934297,0.033356412544058356,0.01485355449420725
0.349065850398866,3.14159265358979,1.02974425867665,3.83972435438753,0.0246905001818204,0.0330697881396025,0.014940332623194351
0.349065850398866,3.14159265358979,1.0471975511966,3.83972435438753,0.02494811696388285,0.03328210573441405,0.0149715871748543
0.349065850398866,3.14159265358979,1.06465084371654,3.83972435438753,0.0250213776873911,0.0333823987190187,0.01494469219847535
0.349065850398866,3.14159265358979,1.08210413623648,3.83972435438753,0.02483178207636495,0.0333415796099759,0.014977646837600951
0.349065850398866,3.14159265358979,1.09955742875643,3.83972435438753,0.02459366884148275,0.0332739574628083,0.0149522603522707
0.349065850398866,3.14159265358979,1.11701072127637,3.83972435438753,0.024499419967981,0.03341855977766525,0.01499795127018535
0.349065850398866,3.14159265358979,1.13446401379631,3.83972435438753,0.02453981866174015,0.03315016691590595,0.014963480763703199
0.349065850398866,3.14159265358979,1.15191730631626,3.83972435438753,0.0244849105363699,0.032924143403264605,0.01492321692446925
0.349065850398866,3.14159265358979,1.1693705988362,3.83972435438753,0.02447326101683345,0.0327421685352493,0.0148918680135733
0.349065850398866,3.14159265358979,1.18682389135614,3.83972435438753,0.0244877288835443,0.032638664186826455,0.0148881951134113
0.349065850398866,3.14159265358979,1.20427718387609,3.83972435438753,0.0244627741995765,0.03251331507675405,0.01486819573341365
0.349065850398866,3.14159265358979,1.22173047639603,3.83972435438753,0.02429976675347105,0.03236616814486485,0.0148464584566171
0.349065850398866,3.14159265358979,1.23918376891597,3.83972435438753,0.024325189972358698,0.032293289888355295,0.01475892322599705
0.349065850398866,3.14159265358979,1.25663706143592,3.83972435438753,0.0241314994092841,0.032207115681899254,0.01474551118439825
0.349065850398866,3.14159265358979,1.27409035395586,3.83972435438753,0.024176563381120703,0.03224456805052965,0.01475576339831015
0.349065850398866,3.14159265358979,1.2915436464758,3.83972435438753,0.02408232541629165,0.03190538831832,0.01470953107198365
0.349065850398866,3.14159265358979,1.30899693899575,3.83972435438753,0.023799348566776853,0.031552938258237906,0.01454469268065525
0.349065850398866,3.14159265358979,1.32645023151569,3.83972435438753,0.0225686263288489,0.029898772234884602,0.0137790648012712
0.349065850398866,3.14159265358979,1.34390352403563,3.83972435438753,0.0209434740346734,0.0277815579042179,0.0127926915246743
0.349065850398866,3.14159265358979,1.36135681655558,3.83972435438753,0.0194021997968813,0.02561688785230545,0.0118384544534286
0.349065850398866,3.14159265358979,1.37881010907552,3.83972435438753,0.01773933296828405,0.023463627278617,0.01082515538860955
0.349065850398866,3.14159265358979,1.39626340159546,3.83972435438753,0.01613985981066475,0.021351095263958203,0.009849777652014044
0.349065850398866,3.14159265358979,1.41371669411541,3.83972435438753,0.014556128148829051,0.0192236969075319,0.008878918731756131
0.349065850398866,3.14159265358979,1.43116998663535,3.83972435438753,0.01290229054878135,0.0170826657124436,0.007875965529505119
0.349065850398866,3.14159265358979,1.44862327915529,3.83972435438753,0.0112592757193065,0.014928878284753849,0.006881800401489139
0.349065850398866,3.14159265358979,1.46607657167524,3.83972435438753,0.00968278081244777,0.0128204548716454,0.005910829631324785
0.349065850398866,3.14159265358979,1.48352986419518,3.83972435438753,0.00805720829907594,0.010678468135226899,0.004919867434482685
0.349065850398866,3.14159265358979,1.50098315671512,3.83972435438753,0.006468077377537555,0.0085388057470587,0.003945935219518045
0.349065850398866,3.14159265358979,1.51843644923507,3.83972435438753,0.004848988856046951,0.006405716780618496,0.002958020615636125
0.349065850398866,3.14159265358979,1.53588974175501,3.83972435438753,0.003226069477118725,0.004268040978012765,0.0019688429562029703
0.349065850398866,3.14159265358979,1.55334303427495,3.83972435438753,0.001614751962981985,0.002133695081673285,0.0009851208012439834
0.349065850398866,3.14159265358979,1.5707963267949,3.83972435438753,-1.771499499753431e-05,-1.126656320586673e-05,-9.156897342526421e-06
0.349065850398866,3.14159265358979,0.0174532925199433,4.01425727958696,0.033836402991541045,0.0412896038836531,0.0216885097530455
0.349065850398866,3.14159265358979,0.0349065850398866,4.01425727958696,0.033082523415999904,0.04082284590878355,0.02106881964917335
0.349065850398866,3.14159265358979,0.0523598775598299,4.01425727958696,0.0324070910002507,0.04035120991598025,0.02061788307314695
0.349065850398866,3.14159265358979,0.0698131700797732,4.01425727958696,0.03189220031670095,0.039868784891070055,0.0203429280610882
0.349065850398866,3.14159265358979,0.0872664625997165,4.01425727958696,0.03147971281570905,0.039437048178997555,0.01986210927881565
0.349065850398866,3.14159265358979,0.10471975511966,4.01425727958696,0.03119366641937695,0.039205055984887494,0.019446562134937
0.349065850398866,3.14159265358979,0.122173047639603,4.01425727958696,0.0309006419232518,0.0389508434769939,0.0191161854282227
0.349065850398866,3.14159265358979,0.139626340159546,4.01425727958696,0.030541974859605248,0.038601292414061295,0.0187678043943635
0.349065850398866,3.14159265358979,0.15707963267949,4.01425727958696,0.030119601770760902,0.0382549533903082,0.018511003194899997
0.349065850398866,3.14159265358979,0.174532925199433,4.01425727958696,0.02964608321499525,0.0379580267312737,0.018258161293504598
0.349065850398866,3.14159265358979,0.191986217719376,4.01425727958696,0.029265480044262347,0.037716513863386106,0.017976759908743
0.349065850398866,3.14159265358979,0.20943951023932,4.01425727958696,0.0290045089446475,0.0374689510456071,0.017744037215208452
0.349065850398866,3.14159265358979,0.226892802759263,4.01425727958696,0.02864474209241965,0.0372242154148881,0.01756222453854495
0.349065850398866,3.14159265358979,0.244346095279206,4.01425727958696,0.028359526366075152,0.03714292402193815,0.017463822910761498
0.349065850398866,3.14159265358979,0.261799387799149,4.01425727958696,0.028239388400601653,0.03704757888386865,0.0173786228649867
0.349065850398866,3.14159265358979,0.279252680319093,4.01425727958696,0.0281804520070141,0.036913535834692,0.0172579737639889
0.349065850398866,3.14159265358979,0.296705972839036,4.01425727958696,0.0281259244054505,0.036745177113985755,0.017150612741077452
0.349065850398866,3.14159265358979,0.314159265358979,4.01425727958696,0.0281215168606859,0.036685510088382695,0.01704994109011405
0.349065850398866,3.14159265358979,0.331612557878923,4.01425727958696,0.027997963517187148,0.03659751962639605,0.0169966025369485
0.349065850398866,3.14159265358979,0.349065850398866,4.01425727958696,0.02786237793938395,0.0364937008900811,0.0169758401699719
0.349065850398866,3.14159265358979,0.366519142918809,4.01425727958696,0.0279692205533392,0.036363796592712244,0.0168190925523523
0.349065850398866,3.14159265358979,0.383972435438752,4.01425727958696,0.0279271912951384,0.0362608775542225,0.01655621940579345
0.349065850398866,3.14159265358979,0.401425727958696,4.01425727958696,0.027734664652664102,0.0361567800057798,0.0164918561580067
0.349065850398866,3.14159265358979,0.418879020478639,4.01425727958696,0.027689591119394952,0.036117715362389655,0.01649894840053965
0.349065850398866,3.14159265358979,0.436332312998582,4.01425727958696,0.0276857634464342,0.03614826641361685,0.01653130291355795
0.349065850398866,3.14159265358979,0.453785605518526,4.01425727958696,0.02744207022820775,0.0361429358315733,0.01651683848782875
0.349065850398866,3.14159265358979,0.471238898038469,4.01425727958696,0.027292979970543148,0.03608804556358999,0.01641932350681745
0.349065850398866,3.14159265358979,0.488692190558412,4.01425727958696,0.02713229489636695,0.0358994878288978,0.0163862379615706
0.349065850398866,3.14159265358979,0.506145483078356,4.01425727958696,0.0270275755732079,0.0356749662258031,0.01634747741891195
0.349065850398866,3.14159265358979,0.523598775598299,4.01425727958696,0.02700877739856975,0.0355327328255869,0.01626595757097605
0.349065850398866,3.14159265358979,0.541052068118242,4.01425727958696,0.0268684380962743,0.035529057111009996,0.0161532750101874
0.349065850398866,3.14159265358979,0.558505360638185,4.01425727958696,0.0266715398065746,0.0355185856205849,0.016089567378914052
0.349065850398866,3.14159265358979,0.575958653158129,4.01425727958696,0.02657810283784725,0.03538333221177225,0.0159736974202508
0.349065850398866,3.14159265358979,0.593411945678072,4.01425727958696,0.02645404630403935,0.03511138706494245,0.01593840863591635
0.349065850398866,3.14159265358979,0.610865238198015,4.01425727958696,0.02634849946145025,0.035258386318048,0.0159378833935123
0.349065850398866,3.14159265358979,0.628318530717959,4.01425727958696,0.026263657470329348,0.0352194231162803,0.01587358519710745
0.349065850398866,3.14159265358979,0.645771823237902,4.01425727958696,0.02623273901279445,0.0351535860475535,0.015792257076018848
0.349065850398866,3.14159265358979,0.663225115757845,4.01425727958696,0.02621235300158435,0.03515874334210535,0.0157339380031618
0.349065850398866,3.14159265358979,0.680678408277788,4.01425727958696,0.0261416000404751,0.035168259879404945,0.015807009097519448
0.349065850398866,3.14159265358979,0.698131700797732,4.01425727958696,0.02609318475015825,0.0351917997962026,0.0158410972227273
0.349065850398866,3.14159265358979,0.715584993317675,4.01425727958696,0.0258871600039989,0.034970670967613596,0.015892984117850298
0.349065850398866,3.14159265358979,0.733038285837618,4.01425727958696,0.02562333195307235,0.0347055566772521,0.015973177551271298
0.349065850398866,3.14159265358979,0.750491578357562,4.01425727958696,0.0255854163531666,0.03470861913551405,0.0159067198565171
0.349065850398866,3.14159265358979,0.767944870877505,4.01425727958696,0.0255569900607032,0.03474114698467905,0.0157208092738892
0.349065850398866,3.14159265358979,0.785398163397448,4.01425727958696,0.02558909746097065,0.03474461629433285,0.015607246721484901
0.349065850398866,3.14159265358979,0.802851455917391,4.01425727958696,0.0256656369623774,0.034577147355805554,0.01561101420367815
0.349065850398866,3.14159265358979,0.820304748437335,4.01425727958696,0.0257052415379533,0.034508725297658846,0.0156482084452042
0.349065850398866,3.14159265358979,0.837758040957278,4.01425727958696,0.025602575198323152,0.034689428964632854,0.01555435516133675
0.349065850398866,3.14159265358979,0.855211333477221,4.01425727958696,0.0255744526442998,0.0346288494994439,0.0155433791940918
0.349065850398866,3.14159265358979,0.872664625997165,4.01425727958696,0.0255749168148375,0.03449132708120375,0.015543285600515249
0.349065850398866,3.14159265358979,0.890117918517108,4.01425727958696,0.025506896424985652,0.0343966900571982,0.0156004800318543
0.349065850398866,3.14159265358979,0.907571211037051,4.01425727958696,0.02533478907978065,0.0342722069910925,0.0156572033813456
0.349065850398866,3.14159265358979,0.925024503556995,4.01425727958696,0.02528434870628445,0.034162661758413954,0.01553192608444355
0.349065850398866,3.14159265358979,0.942477796076938,4.01425727958696,0.02521674070553265,0.034016455072395396,0.01547860000833985
0.349065850398866,3.14159265358979,0.959931088596881,4.01425727958696,0.02511254759099545,0.033863776639755205,0.015355666114349199
0.349065850398866,3.14159265358979,0.977384381116825,4.01425727958696,0.0253468047225664,0.033711631772131406,0.014989852808881
0.349065850398866,3.14159265358979,0.994837673636768,4.01425727958696,0.02528616845246385,0.03358299527107865,0.014843500092617999
0.349065850398866,3.14159265358979,1.01229096615671,4.01425727958696,0.025140552825703502,0.0335045005540957,0.01480835116168775
0.349065850398866,3.14159265358979,1.02974425867665,4.01425727958696,0.0252270803646535,0.03364917072839635,0.0148446030774613
0.349065850398866,3.14159265358979,1.0471975511966,4.01425727958696,0.025383924426887902,0.0335223123768486,0.0148554763360662
0.349065850398866,3.14159265358979,1.06465084371654,4.01425727958696,0.02514269407564875,0.033453533641056,0.014947343689443449
0.349065850398866,3.14159265358979,1.08210413623648,4.01425727958696,0.02491669754444195,0.03331129419592495,0.0147816037326897
0.349065850398866,3.14159265358979,1.09955742875643,4.01425727958696,0.0247273724809522,0.0331308057089381,0.0147590154675567
0.349065850398866,3.14159265358979,1.11701072127637,4.01425727958696,0.024434215821566352,0.032934832742256545,0.01468519914778445
0.349065850398866,3.14159265358979,1.13446401379631,4.01425727958696,0.0243554365664306,0.032969075221842906,0.0147246533926406
0.349065850398866,3.14159265358979,1.15191730631626,4.01425727958696,0.024289448318429448,0.03288406454677175,0.0147611614086394
0.349065850398866,3.14159265358979,1.1693705988362,4.01425727958696,0.0242833616168319,0.03280515166091425,0.01477210943611855
0.349065850398866,3.14159265358979,1.18682389135614,4.01425727958696,0.0244477657539056,0.032838894524090154,0.01471049776433545
0.349065850398866,3.14159265358979,1.20427718387609,4.01425727958696,0.024633870396332698,0.03293473111061655,0.0147028673478338
0.349065850398866,3.14159265358979,1.22173047639603,4.01425727958696,0.02457487792159945,0.03257592316653595,0.0147030636343802
0.349065850398866,3.14159265358979,1.23918376891597,4.01425727958696,0.024604300854762298,0.032296086666941295,0.01456974011151125
0.349065850398866,3.14159265358979,1.25663706143592,4.01425727958696,0.02444195605570985,0.03212141395389165,0.014576520093429801
0.349065850398866,3.14159265358979,1.27409035395586,4.01425727958696,0.0244649277206228,0.03193499206662595,0.01456075224887085
0.349065850398866,3.14159265358979,1.2915436464758,4.01425727958696,0.0241791031701223,0.03180725427546295,0.01447163863190015
0.349065850398866,3.14159265358979,1.30899693899575,4.01425727958696,0.02401893817351245,0.03117992310814175,0.014267072900936751
0.349065850398866,3.14159265358979,1.32645023151569,4.01425727958696,0.0227465958026963,0.029528114175257,0.01350051772805735
0.349065850398866,3.14159265358979,1.34390352403563,4.01425727958696,0.0211481872959473,0.02739541078442325,0.012525484450171199
0.349065850398866,3.14159265358979,1.36135681655558,4.01425727958696,0.0194507784854718,0.025345550804407452,0.0116007813890276
0.349065850398866,3.14159265358979,1.37881010907552,4.01425727958696,0.0178381653999694,0.0232258290080088,0.0106186710593288
0.349065850398866,3.14159265358979,1.39626340159546,4.01425727958696,0.0162331309453781,0.021103059034112102,0.00965250927230526
0.349065850398866,3.14159265358979,1.41371669411541,4.01425727958696,0.01460466120701905,0.019004082416715702,0.008698809529496511
0.349065850398866,3.14159265358979,1.43116998663535,4.01425727958696,0.012992798243947199,0.01687628319117395,0.007717327460317655
0.349065850398866,3.14159265358979,1.44862327915529,4.01425727958696,0.01136696854599335,0.01475087706958305,0.006751764412697335
0.349065850398866,3.14159265358979,1.46607657167524,4.01425727958696,0.009751162648522816,0.0126539795518162,0.005788261990625805
0.349065850398866,3.14159265358979,1.48352986419518,4.01425727958696,0.008125509466508724,0.01054182225416615,0.00481956001820122
0.349065850398866,3.14159265358979,1.50098315671512,4.01425727958696,0.006486318063124085,0.00844521943617011,0.00386739778015568
0.349065850398866,3.14159265358979,1.51843644923507,4.01425727958696,0.004867195522247314,0.006332925430155995,0.002898332591230455
0.349065850398866,3.14159265358979,1.53588974175501,4.01425727958696,0.00324508531545962,0.004218071592624715,0.0019293285054094852
0.349065850398866,3.14159265358979,1.55334303427495,4.01425727958696,0.001621409479412745,0.00210894689236351,0.0009651458769916685
0.349065850398866,3.14159265358979,1.5707963267949,4.01425727958696,-4.41855599787876e-06,-1.4674246083243284e-05,-8.770678176273784e-06
0.349065850398866,3.14159265358979,0.0174532925199433,4.18879020478639,0.03403372605143665,0.04145444568887115,0.0218338582320304
0.349065850398866,3.14159265358979,0.0349065850398866,4.18879020478639,0.033366765273951854,0.041080902260573454,0.0212542995468121
0.349065850398866,3.14159265358979,0.0523598775598299,4.18879020478639,0.0328257463416895,0.040669607676350555,0.0209356382334605
0.349065850398866,3.14159265358979,0.0698131700797732,4.18879020478639,0.03230777592461995,0.04018507695706945,0.020614324929910652
0.349065850398866,3.14159265358979,0.0872664625997165,4.18879020478639,0.03195646011637835,0.0397997518158384,0.02020232944965645
0.349065850398866,3.14159265358979,0.10471975511966,4.18879020478639,0.0316527756332841,0.039531081448299,0.019732523916781652
0.349065850398866,3.14159265358979,0.122173047639603,4.18879020478639,0.03135930629695165,0.0392771564689053,0.019401672400965048
0.349065850398866,3.14159265358979,0.139626340159546,4.18879020478639,0.03092439013818465,0.038890729249891204,0.0191580105507214
0.349065850398866,3.14159265358979,0.15707963267949,4.18879020478639,0.0304438510487367,0.0386821706671868,0.018936832989359602
0.349065850398866,3.14159265358979,0.174532925199433,4.18879020478639,0.029932893503716952,0.0384205994285012,0.018695523334863448
0.349065850398866,3.14159265358979,0.191986217719376,4.18879020478639,0.02962605122476605,0.03813210627735915,0.018385173686220252
0.349065850398866,3.14159265358979,0.20943951023932,4.18879020478639,0.029282936447257102,0.0378149746587388,0.018119605483465348
0.349065850398866,3.14159265358979,0.226892802759263,4.18879020478639,0.028847270315858,0.0375305952472466,0.0179008235749158
0.349065850398866,3.14159265358979,0.244346095279206,4.18879020478639,0.02851990135304485,0.037327269107504,0.017659577514995653
0.349065850398866,3.14159265358979,0.261799387799149,4.18879020478639,0.02826306472459475,0.0370091025682209,0.01757203637965405
0.349065850398866,3.14159265358979,0.279252680319093,4.18879020478639,0.0280946959685504,0.0366872428759724,0.017445708275569148
0.349065850398866,3.14159265358979,0.296705972839036,4.18879020478639,0.02804461196982815,0.03649785897597325,0.01730929833067115
0.349065850398866,3.14159265358979,0.314159265358979,4.18879020478639,0.028035456728545148,0.03643264840454015,0.0171527371367735
0.349065850398866,3.14159265358979,0.331612557878923,4.18879020478639,0.027933438371084147,0.036345119709232154,0.0169858316002812
0.349065850398866,3.14159265358979,0.349065850398866,4.18879020478639,0.02776348333883985,0.036179563040189947,0.01682512960548745
0.349065850398866,3.14159265358979,0.366519142918809,4.18879020478639,0.02763928279473225,0.036180507080587954,0.01684745388786855
0.349065850398866,3.14159265358979,0.383972435438752,4.18879020478639,0.02755537205101565,0.03621188778255395,0.016922632851218748
0.349065850398866,3.14159265358979,0.401425727958696,4.18879020478639,0.02759147520893725,0.0362211010722525,0.01685836804697595
0.349065850398866,3.14159265358979,0.418879020478639,4.18879020478639,0.027608766114058,0.036307687687900506,0.0167294696816927
0.349065850398866,3.14159265358979,0.436332312998582,4.18879020478639,0.0274373767636121,0.03614037482195345,0.0165705387911032
0.349065850398866,3.14159265358979,0.453785605518526,4.18879020478639,0.027133607332057448,0.03585603862635415,0.0164139123362014
0.349065850398866,3.14159265358979,0.471238898038469,4.18879020478639,0.026965985487161,0.035650611212060104,0.0163380077719603
0.349065850398866,3.14159265358979,0.488692190558412,4.18879020478639,0.0269673332588914,0.0355664631502003,0.01627289908313985
0.349065850398866,3.14159265358979,0.506145483078356,4.18879020478639,0.0269332824054456,0.0355850938460603,0.0162207402598814
0.349065850398866,3.14159265358979,0.523598775598299,4.18879020478639,0.0266739089737367,0.0355938734099161,0.0162958560026966
0.349065850398866,3.14159265358979,0.541052068118242,4.18879020478639,0.02645667895554765,0.03540879144002705,0.0162135593955815
0.349065850398866,3.14159265358979,0.558505360638185,4.18879020478639,0.026295154964985752,0.035277013592141304,0.01602514008442275
0.349065850398866,3.14159265358979,0.575958653158129,4.18879020478639,0.02617375692378265,0.0351728176727953,0.0159502967182216
0.349065850398866,3.14159265358979,0.593411945678072,4.18879020478639,0.026091176359417698,0.035169374469447054,0.015929801121237
0.349065850398866,3.14159265358979,0.610865238198015,4.18879020478639,0.025990440827667903,0.035137322491557,0.0158383232931252
0.349065850398866,3.14159265358979,0.628318530717959,4.18879020478639,0.02597544694912455,0.03502310587090255,0.015802452968196053
0.349065850398866,3.14159265358979,0.645771823237902,4.18879020478639,0.0259334024682674,0.034924150129245754,0.0157900402766335
0.349065850398866,3.14159265358979,0.663225115757845,4.18879020478639,0.0258494613636365,0.03516250117046135,0.015698228328408552
0.349065850398866,3.14159265358979,0.680678408277788,4.18879020478639,0.02583810417804735,0.0349084905174475,0.01571272729103005
0.349065850398866,3.14159265358979,0.698131700797732,4.18879020478639,0.02580623399946015,0.0345998839915106,0.015770426291775552
0.349065850398866,3.14159265358979,0.715584993317675,4.18879020478639,0.02602753881227675,0.034687665173549154,0.0157700750223762
0.349065850398866,3.14159265358979,0.733038285837618,4.18879020478639,0.02608277643477205,0.034741260659476456,0.01578239807798755
0.349065850398866,3.14159265358979,0.750491578357562,4.18879020478639,0.02590092285206195,0.03453069819147905,0.01573873237594885
0.349065850398866,3.14159265358979,0.767944870877505,4.18879020478639,0.02578533826688965,0.03445445935609915,0.0156653914186725
0.349065850398866,3.14159265358979,0.785398163397448,4.18879020478639,0.0257450342241647,0.03443970403335865,0.015506386808132901
0.349065850398866,3.14159265358979,0.802851455917391,4.18879020478639,0.0257510561186144,0.03443474839192575,0.015465239572143252
0.349065850398866,3.14159265358979,0.820304748437335,4.18879020478639,0.025640434468113697,0.03444381893382435,0.0154572015868581
0.349065850398866,3.14159265358979,0.837758040957278,4.18879020478639,0.0255457965411405,0.03446555955034765,0.01544151489144555
0.349065850398866,3.14159265358979,0.855211333477221,4.18879020478639,0.0254179003086757,0.0342615853783509,0.01540809932043655
0.349065850398866,3.14159265358979,0.872664625997165,4.18879020478639,0.02531438596642835,0.0340658202041754,0.01540782949424795
0.349065850398866,3.14159265358979,0.890117918517108,4.18879020478639,0.025182798939907852,0.033848406697630104,0.0154728570723709
0.349065850398866,3.14159265358979,0.907571211037051,4.18879020478639,0.0250187146004223,0.0339951221693481,0.01555877452597595
0.349065850398866,3.14159265358979,0.925024503556995,4.18879020478639,0.0250555633044144,0.03393415392026995,0.01546873571776925
0.349065850398866,3.14159265358979,0.942477796076938,4.18879020478639,0.02527662855688225,0.03372550800172115,0.0155162428711277
0.349065850398866,3.14159265358979,0.959931088596881,4.18879020478639,0.02528291396704425,0.0338510088358649,0.015647050877491152
0.349065850398866,3.14159265358979,0.977384381116825,4.18879020478639,0.0252958541952125,0.03388270591660365,0.0156514161661023
0.349065850398866,3.14159265358979,0.994837673636768,4.18879020478639,0.025318502185936752,0.03386278099614795,0.015457419096995849
0.349065850398866,3.14159265358979,1.01229096615671,4.18879020478639,0.025214561816129348,0.033553815592744,0.01536079375962595
0.349065850398866,3.14159265358979,1.02974425867665,4.18879020478639,0.02516525783497635,0.033498678766930245,0.01528773438806705
0.349065850398866,3.14159265358979,1.0471975511966,4.18879020478639,0.02505842484931985,0.033521513336838046,0.015238716722843701
0.349065850398866,3.14159265358979,1.06465084371654,4.18879020478639,0.025118728955251253,0.0334892418168403,0.015151685138007
0.349065850398866,3.14159265358979,1.08210413623648,4.18879020478639,0.02513950420311315,0.03344871518090195,0.0150081035186903
0.349065850398866,3.14159265358979,1.09955742875643,4.18879020478639,0.0250321444621021,0.0332382573569332,0.014926463756194601
0.349065850398866,3.14159265358979,1.11701072127637,4.18879020478639,0.0249566362193954,0.033095508344875305,0.014906249638557051
0.349065850398866,3.14159265358979,1.13446401379631,4.18879020478639,0.0249145732954748,0.032985497788597704,0.01482743319830485
0.349065850398866,3.14159265358979,1.15191730631626,4.18879020478639,0.0247400720409523,0.03299504681311035,0.0147419873734421
0.349065850398866,3.14159265358979,1.1693705988362,4.18879020478639,0.024570394554973153,0.032711203585877896,0.0146609752997595
0.349065850398866,3.14159265358979,1.18682389135614,4.18879020478639,0.02460353347970225,0.03288479494290905,0.01470049346519965
0.349065850398866,3.14159265358979,1.20427718387609,4.18879020478639,0.024434714624370503,0.03267869534224355,0.0146284355732805
0.349065850398866,3.14159265358979,1.22173047639603,4.18879020478639,0.0242539988615006,0.032533672695875746,0.0146779562586903
0.349065850398866,3.14159265358979,1.23918376891597,4.18879020478639,0.024016518176044298,0.032432172850548946,0.0147223974652025
0.349065850398866,3.14159265358979,1.25663706143592,4.18879020478639,0.02389685408002515,0.032169237349100405,0.014856187584236999
0.349065850398866,3.14159265358979,1.27409035395586,4.18879020478639,0.0236568379862843,0.03214369813588095,0.0146727959877507
0.349065850398866,3.14159265358979,1.2915436464758,4.18879020478639,0.0237357877071435,0.0317810604431295,0.0148304988281286
0.349065850398866,3.14159265358979,1.30899693899575,4.18879020478639,0.0232679736435345,0.0316874566989584,0.014374206601324501
0.349065850398866,3.14159265358979,1.32645023151569,4.18879020478639,0.021879841044571052,0.0298876673648397,0.01348770853384745
0.349065850398866,3.14159265358979,1.34390352403563,4.18879020478639,0.02041409173672515,0.027708300719314148,0.0125729681204458
0.349065850398866,3.14159265358979,1.36135681655558,4.18879020478639,0.018800653002523197,0.02554789195360315,0.01164119337185655
0.349065850398866,3.14159265358979,1.37881010907552,4.18879020478639,0.01737621300850225,0.02339827507779535,0.01068504660943825
0.349065850398866,3.14159265358979,1.39626340159546,4.18879020478639,0.01564296349194855,0.02132990860791785,0.009656828507741251
0.349065850398866,3.14159265358979,1.41371669411541,4.18879020478639,0.01409681778928975,0.019181976265736853,0.00870613952760471
0.349065850398866,3.14159265358979,1.43116998663535,4.18879020478639,0.0125038619646738,0.01707737054963395,0.007709067461807896
0.349065850398866,3.14159265358979,1.44862327915529,4.18879020478639,0.0109715984228233,0.0149172328042557,0.006772576411615315
0.349065850398866,3.14159265358979,1.46607657167524,4.18879020478639,0.0094144615144405,0.0127475057176509,0.005848257682050734
0.349065850398866,3.14159265358979,1.48352986419518,4.18879020478639,0.00786750073483044,0.0106370770125215,0.00485445975169185
0.349065850398866,3.14159265358979,1.50098315671512,4.18879020478639,0.00626221136363472,0.00852283937415714,0.0038721552202364146
0.349065850398866,3.14159265358979,1.51843644923507,4.18879020478639,0.0047023706119153404,0.006388853495301665,0.00290399088948224
0.349065850398866,3.14159265358979,1.53588974175501,4.18879020478639,0.003126246032940795,0.004268898103289465,0.001927506469381475
0.349065850398866,3.14159265358979,1.55334303427495,4.18879020478639,0.001565266944022245,0.002126279336795565,0.000968853614709386
0.349065850398866,3.14159265358979,1.5707963267949,4.18879020478639,0.0008783886363001919,0.00120239586218099,0.0005342251288814621
0.349065850398866,3.14159265358979,0.0174532925199433,4.36332312998582,0.03424675496557885,0.041629113323302644,0.0219957053301332
0.349065850398866,3.14159265358979,0.0349065850398866,4.36332312998582,0.0337605680898937,0.04142316773946285,0.02155149262610025
0.349065850398866,3.14159265358979,0.0523598775598299,4.36332312998582,0.033274013687452544,0.041012862682193,0.021269707256996
0.349065850398866,3.14159265358979,0.0698131700797732,4.36332312998582,0.032876730693472245,0.04064242671165065,0.02108231607871395
0.349065850398866,3.14159265358979,0.0872664625997165,4.36332312998582,0.03255183775637155,0.040266829195152704,0.020687546411133302
0.349065850398866,3.14159265358979,0.10471975511966,4.36332312998582,0.03222877445547595,0.039937235826490294,0.020266063351599403
0.349065850398866,3.14159265358979,0.122173047639603,4.36332312998582,0.0317979255836222,0.0396599548207106,0.01991368971920065
0.349065850398866,3.14159265358979,0.139626340159546,4.36332312998582,0.031389236874498,0.0394100105534442,0.0196202340309579
0.349065850398866,3.14159265358979,0.15707963267949,4.36332312998582,0.0309093418580709,0.0390747732766482,0.0193325407816112
0.349065850398866,3.14159265358979,0.174532925199433,4.36332312998582,0.0303513761507745,0.03869697382364635,0.0189885953547295
0.349065850398866,3.14159265358979,0.191986217719376,4.36332312998582,0.02990256142935565,0.0383521515617725,0.0186103154751356
0.349065850398866,3.14159265358979,0.20943951023932,4.36332312998582,0.0295491171962476,0.03809802042419925,0.01835629450996695
0.349065850398866,3.14159265358979,0.226892802759263,4.36332312998582,0.0291493297801649,0.03778808757840915,0.018243617851552298
0.349065850398866,3.14159265358979,0.244346095279206,4.36332312998582,0.0288323993788391,0.0372931850614075,0.018134719016381952
0.349065850398866,3.14159265358979,0.261799387799149,4.36332312998582,0.02866311924410045,0.03713946917449555,0.0179440727131011
0.349065850398866,3.14159265358979,0.279252680319093,4.36332312998582,0.028391820655547698,0.03690128217332975,0.017750642004963048
0.349065850398866,3.14159265358979,0.296705972839036,4.36332312998582,0.0282314695165943,0.036667681488745704,0.01758457329585255
0.349065850398866,3.14159265358979,0.314159265358979,4.36332312998582,0.028043123941600648,0.03648922383270195,0.017257223044446747
0.349065850398866,3.14159265358979,0.331612557878923,4.36332312998582,0.02789154435252205,0.03641720943140125,0.017107925661453798
0.349065850398866,3.14159265358979,0.349065850398866,4.36332312998582,0.0278762531807733,0.0364675813480619,0.0170652763044655
0.349065850398866,3.14159265358979,0.366519142918809,4.36332312998582,0.02784660920151965,0.036284558202083705,0.017023560279039847
0.349065850398866,3.14159265358979,0.383972435438752,4.36332312998582,0.02772367450574465,0.036050441045751655,0.01695626645191285
0.349065850398866,3.14159265358979,0.401425727958696,4.36332312998582,0.027580293470665602,0.0359560914935122,0.01684032602994705
0.349065850398866,3.14159265358979,0.418879020478639,4.36332312998582,0.027370453364296547,0.035877049795191004,0.01672196148428775
0.349065850398866,3.14159265358979,0.436332312998582,4.36332312998582,0.027202717122620998,0.03581573408186,0.0166792900270949
0.349065850398866,3.14159265358979,0.453785605518526,4.36332312998582,0.0271244773837974,0.0357879500216397,0.016620821599362852
0.349065850398866,3.14159265358979,0.471238898038469,4.36332312998582,0.02697352607997345,0.0356770976120372,0.016530759356430502
0.349065850398866,3.14159265358979,0.488692190558412,4.36332312998582,0.0267391067415752,0.03553240810253685,0.01646078760109135
0.349065850398866,3.14159265358979,0.506145483078356,4.36332312998582,0.02656293502304885,0.0354238097877162,0.01635353295073605
0.349065850398866,3.14159265358979,0.523598775598299,4.36332312998582,0.0264481592168889,0.03536533349621685,0.0162200630510859
0.349065850398866,3.14159265358979,0.541052068118242,4.36332312998582,0.0264525750792797,0.03534909985451745,0.0161708490491943
0.349065850398866,3.14159265358979,0.558505360638185,4.36332312998582,0.026328857490227953,0.03518868434728615,0.016091033020423
0.349065850398866,3.14159265358979,0.575958653158129,4.36332312998582,0.0261519850879975,0.034930866539292504,0.01598262128484975
0.349065850398866,3.14159265358979,0.593411945678072,4.36332312998582,0.0259194950675007,0.03471274370073775,0.015862935523942998
0.349065850398866,3.14159265358979,0.610865238198015,4.36332312998582,0.02568929390101255,0.034725470976512046,0.01581083201105545
0.349065850398866,3.14159265358979,0.628318530717959,4.36332312998582,0.025672825579455952,0.0347617091291294,0.01575392694888485
0.349065850398866,3.14159265358979,0.645771823237902,4.36332312998582,0.025877131202922,0.0347303665075646,0.01582128728458805
0.349065850398866,3.14159265358979,0.663225115757845,4.36332312998582,0.02592445514518595,0.0347365751546,0.01589797519724835
0.349065850398866,3.14159265358979,0.680678408277788,4.36332312998582,0.02593857293359805,0.0347622060586771,0.0159007681731563
0.349065850398866,3.14159265358979,0.698131700797732,4.36332312998582,0.0259204916003629,0.0347061394125145,0.0158968024389369
0.349065850398866,3.14159265358979,0.715584993317675,4.36332312998582,0.025792221021996152,0.03466842923707515,0.015893888678060603
0.349065850398866,3.14159265358979,0.733038285837618,4.36332312998582,0.02567208775379325,0.034539086173418096,0.0157730035333121
0.349065850398866,3.14159265358979,0.750491578357562,4.36332312998582,0.02560721913555045,0.03433276340809255,0.015659350756312397
0.349065850398866,3.14159265358979,0.767944870877505,4.36332312998582,0.02551928188215065,0.0341878679217124,0.01563562933061025
0.349065850398866,3.14159265358979,0.785398163397448,4.36332312998582,0.02548007600785965,0.034226218916065254,0.015604646319601151
0.349065850398866,3.14159265358979,0.802851455917391,4.36332312998582,0.02556839694719135,0.0342429981701689,0.01564352183117725
0.349065850398866,3.14159265358979,0.820304748437335,4.36332312998582,0.02555196730875325,0.0342519690173143,0.01570302140673985
0.349065850398866,3.14159265358979,0.837758040957278,4.36332312998582,0.02553509738942745,0.0341893956370275,0.01571547998287505
0.349065850398866,3.14159265358979,0.855211333477221,4.36332312998582,0.02546538813147545,0.0342283876548323,0.0157095943736485
0.349065850398866,3.14159265358979,0.872664625997165,4.36332312998582,0.0255227578890505,0.0341063910920122,0.01579861529404385
0.349065850398866,3.14159265358979,0.890117918517108,4.36332312998582,0.0257807124105211,0.03412238699071435,0.0157861984298924
0.349065850398866,3.14159265358979,0.907571211037051,4.36332312998582,0.0257361065230301,0.034199568768014,0.01562222205692395
0.349065850398866,3.14159265358979,0.925024503556995,4.36332312998582,0.02551412827981055,0.034329973436085195,0.01555096126047905
0.349065850398866,3.14159265358979,0.942477796076938,4.36332312998582,0.0252719779051088,0.0340295067350022,0.0155458439167602
0.349065850398866,3.14159265358979,0.959931088596881,4.36332312998582,0.025232384445214202,0.033726117377542,0.015475156085291701
0.349065850398866,3.14159265358979,0.977384381116825,4.36332312998582,0.02527001849729025,0.03378050706006705,0.01540499793030405
0.349065850398866,3.14159265358979,0.994837673636768,4.36332312998582,0.025167287563592752,0.0338666626590223,0.015311397097826598
0.349065850398866,3.14159265358979,1.01229096615671,4.36332312998582,0.02491255764765165,0.0336861974850335,0.015256608513801
0.349065850398866,3.14159265358979,1.02974425867665,4.36332312998582,0.024704656245967002,0.0335186311982386,0.01516094558267795
0.349065850398866,3.14159265358979,1.0471975511966,4.36332312998582,0.024745334901538248,0.0334244711769712,0.01502083061243405
0.349065850398866,3.14159265358979,1.06465084371654,4.36332312998582,0.02485290930819425,0.033143531303629806,0.015017518540544849
0.349065850398866,3.14159265358979,1.08210413623648,4.36332312998582,0.02485233443340515,0.032909209000385256,0.0150390188092652
0.349065850398866,3.14159265358979,1.09955742875643,4.36332312998582,0.02480065932117985,0.03278209226668405,0.0151127477537233
0.349065850398866,3.14159265358979,1.11701072127637,4.36332312998582,0.0248100705170664,0.03266906304337315,0.01500696913828645
0.349065850398866,3.14159265358979,1.13446401379631,4.36332312998582,0.024610890772174,0.032604779674232254,0.014933469020812551
0.349065850398866,3.14159265358979,1.15191730631626,4.36332312998582,0.024546915686965,0.032537795045360654,0.0148213257478941
0.349065850398866,3.14159265358979,1.1693705988362,4.36332312998582,0.024564387912311948,0.03253946201297305,0.014871507337815
0.349065850398866,3.14159265358979,1.18682389135614,4.36332312998582,0.02444618933500605,0.0323251588950011,0.01497240973208325
0.349065850398866,3.14159265358979,1.20427718387609,4.36332312998582,0.0245328213374536,0.0322876809752115,0.01499414350725105
0.349065850398866,3.14159265358979,1.22173047639603,4.36332312998582,0.02427293360522015,0.031914952227149046,0.014991993862493901
0.349065850398866,3.14159265358979,1.23918376891597,4.36332312998582,0.02414892914017775,0.0318022381691902,0.015025006671208499
0.349065850398866,3.14159265358979,1.25663706143592,4.36332312998582,0.02422349917695045,0.0318492361698867,0.0150303157934142
0.349065850398866,3.14159265358979,1.27409035395586,4.36332312998582,0.02427356017095965,0.0317957751854678,0.0149780226597956
0.349065850398866,3.14159265358979,1.2915436464758,4.36332312998582,0.02420503606230645,0.031711692255368504,0.015002695637688
0.349065850398866,3.14159265358979,1.30899693899575,4.36332312998582,0.02375507961392025,0.03121601416684975,0.0147494206725705
0.349065850398866,3.14159265358979,1.32645023151569,4.36332312998582,0.02253796426008775,0.0296244093936934,0.013994557697573799
0.349065850398866,3.14159265358979,1.34390352403563,4.36332312998582,0.02091668321792255,0.02754225143670735,0.01302311279417715
0.349065850398866,3.14159265358979,1.36135681655558,4.36332312998582,0.019298581984451148,0.0254159556471691,0.01202196888137935
0.349065850398866,3.14159265358979,1.37881010907552,4.36332312998582,0.01770818282249465,0.023279421493455202,0.010997774822378549
0.349065850398866,3.14159265358979,1.39626340159546,4.36332312998582,0.0160900963258911,0.0211831135219808,0.01001531079346299
0.349065850398866,3.14159265358979,1.41371669411541,4.36332312998582,0.01448591604683205,0.0190372886690996,0.00899310896777323
0.349065850398866,3.14159265358979,1.43116998663535,4.36332312998582,0.0128780676781416,0.0169318889411803,0.007999606440270826
0.349065850398866,3.14159265358979,1.44862327915529,4.36332312998582,0.0112613028695304,0.01483204292171765,0.007014122816019534
0.349065850398866,3.14159265358979,1.46607657167524,4.36332312998582,0.00965698987022183,0.01269756781494085,0.00599924724678745
0.349065850398866,3.14159265358979,1.48352986419518,4.36332312998582,0.00804811797352354,0.0105828410411719,0.005000279355287955
0.349065850398866,3.14159265358979,1.50098315671512,4.36332312998582,0.00643386884529828,0.008474675124394464,0.00400789399076687
0.349065850398866,3.14159265358979,1.51843644923507,4.36332312998582,0.004826472912771294,0.00635182516518953,0.00300251684217987
0.349065850398866,3.14159265358979,1.53588974175501,4.36332312998582,0.00321850863446476,0.00423250770269321,0.00199990216931506
0.349065850398866,3.14159265358979,1.55334303427495,4.36332312998582,0.001607179908174375,0.00211512411863305,0.0009998255540517775
0.349065850398866,3.14159265358979,1.5707963267949,4.36332312998582,0.001018983461518215,0.0013394361403608998,0.0006327486452252075
0.349065850398866,3.14159265358979,0.0174532925199433,4.53785605518526,0.0344693129412028,0.04180787462750505,0.02216842241683485
0.349065850398866,3.14159265358979,0.0349065850398866,4.53785605518526,0.034182455278801496,0.04178140116426355,0.0218730263017251
0.349065850398866,3.14159265358979,0.0523598775598299,4.53785605518526,0.0338686824385424,0.041458242545478,0.0217397777075266
0.349065850398866,3.14159265358979,0.0698131700797732,4.53785605518526,0.03357417941917755,0.0412315658671752,0.02164826044219425
0.349065850398866,3.14159265358979,0.0872664625997165,4.53785605518526,0.033273874133980946,0.040914251619751,0.021349484922746652
0.349065850398866,3.14159265358979,0.10471975511966,4.53785605518526,0.0329361740106914,0.0406593201136118,0.0210089360562504
0.349065850398866,3.14159265358979,0.122173047639603,4.53785605518526,0.032467959584703304,0.0403704315016296,0.020663101813259747
0.349065850398866,3.14159265358979,0.139626340159546,4.53785605518526,0.03208212518378095,0.04008221428579245,0.0202844412617865
0.349065850398866,3.14159265358979,0.15707963267949,4.53785605518526,0.03151626883025585,0.0396702574733556,0.019859113539691352
0.349065850398866,3.14159265358979,0.174532925199433,4.53785605518526,0.030932428598581148,0.03915920651592955,0.019414459479168047
0.349065850398866,3.14159265358979,0.191986217719376,4.53785605518526,0.0304840920704987,0.038692379609383154,0.019047629662596148
0.349065850398866,3.14159265358979,0.20943951023932,4.53785605518526,0.03006073273510595,0.038370833545396305,0.018898958067399052
0.349065850398866,3.14159265358979,0.226892802759263,4.53785605518526,0.029549703527644453,0.0379148303058538,0.01872062908257205
0.349065850398866,3.14159265358979,0.244346095279206,4.53785605518526,0.0291822105221841,0.0375555602811936,0.01846881060828465
0.349065850398866,3.14159265358979,0.261799387799149,4.53785605518526,0.0289000860941513,0.0373468246597997,0.0181985190908146
0.349065850398866,3.14159265358979,0.279252680319093,4.53785605518526,0.028603638253240048,0.03714240225373695,0.017941614618873
0.349065850398866,3.14159265358979,0.296705972839036,4.53785605518526,0.0284066589289526,0.03690737498390815,0.0177201997344362
0.349065850398866,3.14159265358979,0.314159265358979,4.53785605518526,0.02819954701904145,0.03672333244768025,0.0176546356348246
0.349065850398866,3.14159265358979,0.331612557878923,4.53785605518526,0.02807707972762245,0.0366677935261904,0.017646611716826202
0.349065850398866,3.14159265358979,0.349065850398866,4.53785605518526,0.02805948712880795,0.0365561460798065,0.017554842878731602
0.349065850398866,3.14159265358979,0.366519142918809,4.53785605518526,0.02802219867876005,0.0364400327462,0.0173788640546616
0.349065850398866,3.14159265358979,0.383972435438752,4.53785605518526,0.0278367339803629,0.03621286141229435,0.017250952249443702
0.349065850398866,3.14159265358979,0.401425727958696,4.53785605518526,0.0274876935317334,0.03597285898727595,0.0171616720749476
0.349065850398866,3.14159265358979,0.418879020478639,4.53785605518526,0.02732781755566175,0.03589462903364225,0.017063265015673
0.349065850398866,3.14159265358979,0.436332312998582,4.53785605518526,0.02732731712384625,0.0359157637329749,0.01693215742421675
0.349065850398866,3.14159265358979,0.453785605518526,4.53785605518526,0.0272115979056897,0.0359048247051647,0.0168255628421873
0.349065850398866,3.14159265358979,0.471238898038469,4.53785605518526,0.026981507733315348,0.035813393552578246,0.0167859322670088
0.349065850398866,3.14159265358979,0.488692190558412,4.53785605518526,0.02681679753855705,0.035731616683004105,0.0167694214849363
0.349065850398866,3.14159265358979,0.506145483078356,4.53785605518526,0.02678578361642705,0.035644884829905105,0.01669145881077625
0.349065850398866,3.14159265358979,0.523598775598299,4.53785605518526,0.026666635970142752,0.0354396640966918,0.01655511547484135
0.349065850398866,3.14159265358979,0.541052068118242,4.53785605518526,0.02646305136730885,0.0351777440415354,0.016471208010737447
0.349065850398866,3.14159265358979,0.558505360638185,4.53785605518526,0.02622687296700155,0.034979886540221855,0.01636957524275015
0.349065850398866,3.14159265358979,0.575958653158129,4.53785605518526,0.026047923663067102,0.03489378659483085,0.01615178055549055
0.349065850398866,3.14159265358979,0.593411945678072,4.53785605518526,0.025948355714858498,0.03487155785752665,0.01597781526261545
0.349065850398866,3.14159265358979,0.610865238198015,4.53785605518526,0.0258571640212342,0.03484528409980785,0.0159994542737594
0.349065850398866,3.14159265358979,0.628318530717959,4.53785605518526,0.02585918750588205,0.03482137056140605,0.0160207010278593
0.349065850398866,3.14159265358979,0.645771823237902,4.53785605518526,0.0258496241468219,0.03486915275562525,0.015997897204730202
0.349065850398866,3.14159265358979,0.663225115757845,4.53785605518526,0.02579961570534715,0.034853335882089345,0.01605518482226525
0.349065850398866,3.14159265358979,0.680678408277788,4.53785605518526,0.02584900945149175,0.03482280505228155,0.016088584324112302
0.349065850398866,3.14159265358979,0.698131700797732,4.53785605518526,0.0258732292055546,0.034696439178005606,0.016025047413269752
0.349065850398866,3.14159265358979,0.715584993317675,4.53785605518526,0.0258358470452188,0.034401057631310905,0.015951947998124848
0.349065850398866,3.14159265358979,0.733038285837618,4.53785605518526,0.0258137996847329,0.03432133065533115,0.0159645666869772
0.349065850398866,3.14159265358979,0.750491578357562,4.53785605518526,0.02588290442227485,0.03448004938882135,0.01596597354562905
0.349065850398866,3.14159265358979,0.767944870877505,4.53785605518526,0.02586799577679985,0.03447264135829405,0.01596331252003305
0.349065850398866,3.14159265358979,0.785398163397448,4.53785605518526,0.0258646042820521,0.034390319359160246,0.016016916137086452
0.349065850398866,3.14159265358979,0.802851455917391,4.53785605518526,0.02578626263027,0.0344074682039609,0.016058625365076698
0.349065850398866,3.14159265358979,0.820304748437335,4.53785605518526,0.0257104009145364,0.03422496821606685,0.016034867857344
0.349065850398866,3.14159265358979,0.837758040957278,4.53785605518526,0.02573135709263805,0.03415370952166025,0.015952694511495252
0.349065850398866,3.14159265358979,0.855211333477221,4.53785605518526,0.02573041746355165,0.034051679178687747,0.01589552801499465
0.349065850398866,3.14159265358979,0.872664625997165,4.53785605518526,0.02565741414017015,0.034148140032400895,0.01581943349825205
0.349065850398866,3.14159265358979,0.890117918517108,4.53785605518526,0.02567148226487815,0.03425619004848865,0.0157291215343056
0.349065850398866,3.14159265358979,0.907571211037051,4.53785605518526,0.025663925912415397,0.0342638990605866,0.01563491059442865
0.349065850398866,3.14159265358979,0.925024503556995,4.53785605518526,0.0255174330230543,0.03418292893400475,0.0155515098550052
0.349065850398866,3.14159265358979,0.942477796076938,4.53785605518526,0.025506561372514502,0.034088605508658054,0.01551459721713345
0.349065850398866,3.14159265358979,0.959931088596881,4.53785605518526,0.0257924176303689,0.03401364878479375,0.0154669009571786
0.349065850398866,3.14159265358979,0.977384381116825,4.53785605518526,0.02566705741503355,0.03384620527146925,0.01540159338648975
0.349065850398866,3.14159265358979,0.994837673636768,4.53785605518526,0.0254616445430783,0.03386838304407555,0.01543047729488635
0.349065850398866,3.14159265358979,1.01229096615671,4.53785605518526,0.02529957099748245,0.03386375391354375,0.0154962057180115
0.349065850398866,3.14159265358979,1.02974425867665,4.53785605518526,0.025308340139100702,0.0336689727961265,0.01542435100127575
0.349065850398866,3.14159265358979,1.0471975511966,4.53785605518526,0.0253499518495768,0.03361592770365645,0.0154465734345879
0.349065850398866,3.14159265358979,1.06465084371654,4.53785605518526,0.0253359544293057,0.033580562350514154,0.0155447294281419
0.349065850398866,3.14159265358979,1.08210413623648,4.53785605518526,0.025267744545406,0.03358226329779175,0.0156220369352796
0.349065850398866,3.14159265358979,1.09955742875643,4.53785605518526,0.0253707799093459,0.033492715136269405,0.01551086311714385
0.349065850398866,3.14159265358979,1.11701072127637,4.53785605518526,0.0253033086278976,0.033494583282406995,0.015500611109440801
0.349065850398866,3.14159265358979,1.13446401379631,4.53785605518526,0.025153469945448398,0.033469948030187754,0.015394783406364
0.349065850398866,3.14159265358979,1.15191730631626,4.53785605518526,0.02479852916392205,0.0331475683353065,0.015380948041129348
0.349065850398866,3.14159265358979,1.1693705988362,4.53785605518526,0.0245426617275596,0.03300687367175205,0.015358473205911001
0.349065850398866,3.14159265358979,1.18682389135614,4.53785605518526,0.024428754166257498,0.033080982783171745,0.015264711059781201
0.349065850398866,3.14159265358979,1.20427718387609,4.53785605518526,0.024162966277184,0.03292696811801035,0.0152376173263051
0.349065850398866,3.14159265358979,1.22173047639603,4.53785605518526,0.023969154818120647,0.032798186714157754,0.015247224134953049
0.349065850398866,3.14159265358979,1.23918376891597,4.53785605518526,0.0237364058355087,0.032439091494573996,0.01518401600617995
0.349065850398866,3.14159265358979,1.25663706143592,4.53785605518526,0.02365099000633365,0.032297307602109346,0.0151651773824971
0.349065850398866,3.14159265358979,1.27409035395586,4.53785605518526,0.023630443200461648,0.03224085747800765,0.01518593689131565
0.349065850398866,3.14159265358979,1.2915436464758,4.53785605518526,0.02361859005099035,0.03224243081158875,0.01519682768319195
0.349065850398866,3.14159265358979,1.30899693899575,4.53785605518526,0.02342431078935665,0.03190493208179195,0.0150925285664301
0.349065850398866,3.14159265358979,1.32645023151569,4.53785605518526,0.0220764435199816,0.029969672661057947,0.014161782317476699
0.349065850398866,3.14159265358979,1.34390352403563,4.53785605518526,0.0205379722568837,0.02781308745673785,0.01313463276268315
0.349065850398866,3.14159265358979,1.36135681655558,4.53785605518526,0.018992724962518602,0.0256725454666345,0.012129012992340451
0.349065850398866,3.14159265358979,1.37881010907552,4.53785605518526,0.017441086062102,0.02354441715024745,0.0111397063313482
0.349065850398866,3.14159265358979,1.39626340159546,4.53785605518526,0.0158837594677634,0.0214227751443457,0.010157776721165534
0.349065850398866,3.14159265358979,1.41371669411541,4.53785605518526,0.01420622448385005,0.0192816911183385,0.009128566654747365
0.349065850398866,3.14159265358979,1.43116998663535,4.53785605518526,0.0126197541699581,0.017123405725714448,0.008091360186939695
0.349065850398866,3.14159265358979,1.44862327915529,4.53785605518526,0.011062306615504499,0.014976228905447,0.00707455493186787
0.349065850398866,3.14159265358979,1.46607657167524,4.53785605518526,0.009498909261153439,0.012837404287557301,0.00606817718523237
0.349065850398866,3.14159265358979,1.48352986419518,4.53785605518526,0.00792989215742898,0.0107038303471161,0.005067756373313265
0.349065850398866,3.14159265358979,1.50098315671512,4.53785605518526,0.006355646088844705,0.00857199288855065,0.004068135402325655
0.349065850398866,3.14159265358979,1.51843644923507,4.53785605518526,0.0047425782824065555,0.006426298772672835,0.0030437620589088
0.349065850398866,3.14159265358979,1.53588974175501,4.53785605518526,0.003154496354603915,0.00427902688652957,0.002022182807256585
0.349065850398866,3.14159265358979,1.55334303427495,4.53785605518526,0.00157851596762692,0.00213713525951568,0.001009765500659161
0.349065850398866,3.14159265358979,1.5707963267949,4.53785605518526,0.001018277726092515,0.0013778221445112401,0.000650612603906354
0.349065850398866,3.14159265358979,0.0174532925199433,4.71238898038469,0.0346950364436472,0.0419847254668092,0.02234580365885345
0.349065850398866,3.14159265358979,0.0349065850398866,4.71238898038469,0.03462080790986715,0.042142980072529604,0.02221095183371095
0.349065850398866,3.14159265358979,0.0523598775598299,4.71238898038469,0.03449195515255365,0.0419260349210413,0.022221891927312498
0.349065850398866,3.14159265358979,0.0698131700797732,4.71238898038469,0.034409713550662455,0.0419337586494723,0.02225899372555635
0.349065850398866,3.14159265358979,0.0872664625997165,4.71238898038469,0.034132766726298794,0.041777244181526854,0.0221012319771633
0.349065850398866,3.14159265358979,0.10471975511966,4.71238898038469,0.0338557924804191,0.0415254297716732,0.02185731825138615
0.349065850398866,3.14159265358979,0.122173047639603,4.71238898038469,0.033473011649008,0.04117670735171005,0.02160189091836865
0.349065850398866,3.14159265358979,0.139626340159546,4.71238898038469,0.03306140271025645,0.040818531801386795,0.02119381213965275
0.349065850398866,3.14159265358979,0.15707963267949,4.71238898038469,0.03253983397816085,0.040432808929449504,0.020759991017241852
0.349065850398866,3.14159265358979,0.174532925199433,4.71238898038469,0.0317232123582131,0.0399143315546763,0.02028673196190395
0.349065850398866,3.14159265358979,0.191986217719376,4.71238898038469,0.03122375622417685,0.03948134202403315,0.01993072198388665
0.349065850398866,3.14159265358979,0.20943951023932,4.71238898038469,0.0309478347178885,0.039199574033953855,0.01970343564523715
0.349065850398866,3.14159265358979,0.226892802759263,4.71238898038469,0.030508428385425397,0.038783878278775955,0.0194807125960444
0.349065850398866,3.14159265358979,0.244346095279206,4.71238898038469,0.030130752800267002,0.03830040861963625,0.01912258153001245
0.349065850398866,3.14159265358979,0.261799387799149,4.71238898038469,0.02970089288137915,0.0379437618826634,0.01890165686733505
0.349065850398866,3.14159265358979,0.279252680319093,4.71238898038469,0.0294917963943194,0.0375444688700762,0.01861904210822055
0.349065850398866,3.14159265358979,0.296705972839036,4.71238898038469,0.0292386974518955,0.0372607039108223,0.0184052624871527
0.349065850398866,3.14159265358979,0.314159265358979,4.71238898038469,0.0288772671733219,0.0369309108941627,0.0181967533248216
0.349065850398866,3.14159265358979,0.331612557878923,4.71238898038469,0.028631382992922248,0.03712079976794405,0.01824248010623805
0.349065850398866,3.14159265358979,0.349065850398866,4.71238898038469,0.0285243976634331,0.03699754888998255,0.018093927567502152
0.349065850398866,3.14159265358979,0.366519142918809,4.71238898038469,0.02833880280604865,0.0367596608998515,0.01795587697691855
0.349065850398866,3.14159265358979,0.383972435438752,4.71238898038469,0.02806006171762975,0.03638553335128469,0.01776746512327285
0.349065850398866,3.14159265358979,0.401425727958696,4.71238898038469,0.0277915615772713,0.0363030638006519,0.0175116834205691
0.349065850398866,3.14159265358979,0.418879020478639,4.71238898038469,0.027741665635380948,0.03611487808303765,0.01731297647494265
0.349065850398866,3.14159265358979,0.436332312998582,4.71238898038469,0.02760894567516385,0.035882542934255496,0.01720692908828235
0.349065850398866,3.14159265358979,0.453785605518526,4.71238898038469,0.02743358539977405,0.035925944228470355,0.0172446095378108
0.349065850398866,3.14159265358979,0.471238898038469,4.71238898038469,0.02710126547923895,0.03584703004102775,0.01716516861757035
0.349065850398866,3.14159265358979,0.488692190558412,4.71238898038469,0.02680679502110115,0.03588130963128085,0.0170067815379592
0.349065850398866,3.14159265358979,0.506145483078356,4.71238898038469,0.0269170956585999,0.03571847557551215,0.01693217079255025
0.349065850398866,3.14159265358979,0.523598775598299,4.71238898038469,0.0267712856572687,0.03538480913320255,0.01686997659675785
0.349065850398866,3.14159265358979,0.541052068118242,4.71238898038469,0.0266671342494191,0.035219292024014345,0.016683342663119452
0.349065850398866,3.14159265358979,0.558505360638185,4.71238898038469,0.02635089915128925,0.035148098874134004,0.0163426228008581
0.349065850398866,3.14159265358979,0.575958653158129,4.71238898038469,0.02612519436657695,0.03516612073554455,0.01615361940834135
0.349065850398866,3.14159265358979,0.593411945678072,4.71238898038469,0.02608505155974655,0.0352982620313816,0.01615879215875125
0.349065850398866,3.14159265358979,0.610865238198015,4.71238898038469,0.0261798141207581,0.0352550901149724,0.01624179228856845
0.349065850398866,3.14159265358979,0.628318530717959,4.71238898038469,0.02613427658913955,0.0348595034592074,0.0161870603504686
0.349065850398866,3.14159265358979,0.645771823237902,4.71238898038469,0.0261366726322305,0.03465114116405805,0.016272719952115752
0.349065850398866,3.14159265358979,0.663225115757845,4.71238898038469,0.0261399340780228,0.03460671654379565,0.01623686011664285
0.349065850398866,3.14159265358979,0.680678408277788,4.71238898038469,0.026078476822570952,0.034653993242245745,0.016107455944197102
0.349065850398866,3.14159265358979,0.698131700797732,4.71238898038469,0.026039661664504797,0.034623649227973397,0.01625709448158935
0.349065850398866,3.14159265358979,0.715584993317675,4.71238898038469,0.02606838050899045,0.0345375307797369,0.0162371177655511
0.349065850398866,3.14159265358979,0.733038285837618,4.71238898038469,0.02615098692729515,0.0346217840078649,0.016066131552743147
0.349065850398866,3.14159265358979,0.750491578357562,4.71238898038469,0.025863141837141,0.034508948279094245,0.015927565696801052
0.349065850398866,3.14159265358979,0.767944870877505,4.71238898038469,0.0257188152744794,0.03420725037651555,0.0160503352555455
0.349065850398866,3.14159265358979,0.785398163397448,4.71238898038469,0.025638530178100048,0.03440675686239085,0.01609070369373365
0.349065850398866,3.14159265358979,0.802851455917391,4.71238898038469,0.0257222974773491,0.03446305186370565,0.01599916435408715
0.349065850398866,3.14159265358979,0.820304748437335,4.71238898038469,0.025811112126725898,0.03430227339875195,0.01597831457749575
0.349065850398866,3.14159265358979,0.837758040957278,4.71238898038469,0.0257901579483917,0.03416061763682075,0.015957493271081702
0.349065850398866,3.14159265358979,0.855211333477221,4.71238898038469,0.0256735987256693,0.034175663490969246,0.0158466269085868
0.349065850398866,3.14159265358979,0.872664625997165,4.71238898038469,0.02564912043297555,0.034273108676460745,0.015764798208668752
0.349065850398866,3.14159265358979,0.890117918517108,4.71238898038469,0.02539339491093305,0.03422037885803455,0.01584227034372205
0.349065850398866,3.14159265358979,0.907571211037051,4.71238898038469,0.02553315800494925,0.0340378922853115,0.01592301909520925
0.349065850398866,3.14159265358979,0.925024503556995,4.71238898038469,0.0255299372568819,0.0340373776501008,0.0160783264512902
0.349065850398866,3.14159265358979,0.942477796076938,4.71238898038469,0.025546948889478047,0.034089647284776106,0.015870339938197302
0.349065850398866,3.14159265358979,0.959931088596881,4.71238898038469,0.0254464019005885,0.033594227941296254,0.01549343357275905
0.349065850398866,3.14159265358979,0.977384381116825,4.71238898038469,0.025589202396518698,0.033812205675133905,0.0154881357793079
0.349065850398866,3.14159265358979,0.994837673636768,4.71238898038469,0.02542764850001325,0.03389346230910695,0.015513158317087699
0.349065850398866,3.14159265358979,1.01229096615671,4.71238898038469,0.0257180402973691,0.033641806644359104,0.0155722346214025
0.349065850398866,3.14159265358979,1.02974425867665,4.71238898038469,0.025722346190859252,0.033662343726485355,0.0157184268368378
0.349065850398866,3.14159265358979,1.0471975511966,4.71238898038469,0.025795760330126698,0.0338049559748511,0.01588435424390955
0.349065850398866,3.14159265358979,1.06465084371654,4.71238898038469,0.02551793370681095,0.03381205474595465,0.0158980703558753
0.349065850398866,3.14159265358979,1.08210413623648,4.71238898038469,0.02561035673933825,0.0336623470883511,0.0158622070309835
0.349065850398866,3.14159265358979,1.09955742875643,4.71238898038469,0.0252454379991201,0.03347950425172795,0.01576163841868225
0.349065850398866,3.14159265358979,1.11701072127637,4.71238898038469,0.0251820271808068,0.03338352919821015,0.0157963150526179
0.349065850398866,3.14159265358979,1.13446401379631,4.71238898038469,0.02515039264962345,0.033376679072948404,0.01573205425191415
0.349065850398866,3.14159265358979,1.15191730631626,4.71238898038469,0.024991638114615952,0.03329378987002225,0.0157553248486057
0.349065850398866,3.14159265358979,1.1693705988362,4.71238898038469,0.02480459948612105,0.03303636777612415,0.01577628873974665
0.349065850398866,3.14159265358979,1.18682389135614,4.71238898038469,0.02474008344631485,0.033061504393622404,0.0157494054386417
0.349065850398866,3.14159265358979,1.20427718387609,4.71238898038469,0.024780052611694352,0.033060461616227554,0.0156336689664806
0.349065850398866,3.14159265358979,1.22173047639603,4.71238898038469,0.0246340702441132,0.0329383066937942,0.01552160098543805
0.349065850398866,3.14159265358979,1.23918376891597,4.71238898038469,0.024362387370395748,0.0326931885877418,0.01541395779844875
0.349065850398866,3.14159265358979,1.25663706143592,4.71238898038469,0.02427322239570585,0.0326155477192955,0.015399263048799398
0.349065850398866,3.14159265358979,1.27409035395586,4.71238898038469,0.02425181326854315,0.0326035109786612,0.01541251506157945
0.349065850398866,3.14159265358979,1.2915436464758,4.71238898038469,0.024198320739644848,0.03252930401425485,0.015413339601641748
0.349065850398866,3.14159265358979,1.30899693899575,4.71238898038469,0.02408917942520725,0.03235340458895015,0.01539705315784655
0.349065850398866,3.14159265358979,1.32645023151569,4.71238898038469,0.0224832341301934,0.0301965109496868,0.014370582947323449
0.349065850398866,3.14159265358979,1.34390352403563,4.71238898038469,0.0208772888351796,0.02803961731042345,0.0133441127368003
0.349065850398866,3.14159265358979,1.36135681655558,4.71238898038469,0.01927134354016575,0.0258827236711601,0.01231764252627725
0.349065850398866,3.14159265358979,1.37881010907552,4.71238898038469,0.017665398245152,0.023725830031896752,0.01129117231575415
0.349065850398866,3.14159265358979,1.39626340159546,4.71238898038469,0.01605945295013815,0.021568936392633402,0.010264702105231
0.349065850398866,3.14159265358979,1.41371669411541,4.71238898038469,0.01445350765512435,0.0194120427533701,0.009238231894707918
0.349065850398866,3.14159265358979,1.43116998663535,4.71238898038469,0.01284756236011055,0.01725514911410675,0.008211761684184814
0.349065850398866,3.14159265358979,1.44862327915529,4.71238898038469,0.0112416170650967,0.0150982554748434,0.007185291473661716
0.349065850398866,3.14159265358979,1.46607657167524,4.71238898038469,0.009635671770082895,0.012941361835580052,0.006158821263138615
0.349065850398866,3.14159265358979,1.48352986419518,4.71238898038469,0.008029726475069075,0.010784468196316701,0.005132351052615505
0.349065850398866,3.14159265358979,1.50098315671512,4.71238898038469,0.006423781180055265,0.00862757455705337,0.0041058808420924
0.349065850398866,3.14159265358979,1.51843644923507,4.71238898038469,0.00481783588504145,0.006470680917790034,0.003079410631569295
0.349065850398866,3.14159265358979,1.53588974175501,4.71238898038469,0.00321189059002763,0.00431378727852668,0.002052940421046195
0.349065850398866,3.14159265358979,1.55334303427495,4.71238898038469,0.00160594529501382,0.0021568936392633497,0.00102647021052309
0.349065850398866,3.14159265358979,1.5707963267949,4.71238898038469,-2.16840434497101e-18,-2.2022856628615044e-19,-1.417594340524795e-17
0.349065850398866,3.14159265358979,0.0174532925199433,4.88692190558412,0.034950309979421654,0.04218963175866465,0.022564428860426353
0.349065850398866,3.14159265358979,0.0349065850398866,4.88692190558412,0.0351559332255666,0.04257143831610155,0.0226686488889275
0.349065850398866,3.14159265358979,0.0523598775598299,4.88692190558412,0.0353154200275248,0.042649500427774045,0.02288683707177415
0.349065850398866,3.14159265358979,0.0698131700797732,4.88692190558412,0.0354205044050774,0.04275669589846395,0.02304180793691235
0.349065850398866,3.14159265358979,0.0872664625997165,4.88692190558412,0.035231140152943805,0.04277122510753065,0.02298903956304745
0.349065850398866,3.14159265358979,0.10471975511966,4.88692190558412,0.03523791762975985,0.0427405735817461,0.0229742978128407
0.349065850398866,3.14159265358979,0.122173047639603,4.88692190558412,0.03513098702333735,0.0425155469001411,0.02284875938002055
0.349065850398866,3.14159265358979,0.139626340159546,4.88692190558412,0.034764486797608504,0.042258954655842854,0.0226001300439561
0.349065850398866,3.14159265358979,0.15707963267949,4.88692190558412,0.034309151250255,0.04184334092127415,0.0222297176719326
0.349065850398866,3.14159265358979,0.174532925199433,4.88692190558412,0.03367867758347405,0.04134168393475455,0.0218076273272921
0.349065850398866,3.14159265358979,0.191986217719376,4.88692190558412,0.032980822738387705,0.040944480783325,0.021395221214507702
0.349065850398866,3.14159265358979,0.20943951023932,4.88692190558412,0.032339515515017805,0.040474412553342345,0.0210060962302883
0.349065850398866,3.14159265358979,0.226892802759263,4.88692190558412,0.03189351114614175,0.0399971848213417,0.0206373783177848
0.349065850398866,3.14159265358979,0.244346095279206,4.88692190558412,0.03152120321252075,0.03964469196164995,0.02033208602259315
0.349065850398866,3.14159265358979,0.261799387799149,4.88692190558412,0.0310930279241707,0.0391852863737984,0.020019847312895002
0.349065850398866,3.14159265358979,0.279252680319093,4.88692190558412,0.03067805666308945,0.0387915719099513,0.01968505964541115
0.349065850398866,3.14159265358979,0.296705972839036,4.88692190558412,0.03027218195998445,0.03848579951018785,0.01925883798773395
0.349065850398866,3.14159265358979,0.314159265358979,4.88692190558412,0.02982286112041655,0.0382352063571827,0.0188928301078138
0.349065850398866,3.14159265358979,0.331612557878923,4.88692190558412,0.0294911981905162,0.038054694482274,0.0187000781265338
0.349065850398866,3.14159265358979,0.349065850398866,4.88692190558412,0.02926082887364995,0.037802432981544246,0.01856129030109
0.349065850398866,3.14159265358979,0.366519142918809,4.88692190558412,0.029049440176548348,0.037445146595124296,0.0184149004326961
0.349065850398866,3.14159265358979,0.383972435438752,4.88692190558412,0.02877457774115045,0.0371308169551263,0.01825220611032195
0.349065850398866,3.14159265358979,0.401425727958696,4.88692190558412,0.02845876486758985,0.0369277340696062,0.018119621716373602
0.349065850398866,3.14159265358979,0.418879020478639,4.88692190558412,0.0282684632872945,0.0368110917411373,0.0180350078829302
0.349065850398866,3.14159265358979,0.436332312998582,4.88692190558412,0.0281417283850688,0.03664894794004705,0.0179347730903404
0.349065850398866,3.14159265358979,0.453785605518526,4.88692190558412,0.02792432941884655,0.0364889401567114,0.01780370626721625
0.349065850398866,3.14159265358979,0.471238898038469,4.88692190558412,0.027666855843449703,0.03629767674109825,0.0176255945116191
0.349065850398866,3.14159265358979,0.488692190558412,4.88692190558412,0.0273730303653189,0.0361065757002523,0.01737028492337325
0.349065850398866,3.14159265358979,0.506145483078356,4.88692190558412,0.027147789868580498,0.035934571464335055,0.017187450626255797
0.349065850398866,3.14159265358979,0.523598775598299,4.88692190558412,0.0269700249187415,0.0358415269509322,0.017029263646986502
0.349065850398866,3.14159265358979,0.541052068118242,4.88692190558412,0.0268413662699315,0.0356584711680904,0.0169109536507748
0.349065850398866,3.14159265358979,0.558505360638185,4.88692190558412,0.0266639567875808,0.03543642983585655,0.01681134281866495
0.349065850398866,3.14159265358979,0.575958653158129,4.88692190558412,0.026334250233171902,0.0352981394679499,0.0166482831497914
0.349065850398866,3.14159265358979,0.593411945678072,4.88692190558412,0.026116710243423498,0.035191770460996405,0.016500886131302447
0.349065850398866,3.14159265358979,0.610865238198015,4.88692190558412,0.02604426002414395,0.035096008116287755,0.0164090538957876
0.349065850398866,3.14159265358979,0.628318530717959,4.88692190558412,0.02606224973252125,0.0349123073077615,0.01636213619577495
0.349065850398866,3.14159265358979,0.645771823237902,4.88692190558412,0.026200395839721752,0.03462678454906795,0.0163063778393277
0.349065850398866,3.14159265358979,0.663225115757845,4.88692190558412,0.02624563353467975,0.0344794096665757,0.01626857744209255
0.349065850398866,3.14159265358979,0.680678408277788,4.88692190558412,0.02617492185836655,0.0345113551153827,0.01628697109883825
0.349065850398866,3.14159265358979,0.698131700797732,4.88692190558412,0.0260888149553814,0.034608445975622695,0.0162957549233769
0.349065850398866,3.14159265358979,0.715584993317675,4.88692190558412,0.02598223422125825,0.034575320336724044,0.01626860243793625
0.349065850398866,3.14159265358979,0.733038285837618,4.88692190558412,0.025948312112678,0.0345443195970189,0.016199611088103652
0.349065850398866,3.14159265358979,0.750491578357562,4.88692190558412,0.0259081209347905,0.03452623679838135,0.0161445475307765
0.349065850398866,3.14159265358979,0.767944870877505,4.88692190558412,0.02577018451788345,0.0344797783543459,0.01619755247564015
0.349065850398866,3.14159265358979,0.785398163397448,4.88692190558412,0.02565107844597835,0.034468892391550696,0.0162012240749448
0.349065850398866,3.14159265358979,0.802851455917391,4.88692190558412,0.02561549831916785,0.03438280130126535,0.016101698133361653
0.349065850398866,3.14159265358979,0.820304748437335,4.88692190558412,0.0257907440952101,0.0342408230275442,0.01600854024928075
0.349065850398866,3.14159265358979,0.837758040957278,4.88692190558412,0.02575278439721235,0.034074000133879345,0.0158601543621402
0.349065850398866,3.14159265358979,0.855211333477221,4.88692190558412,0.0256617344019651,0.03413758664100485,0.0158182129515127
0.349065850398866,3.14159265358979,0.872664625997165,4.88692190558412,0.0255598123503476,0.034135641513722004,0.01582858836515475
0.349065850398866,3.14159265358979,0.890117918517108,4.88692190558412,0.02560977381778895,0.03408382343514655,0.0157878515460196
0.349065850398866,3.14159265358979,0.907571211037051,4.88692190558412,0.025828352805491603,0.034086753197576744,0.01573703461938145
0.349065850398866,3.14159265358979,0.925024503556995,4.88692190558412,0.0258550763022098,0.03396068288035075,0.0158039480520202
0.349065850398866,3.14159265358979,0.942477796076938,4.88692190558412,0.0257243677819249,0.0340104081756011,0.015863547714085352
0.349065850398866,3.14159265358979,0.959931088596881,4.88692190558412,0.02565283627231375,0.0341147980300394,0.015791074105356802
0.349065850398866,3.14159265358979,0.977384381116825,4.88692190558412,0.0256767686207792,0.03411610820528865,0.0157017892181171
0.349065850398866,3.14159265358979,0.994837673636768,4.88692190558412,0.0257459202081859,0.0340012969561213,0.01575084382994665
0.349065850398866,3.14159265358979,1.01229096615671,4.88692190558412,0.02573275668302915,0.03398422249519195,0.01566199915007985
0.349065850398866,3.14159265358979,1.02974425867665,4.88692190558412,0.02570481819651145,0.03402184361476595,0.01564127610452095
0.349065850398866,3.14159265358979,1.0471975511966,4.88692190558412,0.025565602699755302,0.03401157465038545,0.01574891755549035
0.349065850398866,3.14159265358979,1.06465084371654,4.88692190558412,0.0256665028231116,0.03423066858850575,0.0158676608352539
0.349065850398866,3.14159265358979,1.08210413623648,4.88692190558412,0.02567459006165435,0.0341122721169342,0.01588609324680055
0.349065850398866,3.14159265358979,1.09955742875643,4.88692190558412,0.02580398003933535,0.034175162501064546,0.015728468066582152
0.349065850398866,3.14159265358979,1.11701072127637,4.88692190558412,0.0258244986442853,0.034047323996968804,0.0156008212718774
0.349065850398866,3.14159265358979,1.13446401379631,4.88692190558412,0.025530657729152598,0.033718914431708005,0.01552948350472605
0.349065850398866,3.14159265358979,1.15191730631626,4.88692190558412,0.0254105764898299,0.033608914695762604,0.01560165757887785
0.349065850398866,3.14159265358979,1.1693705988362,4.88692190558412,0.025285954066446452,0.03346220735326465,0.01567766188172875
0.349065850398866,3.14159265358979,1.18682389135614,4.88692190558412,0.0252031622021935,0.0332987999281802,0.0156173158806518
0.349065850398866,3.14159265358979,1.20427718387609,4.88692190558412,0.0250562774667831,0.03314950618917215,0.01553881337496095
0.349065850398866,3.14159265358979,1.22173047639603,4.88692190558412,0.02500567716713715,0.0330909648369905,0.01553642644218155
0.349065850398866,3.14159265358979,1.23918376891597,4.88692190558412,0.024865862095954802,0.03276589257895325,0.01550315410164195
0.349065850398866,3.14159265358979,1.25663706143592,4.88692190558412,0.024561971188454053,0.032605917494339,0.01547927978625135
0.349065850398866,3.14159265358979,1.27409035395586,4.88692190558412,0.024440589964227898,0.032488699307733904,0.015388328523733251
0.349065850398866,3.14159265358979,1.2915436464758,4.88692190558412,0.02443318182731145,0.03247134937556245,0.0153214187346914
0.349065850398866,3.14159265358979,1.30899693899575,4.88692190558412,0.0241630497531095,0.03207831670125895,0.015068890034961101
0.349065850398866,3.14159265358979,1.32645023151569,4.88692190558412,0.022754631949849002,0.03015091387931485,0.014221323589007049
0.349065850398866,3.14159265358979,1.34390352403563,4.88692190558412,0.0211516764189308,0.028010649124724403,0.0132484952441702
0.349065850398866,3.14159265358979,1.36135681655558,4.88692190558412,0.019535734188167002,0.0258830482742002,0.012250414976473
0.349065850398866,3.14159265358979,1.37881010907552,4.88692190558412,0.0179095537384813,0.02376420863319975,0.011232328711412099
0.349065850398866,3.14159265358979,1.39626340159546,4.88692190558412,0.016278154519886297,0.0216476105195753,0.010203311283423201
0.349065850398866,3.14159265358979,1.41371669411541,4.88692190558412,0.014621629066807751,0.0194119389829095,0.009129638109692625
0.349065850398866,3.14159265358979,1.43116998663535,4.88692190558412,0.0130042634827689,0.017231214784434998,0.008130538105886586
0.349065850398866,3.14159265358979,1.44862327915529,4.88692190558412,0.011388702478009351,0.01508640478861535,0.007133843158901809
0.349065850398866,3.14159265358979,1.46607657167524,4.88692190558412,0.00976604183335507,0.012945975074827549,0.0061230721178821956
0.349065850398866,3.14159265358979,1.48352986419518,4.88692190558412,0.00813864613799841,0.01080658579197555,0.005102722574132135
0.349065850398866,3.14159265358979,1.50098315671512,4.88692190558412,0.00650931144628396,0.008664420580720365,0.00407800232215952
0.349065850398866,3.14159265358979,1.51843644923507,4.88692190558412,0.004875609531809795,0.006476079340125575,0.0030473201061566747
0.349065850398866,3.14159265358979,1.53588974175501,4.88692190558412,0.00324990376314881,0.00430673346281934,0.002032226009099775
0.349065850398866,3.14159265358979,1.55334303427495,4.88692190558412,0.00162489882217844,0.002152935757660195,0.0010176608007981401
0.349065850398866,3.14159265358979,1.5707963267949,4.88692190558412,0.0010483232195476599,0.001388163193131685,0.0006570721555266835
0.349065850398866,3.14159265358979,0.0174532925199433,5.06145483078356,0.03519478553559135,0.04238309507860655,0.0227728078241822
0.349065850398866,3.14159265358979,0.0349065850398866,5.06145483078356,0.035675799670562,0.042974246290493706,0.023118081965756
0.349065850398866,3.14159265358979,0.0523598775598299,5.06145483078356,0.03612965103920725,0.043356863523360545,0.02354185588265445
0.349065850398866,3.14159265358979,0.0698131700797732,5.06145483078356,0.036595999711155056,0.04366566643065,0.023986677934480248
0.349065850398866,3.14159265358979,0.0872664625997165,5.06145483078356,0.03687408997019575,0.043941201456015405,0.02424836029161405
0.349065850398866,3.14159265358979,0.10471975511966,5.06145483078356,0.037051068869310505,0.0441613801620447,0.024410424831937498
0.349065850398866,3.14159265358979,0.122173047639603,5.06145483078356,0.03713005769142885,0.0442720860427029,0.0245069715780512
0.349065850398866,3.14159265358979,0.139626340159546,5.06145483078356,0.0370800872837417,0.04424717951656535,0.02447157694799375
0.349065850398866,3.14159265358979,0.15707963267949,5.06145483078356,0.0368324121658707,0.04400307175670885,0.02426574725298815
0.349065850398866,3.14159265358979,0.174532925199433,5.06145483078356,0.0362788026706375,0.04357395184510695,0.023931402617192753
0.349065850398866,3.14159265358979,0.191986217719376,5.06145483078356,0.0354713373097813,0.0430500105594809,0.02350003595041565
0.349065850398866,3.14159265358979,0.20943951023932,5.06145483078356,0.03473239510635545,0.042454464106903206,0.02304129422336265
0.349065850398866,3.14159265358979,0.226892802759263,5.06145483078356,0.03427225333034825,0.041936209190426246,0.022607113052670748
0.349065850398866,3.14159265358979,0.244346095279206,5.06145483078356,0.03373910139450185,0.041437576644499846,0.02214879196657175
0.349065850398866,3.14159265358979,0.261799387799149,5.06145483078356,0.03305746155273545,0.0407944965714189,0.0217112465588893
0.349065850398866,3.14159265358979,0.279252680319093,5.06145483078356,0.03238844635178435,0.0402426675118032,0.02133427997079035
0.349065850398866,3.14159265358979,0.296705972839036,5.06145483078356,0.03206286905078505,0.0399980136917228,0.02091312070470765
0.349065850398866,3.14159265358979,0.314159265358979,5.06145483078356,0.031744528926978904,0.0397060877889846,0.020446273689558
0.349065850398866,3.14159265358979,0.331612557878923,5.06145483078356,0.03133564581796525,0.039374917226209144,0.0200011963121852
0.349065850398866,3.14159265358979,0.349065850398866,5.06145483078356,0.03078612112565315,0.039144747337841,0.01975007064042615
0.349065850398866,3.14159265358979,0.366519142918809,5.06145483078356,0.03036392098367805,0.03879253717914605,0.0196107099866125
0.349065850398866,3.14159265358979,0.383972435438752,5.06145483078356,0.0299632440385629,0.03831599059790995,0.01938370704255475
0.349065850398866,3.14159265358979,0.401425727958696,5.06145483078356,0.029578712929943553,0.03788074831772685,0.01899915359197325
0.349065850398866,3.14159265358979,0.418879020478639,5.06145483078356,0.02923145236684495,0.03760605007992655,0.018655881809348802
0.349065850398866,3.14159265358979,0.436332312998582,5.06145483078356,0.028919474889999602,0.037442705397721654,0.018463260906062103
0.349065850398866,3.14159265358979,0.453785605518526,5.06145483078356,0.028612042742158998,0.03723962034900395,0.018273785413650948
0.349065850398866,3.14159265358979,0.471238898038469,5.06145483078356,0.02826311553599745,0.03700304213050315,0.0180404172694536
0.349065850398866,3.14159265358979,0.488692190558412,5.06145483078356,0.02785899515385545,0.036747602615276695,0.017839803870092
0.349065850398866,3.14159265358979,0.506145483078356,5.06145483078356,0.0275436591248433,0.036549302439266296,0.0176760961652454
0.349065850398866,3.14159265358979,0.523598775598299,5.06145483078356,0.0273985651916327,0.0363716048396546,0.017575841731265
0.349065850398866,3.14159265358979,0.541052068118242,5.06145483078356,0.02733781181809165,0.03618857332436145,0.0174558183547043
0.349065850398866,3.14159265358979,0.558505360638185,5.06145483078356,0.0272864901521663,0.0360303486287877,0.0172963350957668
0.349065850398866,3.14159265358979,0.575958653158129,5.06145483078356,0.0272710711189151,0.035746129570038504,0.01726232752659375
0.349065850398866,3.14159265358979,0.593411945678072,5.06145483078356,0.0269319277460766,0.0356402732593344,0.0170528283043408
0.349065850398866,3.14159265358979,0.610865238198015,5.06145483078356,0.02659803070881775,0.035685355644603706,0.01681529455638765
0.349065850398866,3.14159265358979,0.628318530717959,5.06145483078356,0.02656249954944905,0.03556765353171545,0.016686026828469
0.349065850398866,3.14159265358979,0.645771823237902,5.06145483078356,0.026544387986216347,0.0353242506434758,0.01667212748720505
0.349065850398866,3.14159265358979,0.663225115757845,5.06145483078356,0.02657835910768385,0.035114787983429,0.016675224069318602
0.349065850398866,3.14159265358979,0.680678408277788,5.06145483078356,0.026637170757439897,0.0349303960567822,0.0165521997721308
0.349065850398866,3.14159265358979,0.698131700797732,5.06145483078356,0.0265121482901291,0.0347882114169074,0.0164800653805032
0.349065850398866,3.14159265358979,0.715584993317675,5.06145483078356,0.026325824995222,0.03479920217631895,0.01638734817580855
0.349065850398866,3.14159265358979,0.733038285837618,5.06145483078356,0.0261873446632174,0.0347601738559545,0.0162386196114697
0.349065850398866,3.14159265358979,0.750491578357562,5.06145483078356,0.0261194806778747,0.03464038660431555,0.0161393150729292
0.349065850398866,3.14159265358979,0.767944870877505,5.06145483078356,0.0260495104075244,0.0345985820157252,0.01614714650117175
0.349065850398866,3.14159265358979,0.785398163397448,5.06145483078356,0.0259585865957444,0.03473177005425125,0.0162206544225724
0.349065850398866,3.14159265358979,0.802851455917391,5.06145483078356,0.02599296508438525,0.03474734798160345,0.01623083885518875
0.349065850398866,3.14159265358979,0.820304748437335,5.06145483078356,0.0259859791143127,0.03468905163999635,0.01630552728018845
0.349065850398866,3.14159265358979,0.837758040957278,5.06145483078356,0.0260248561164068,0.034574907809296146,0.0163204345352076
0.349065850398866,3.14159265358979,0.855211333477221,5.06145483078356,0.02599797585473215,0.03438938393810575,0.0162009536430882
0.349065850398866,3.14159265358979,0.872664625997165,5.06145483078356,0.025831510294707698,0.03443471940745215,0.01607765811589945
0.349065850398866,3.14159265358979,0.890117918517108,5.06145483078356,0.025652504251623298,0.0342131500853178,0.015989738470137252
0.349065850398866,3.14159265358979,0.907571211037051,5.06145483078356,0.0256303895268296,0.0342779541601353,0.016022242495957052
0.349065850398866,3.14159265358979,0.925024503556995,5.06145483078356,0.02584215927411375,0.034460733971535804,0.01595658020684915
0.349065850398866,3.14159265358979,0.942477796076938,5.06145483078356,0.02578340681840825,0.03446874501090015,0.0158439913935638
0.349065850398866,3.14159265358979,0.959931088596881,5.06145483078356,0.025552542377229752,0.034437394819184605,0.0158462067364683
0.349065850398866,3.14159265358979,0.977384381116825,5.06145483078356,0.0254738311750659,0.034450549830791904,0.0159134835760657
0.349065850398866,3.14159265358979,0.994837673636768,5.06145483078356,0.0255462311449738,0.03447582666469155,0.0159071397147287
0.349065850398866,3.14159265358979,1.01229096615671,5.06145483078356,0.02577511249094315,0.034515687346408946,0.015793691072431303
0.349065850398866,3.14159265358979,1.02974425867665,5.06145483078356,0.02597048125074925,0.0344418984800988,0.0156598238836871
0.349065850398866,3.14159265358979,1.0471975511966,5.06145483078356,0.0260609508999868,0.034329560624718994,0.01556988864667835
0.349065850398866,3.14159265358979,1.06465084371654,5.06145483078356,0.02620414568016205,0.034195265857527746,0.01554695005312105
0.349065850398866,3.14159265358979,1.08210413623648,5.06145483078356,0.026175699980163752,0.0340779667871901,0.0155685689215614
0.349065850398866,3.14159265358979,1.09955742875643,5.06145483078356,0.025941888193950498,0.0338883984090779,0.0154804367476161
0.349065850398866,3.14159265358979,1.11701072127637,5.06145483078356,0.025912900852990903,0.0337409507501863,0.0155121493561091
0.349065850398866,3.14159265358979,1.13446401379631,5.06145483078356,0.025802235993168103,0.03350468840291595,0.015601218434186999
0.349065850398866,3.14159265358979,1.15191730631626,5.06145483078356,0.0256042664130348,0.03333754884740435,0.015569143731559099
0.349065850398866,3.14159265358979,1.1693705988362,5.06145483078356,0.025775552653213303,0.033318620970809704,0.0157511505151776
0.349065850398866,3.14159265358979,1.18682389135614,5.06145483078356,0.02567449737029085,0.033348983487361955,0.015786924373317
0.349065850398866,3.14159265358979,1.20427718387609,5.06145483078356,0.02568680337453145,0.0333590044647085,0.0157108518024564
0.349065850398866,3.14159265358979,1.22173047639603,5.06145483078356,0.025689013916866697,0.03340898347318955,0.015700110789425
0.349065850398866,3.14159265358979,1.23918376891597,5.06145483078356,0.02554006235997345,0.033219527324011996,0.0156260300835777
0.349065850398866,3.14159265358979,1.25663706143592,5.06145483078356,0.02536129378471625,0.0330164450307928,0.015568441477377501
0.349065850398866,3.14159265358979,1.27409035395586,5.06145483078356,0.0253537998261938,0.032952385543458654,0.01551700977564595
0.349065850398866,3.14159265358979,1.2915436464758,5.06145483078356,0.02533409091326735,0.03289445839032675,0.01548440962593535
0.349065850398866,3.14159265358979,1.30899693899575,5.06145483078356,0.02482399404963715,0.0322905382486598,0.01523909471269605
0.349065850398866,3.14159265358979,1.32645023151569,5.06145483078356,0.023570738567292,0.03063796133856375,0.01444902238320335
0.349065850398866,3.14159265358979,1.34390352403563,5.06145483078356,0.0218389156432644,0.028389320438074198,0.013450215964020549
0.349065850398866,3.14159265358979,1.36135681655558,5.06145483078356,0.02013254856333525,0.026184688692209,0.0124208548873682
0.349065850398866,3.14159265358979,1.37881010907552,5.06145483078356,0.018518073041050798,0.02406956025407295,0.0113550533500117
0.349065850398866,3.14159265358979,1.39626340159546,5.06145483078356,0.01680234194045285,0.0218417906559937,0.0103434411922207
0.349065850398866,3.14159265358979,1.41371669411541,5.06145483078356,0.015149272937464,0.0196942134222499,0.00928556643119328
0.349065850398866,3.14159265358979,1.43116998663535,5.06145483078356,0.0134653623106189,0.017502275334621502,0.00825968290148618
0.349065850398866,3.14159265358979,1.44862327915529,5.06145483078356,0.0117550559726681,0.01528116068766845,0.007244479611802275
0.349065850398866,3.14159265358979,1.46607657167524,5.06145483078356,0.01009685069518225,0.013123937399823999,0.0061943528229658
0.349065850398866,3.14159265358979,1.48352986419518,5.06145483078356,0.00841415244867255,0.010936811124274349,0.005162960599164296
0.349065850398866,3.14159265358979,1.50098315671512,5.06145483078356,0.00671538657941231,0.008729823678521705,0.004139587918411225
0.349065850398866,3.14159265358979,1.51843644923507,5.06145483078356,0.00504194340475893,0.0065539714639094495,0.003100675101173675
0.349065850398866,3.14159265358979,1.53588974175501,5.06145483078356,0.003364626420137035,0.004373405434756175,0.00206499856847509
0.349065850398866,3.14159265358979,1.55334303427495,5.06145483078356,0.0016789199153085651,0.00218241208117843,0.0010325130222327101
0.349065850398866,3.14159265358979,1.5707963267949,5.06145483078356,0.001065689403675495,0.0013851597592059702,0.0006532924070318
0.349065850398866,3.14159265358979,0.0174532925199433,5.23598775598299,0.03542120885262695,0.04256162738516265,0.0229630361567838
0.349065850398866,3.14159265358979,0.0349065850398866,5.23598775598299,0.036161524590432245,0.043336513699787554,0.02354335116974
0.349065850398866,3.14159265358979,0.0523598775598299,5.23598775598299,0.037054719509130446,0.04408940553350555,0.024275683705222248
0.349065850398866,3.14159265358979,0.0698131700797732,5.23598775598299,0.0378582375030996,0.0446387893964023,0.02500740754107525
0.349065850398866,3.14159265358979,0.0872664625997165,5.23598775598299,0.03858769456734315,0.04540427106122395,0.02577798821615445
0.349065850398866,3.14159265358979,0.10471975511966,5.23598775598299,0.039240651971947954,0.04605619649896525,0.02626507179330325
0.349065850398866,3.14159265358979,0.122173047639603,5.23598775598299,0.03972103659210115,0.04659080238178775,0.0268335653470278
0.349065850398866,3.14159265358979,0.139626340159546,5.23598775598299,0.03996782130455935,0.04677911822423875,0.02709209597493245
0.349065850398866,3.14159265358979,0.15707963267949,5.23598775598299,0.0402737264860558,0.0469487920626256,0.02734061801293025
0.349065850398866,3.14159265358979,0.174532925199433,5.23598775598299,0.039980843611239894,0.046845647189378406,0.02733861571460575
0.349065850398866,3.14159265358979,0.191986217719376,5.23598775598299,0.039747279762581855,0.0469272049468001,0.0275030314477794
0.349065850398866,3.14159265358979,0.20943951023932,5.23598775598299,0.03915514037171395,0.0465091689652147,0.02709227437835985
0.349065850398866,3.14159265358979,0.226892802759263,5.23598775598299,0.0384343492331514,0.0458756965504941,0.02653570142816235
0.349065850398866,3.14159265358979,0.244346095279206,5.23598775598299,0.0375566679394746,0.045143137093939495,0.0257795747033791
0.349065850398866,3.14159265358979,0.261799387799149,5.23598775598299,0.03678728386234205,0.044519972769367255,0.0251031895677764
0.349065850398866,3.14159265358979,0.279252680319093,5.23598775598299,0.03610285259860885,0.0437844528732865,0.02437380383372555
0.349065850398866,3.14159265358979,0.296705972839036,5.23598775598299,0.0356520919655082,0.0430453332051761,0.0237899380497942
0.349065850398866,3.14159265358979,0.314159265358979,5.23598775598299,0.03521305323186935,0.042477264479807,0.02324866074423895
0.349065850398866,3.14159265358979,0.331612557878923,5.23598775598299,0.0345132771612702,0.0418874244798782,0.022624494149338648
0.349065850398866,3.14159265358979,0.349065850398866,5.23598775598299,0.033732442711686,0.0411788588756585,0.02201025353202775
0.349065850398866,3.14159265358979,0.366519142918809,5.23598775598299,0.03303257120270375,0.04064201444879845,0.02154426849943295
0.349065850398866,3.14159265358979,0.383972435438752,5.23598775598299,0.03238460067205025,0.040255208352492605,0.0211046031151736
0.349065850398866,3.14159265358979,0.401425727958696,5.23598775598299,0.0318403358891835,0.03992298572225615,0.020621973186833648
0.349065850398866,3.14159265358979,0.418879020478639,5.23598775598299,0.03125067201876595,0.0394355203376855,0.0202540239354794
0.349065850398866,3.14159265358979,0.436332312998582,5.23598775598299,0.03066051719652035,0.038996772046199654,0.019824397360064902
0.349065850398866,3.14159265358979,0.453785605518526,5.23598775598299,0.030108254863961202,0.0385592367100488,0.019367740385780048
0.349065850398866,3.14159265358979,0.471238898038469,5.23598775598299,0.029499250162611748,0.0381141194822696,0.01899704436897135
0.349065850398866,3.14159265358979,0.488692190558412,5.23598775598299,0.0290162263727372,0.037774730742165294,0.0187167884215427
0.349065850398866,3.14159265358979,0.506145483078356,5.23598775598299,0.02878853481906895,0.037399112448031846,0.0184776156195915
0.349065850398866,3.14159265358979,0.523598775598299,5.23598775598299,0.02863243053051475,0.0368853021071104,0.01823341838034035
0.349065850398866,3.14159265358979,0.541052068118242,5.23598775598299,0.028162404231548248,0.0367293562057407,0.0180693775812616
0.349065850398866,3.14159265358979,0.558505360638185,5.23598775598299,0.02779350697857855,0.0364454733299617,0.0178833021713388
0.349065850398866,3.14159265358979,0.575958653158129,5.23598775598299,0.0277532878416141,0.0363670091321564,0.0177852612241146
0.349065850398866,3.14159265358979,0.593411945678072,5.23598775598299,0.027679231125381648,0.036333450366202655,0.0177450023570158
0.349065850398866,3.14159265358979,0.610865238198015,5.23598775598299,0.027469668698016703,0.0361852972232776,0.017573333594419552
0.349065850398866,3.14159265358979,0.628318530717959,5.23598775598299,0.0272749592711983,0.036092961131705,0.01730884198444415
0.349065850398866,3.14159265358979,0.645771823237902,5.23598775598299,0.0270434218225035,0.035928827626498044,0.0170973307811201
0.349065850398866,3.14159265358979,0.663225115757845,5.23598775598299,0.02680586660547945,0.03570672610336635,0.01692656614643415
0.349065850398866,3.14159265358979,0.680678408277788,5.23598775598299,0.02658584351994285,0.0353827796923345,0.0167677013172445
0.349065850398866,3.14159265358979,0.698131700797732,5.23598775598299,0.0264291398405621,0.035256157079560146,0.0166765577772864
0.349065850398866,3.14159265358979,0.715584993317675,5.23598775598299,0.0263138893597379,0.0352723527139399,0.01652503568617825
0.349065850398866,3.14159265358979,0.733038285837618,5.23598775598299,0.0262328671637827,0.03517610137719665,0.016426461892988152
0.349065850398866,3.14159265358979,0.750491578357562,5.23598775598299,0.02627790737180315,0.0349852230929237,0.0164911905165882
0.349065850398866,3.14159265358979,0.767944870877505,5.23598775598299,0.02642285444698525,0.034787582765507793,0.016567923878791448
0.349065850398866,3.14159265358979,0.785398163397448,5.23598775598299,0.02626919352106295,0.03464600668342015,0.01656984953792845
0.349065850398866,3.14159265358979,0.802851455917391,5.23598775598299,0.0260435081509338,0.03456340504910945,0.0165008391691353
0.349065850398866,3.14159265358979,0.820304748437335,5.23598775598299,0.025968357639468947,0.034493707193214054,0.016366211189768998
0.349065850398866,3.14159265358979,0.837758040957278,5.23598775598299,0.025979103839508702,0.034606574754260044,0.0163091510084288
0.349065850398866,3.14159265358979,0.855211333477221,5.23598775598299,0.02595195373112945,0.03471323597244225,0.016291296050878402
0.349065850398866,3.14159265358979,0.872664625997165,5.23598775598299,0.0260199553745233,0.0347893861635922,0.01628368228757085
0.349065850398866,3.14159265358979,0.890117918517108,5.23598775598299,0.026132655820242802,0.034577679965305155,0.016318675588807653
0.349065850398866,3.14159265358979,0.907571211037051,5.23598775598299,0.02627331170977825,0.03453322454497205,0.01631332214342525
0.349065850398866,3.14159265358979,0.925024503556995,5.23598775598299,0.0261152559721506,0.03452518993959275,0.01642777204310375
0.349065850398866,3.14159265358979,0.942477796076938,5.23598775598299,0.0263529396438572,0.034465016660049155,0.016466423927929102
0.349065850398866,3.14159265358979,0.959931088596881,5.23598775598299,0.026385039436034652,0.034628203443364744,0.016289536847580152
0.349065850398866,3.14159265358979,0.977384381116825,5.23598775598299,0.0263008115688981,0.0347478302194494,0.016039816939001347
0.349065850398866,3.14159265358979,0.994837673636768,5.23598775598299,0.0260597803449898,0.034456666768324304,0.0159245955211716
0.349065850398866,3.14159265358979,1.01229096615671,5.23598775598299,0.02578307156970045,0.03413766677348975,0.01595420962003495
0.349065850398866,3.14159265358979,1.02974425867665,5.23598775598299,0.025797161484222897,0.034284125113257555,0.01605043692643035
0.349065850398866,3.14159265358979,1.0471975511966,5.23598775598299,0.02574920411177825,0.0339253949769211,0.016034723066289953
0.349065850398866,3.14159265358979,1.06465084371654,5.23598775598299,0.025699622727067502,0.0340508827732732,0.0159299150806074
0.349065850398866,3.14159265358979,1.08210413623648,5.23598775598299,0.025796963680913998,0.034060103058363,0.0157887229653156
0.349065850398866,3.14159265358979,1.09955742875643,5.23598775598299,0.0256600259625269,0.0340283953692135,0.01577497327365105
0.349065850398866,3.14159265358979,1.11701072127637,5.23598775598299,0.025633766519875,0.033982050470608996,0.015709385975774752
0.349065850398866,3.14159265358979,1.13446401379631,5.23598775598299,0.0254675635680047,0.0337452811244427,0.015614433615686749
0.349065850398866,3.14159265358979,1.15191730631626,5.23598775598299,0.02554837613660075,0.033757280854225,0.0155506855302843
0.349065850398866,3.14159265358979,1.1693705988362,5.23598775598299,0.0256033764868566,0.033678530023193806,0.01551868680316265
0.349065850398866,3.14159265358979,1.18682389135614,5.23598775598299,0.025508840082000148,0.0333997038082149,0.01547027150902095
0.349065850398866,3.14159265358979,1.20427718387609,5.23598775598299,0.025590822018970748,0.0334515182935972,0.01542845717942825
0.349065850398866,3.14159265358979,1.22173047639603,5.23598775598299,0.025715144525803847,0.03339819917212245,0.0153960582624775
0.349065850398866,3.14159265358979,1.23918376891597,5.23598775598299,0.02554950920446355,0.0332319343067457,0.015367645811077699
0.349065850398866,3.14159265358979,1.25663706143592,5.23598775598299,0.02559667930633945,0.03293853036136105,0.0152755091534703
0.349065850398866,3.14159265358979,1.27409035395586,5.23598775598299,0.02543200969131985,0.032783892141351245,0.0152403561304338
0.349065850398866,3.14159265358979,1.2915436464758,5.23598775598299,0.025463511496757553,0.032560206368067654,0.015146543870019
0.349065850398866,3.14159265358979,1.30899693899575,5.23598775598299,0.0249899756563931,0.03223787163732225,0.01502030176043745
0.349065850398866,3.14159265358979,1.32645023151569,5.23598775598299,0.0235041187495252,0.0303734235370978,0.014154007561653002
0.349065850398866,3.14159265358979,1.34390352403563,5.23598775598299,0.021874846655717352,0.028199701972410653,0.013149003770372699
0.349065850398866,3.14159265358979,1.36135681655558,5.23598775598299,0.02018736527416375,0.025974248990308098,0.0121140490292188
0.349065850398866,3.14159265358979,1.37881010907552,5.23598775598299,0.018520274908349302,0.023866263509689352,0.0111068510545616
0.349065850398866,3.14159265358979,1.39626340159546,5.23598775598299,0.01680184184599745,0.021683863996733,0.01010608615964358
0.349065850398866,3.14159265358979,1.41371669411541,5.23598775598299,0.01512265917099115,0.0195169998435629,0.009087309755198836
0.349065850398866,3.14159265358979,1.43116998663535,5.23598775598299,0.0134319052763676,0.017354941617659853,0.008087685604034745
0.349065850398866,3.14159265358979,1.44862327915529,5.23598775598299,0.0117723965251117,0.015174504178693149,0.00707421228593771
0.349065850398866,3.14159265358979,1.46607657167524,5.23598775598299,0.01010556677383665,0.0129586729032528,0.006049137537752375
0.349065850398866,3.14159265358979,1.48352986419518,5.23598775598299,0.00842324818483518,0.010828489626777502,0.005052940824614166
0.349065850398866,3.14159265358979,1.50098315671512,5.23598775598299,0.0067250352721375094,0.008664979641855721,0.0040398697490158005
0.349065850398866,3.14159265358979,1.51843644923507,5.23598775598299,0.00503748904715312,0.006503902753015485,0.003025255563854895
0.349065850398866,3.14159265358979,1.53588974175501,5.23598775598299,0.0033582672141176254,0.004339426919351495,0.00202192170764625
0.349065850398866,3.14159265358979,1.55334303427495,5.23598775598299,0.0016798169591458801,0.0021625764975701303,0.0010080022808682304
0.349065850398866,3.14159265358979,1.5707963267949,5.23598775598299,0.0009407465834284875,0.0012257366493148899,0.000569861497851246
0.349065850398866,3.14159265358979,0.0174532925199433,5.41052068118242,0.0356228293249986,0.0427215781683572,0.0231281664144986
0.349065850398866,3.14159265358979,0.0349065850398866,5.41052068118242,0.03669986999686345,0.043738979914113796,0.02399012238931585
0.349065850398866,3.14159265358979,0.0523598775598299,5.41052068118242,0.0379025289204126,0.044772090072276796,0.024931440740236198
0.349065850398866,3.14159265358979,0.0698131700797732,5.41052068118242,0.039098448890310195,0.045887209293710096,0.0261761526725998
0.349065850398866,3.14159265358979,0.0872664625997165,5.41052068118242,0.04032426159366005,0.04709854517170925,0.02745646282319565
0.349065850398866,3.14159265358979,0.10471975511966,5.41052068118242,0.041688602496759555,0.04830594517152745,0.02864188939252125
0.349065850398866,3.14159265358979,0.122173047639603,5.41052068118242,0.04304904258903005,0.04944190204236465,0.02995714089357105
0.349065850398866,3.14159265358979,0.139626340159546,5.41052068118242,0.044255629009696096,0.05058734093428975,0.031269849136130796
0.349065850398866,3.14159265358979,0.15707963267949,5.41052068118242,0.0456277368408739,0.0517922829151456,0.0326020353021938
0.349065850398866,3.14159265358979,0.174532925199433,5.41052068118242,0.04701878849591165,0.0531280890604104,0.03418193479609985
0.349065850398866,3.14159265358979,0.191986217719376,5.41052068118242,0.047949306681422305,0.0541743866345681,0.0353780319809582
0.349065850398866,3.14159265358979,0.20943951023932,5.41052068118242,0.04796010721007355,0.054279614626657396,0.03539050244205415
0.349065850398866,3.14159265358979,0.226892802759263,5.41052068118242,0.04715706303756695,0.05355605263594535,0.03457556246905385
0.349065850398866,3.14159265358979,0.244346095279206,5.41052068118242,0.04627509550392245,0.05280575885632545,0.0337395035746995
0.349065850398866,3.14159265358979,0.261799387799149,5.41052068118242,0.0455748403916718,0.0521250176785237,0.03303387326048195
0.349065850398866,3.14159265358979,0.279252680319093,5.41052068118242,0.04464855603899285,0.051152384000780204,0.03196341284620435
0.349065850398866,3.14159265358979,0.296705972839036,5.41052068118242,0.0436115870842873,0.04983771832222135,0.030580737491675003
0.349065850398866,3.14159265358979,0.314159265358979,5.41052068118242,0.0422403612965636,0.0487153152381609,0.0293175471890859
0.349065850398866,3.14159265358979,0.331612557878923,5.41052068118242,0.040866296323000054,0.047512468372032296,0.028049379688358002
0.349065850398866,3.14159265358979,0.349065850398866,5.41052068118242,0.039513879017648454,0.0461834207184383,0.02676825208887055
0.349065850398866,3.14159265358979,0.366519142918809,5.41052068118242,0.03830276077176465,0.04499819069492235,0.025600486571044898
0.349065850398866,3.14159265358979,0.383972435438752,5.41052068118242,0.0371039759281969,0.044027943674952955,0.024596869827498098
0.349065850398866,3.14159265358979,0.401425727958696,5.41052068118242,0.03609393944957015,0.0432539289026771,0.0238043187382831
0.349065850398866,3.14159265358979,0.418879020478639,5.41052068118242,0.0350077696248546,0.042476303321035,0.0230584964130833
0.349065850398866,3.14159265358979,0.436332312998582,5.41052068118242,0.0339950385477826,0.0418144873632577,0.02238166080720895
0.349065850398866,3.14159265358979,0.453785605518526,5.41052068118242,0.03303371899822315,0.0411069919628675,0.0217509940365873
0.349065850398866,3.14159265358979,0.471238898038469,5.41052068118242,0.0322689489400642,0.040453240496968496,0.02109165031154505
0.349065850398866,3.14159265358979,0.488692190558412,5.41052068118242,0.031618151655945906,0.03974668865748855,0.020490776325168047
0.349065850398866,3.14159265358979,0.506145483078356,5.41052068118242,0.030920395273479902,0.039080553950580854,0.0199133403997927
0.349065850398866,3.14159265358979,0.523598775598299,5.41052068118242,0.0302631536403761,0.03857475707574225,0.019456681790655753
0.349065850398866,3.14159265358979,0.541052068118242,5.41052068118242,0.0297558622391662,0.03821836698512955,0.019113010109459698
0.349065850398866,3.14159265358979,0.558505360638185,5.41052068118242,0.0293895086153899,0.03795913801856695,0.018931720846929102
0.349065850398866,3.14159265358979,0.575958653158129,5.41052068118242,0.0291111237597688,0.0377653087238407,0.0187521746775568
0.349065850398866,3.14159265358979,0.593411945678072,5.41052068118242,0.028803430807223203,0.03743105652352535,0.018499105208996
0.349065850398866,3.14159265358979,0.610865238198015,5.41052068118242,0.02859498570226595,0.037124283093943,0.0182417888367605
0.349065850398866,3.14159265358979,0.628318530717959,5.41052068118242,0.0283351480168475,0.036703033524696,0.018025505839524898
0.349065850398866,3.14159265358979,0.645771823237902,5.41052068118242,0.0280254735628767,0.0364320591270329,0.01786426257273445
0.349065850398866,3.14159265358979,0.663225115757845,5.41052068118242,0.0277560950893184,0.036297534174968005,0.01770826475323045
0.349065850398866,3.14159265358979,0.680678408277788,5.41052068118242,0.0276055180279253,0.03630432699919825,0.0174174222241554
0.349065850398866,3.14159265358979,0.698131700797732,5.41052068118242,0.0275200254892932,0.036276487664903254,0.017292521621260097
0.349065850398866,3.14159265358979,0.715584993317675,5.41052068118242,0.0273336084889121,0.03616177350326405,0.01716304295368745
0.349065850398866,3.14159265358979,0.733038285837618,5.41052068118242,0.0271088723514719,0.03598900100353555,0.0170971715479996
0.349065850398866,3.14159265358979,0.750491578357562,5.41052068118242,0.026827572643825952,0.0357248173719278,0.016983556088449203
0.349065850398866,3.14159265358979,0.767944870877505,5.41052068118242,0.0266068256076499,0.03562041973985215,0.0168373199981279
0.349065850398866,3.14159265358979,0.785398163397448,5.41052068118242,0.02656743159199275,0.03555412598708245,0.0167758433047203
0.349065850398866,3.14159265358979,0.802851455917391,5.41052068118242,0.02653150287493465,0.03556575066915705,0.016729684828282798
0.349065850398866,3.14159265358979,0.820304748437335,5.41052068118242,0.02647386267906595,0.0355860294254778,0.01665484969070255
0.349065850398866,3.14159265358979,0.837758040957278,5.41052068118242,0.02644338270908555,0.03534180617129705,0.01661526848235355
0.349065850398866,3.14159265358979,0.855211333477221,5.41052068118242,0.026497929952194098,0.03514644647662715,0.01660289361949725
0.349065850398866,3.14159265358979,0.872664625997165,5.41052068118242,0.02643540213913815,0.034965150255094654,0.0165521543207954
0.349065850398866,3.14159265358979,0.890117918517108,5.41052068118242,0.02618898909215315,0.0348909103345059,0.0164735150380923
0.349065850398866,3.14159265358979,0.907571211037051,5.41052068118242,0.02634320343259925,0.03504583231733685,0.0165076442021609
0.349065850398866,3.14159265358979,0.925024503556995,5.41052068118242,0.026459698362679147,0.03496467221227165,0.016480021155687002
0.349065850398866,3.14159265358979,0.942477796076938,5.41052068118242,0.02647970915372665,0.035004750482618946,0.0163735304421775
0.349065850398866,3.14159265358979,0.959931088596881,5.41052068118242,0.0264449635386401,0.03512771770725355,0.016280659021962247
0.349065850398866,3.14159265358979,0.977384381116825,5.41052068118242,0.0264495338262399,0.03492155230608015,0.01622641649249195
0.349065850398866,3.14159265358979,0.994837673636768,5.41052068118242,0.02652080100939715,0.034876223628584155,0.0162406201704021
0.349065850398866,3.14159265358979,1.01229096615671,5.41052068118242,0.02656787157946775,0.0349383846155561,0.01617841044384585
0.349065850398866,3.14159265358979,1.02974425867665,5.41052068118242,0.026567572693194902,0.03475563490426255,0.01598008143600375
0.349065850398866,3.14159265358979,1.0471975511966,5.41052068118242,0.02631433722163625,0.03453101440004535,0.015917298229388803
0.349065850398866,3.14159265358979,1.06465084371654,5.41052068118242,0.0263456227582122,0.03443796449263255,0.01603523631867875
0.349065850398866,3.14159265358979,1.08210413623648,5.41052068118242,0.026296543075883298,0.03439642524237725,0.01607858606876015
0.349065850398866,3.14159265358979,1.09955742875643,5.41052068118242,0.0263218561480479,0.0344099743892539,0.01617318209214555
0.349065850398866,3.14159265358979,1.11701072127637,5.41052068118242,0.026376694352286748,0.034388756303147694,0.016165803811903003
0.349065850398866,3.14159265358979,1.13446401379631,5.41052068118242,0.026285625586586953,0.03427911428043015,0.016053139054764798
0.349065850398866,3.14159265358979,1.15191730631626,5.41052068118242,0.0263907611896469,0.0343433964140585,0.01603494681183435
0.349065850398866,3.14159265358979,1.1693705988362,5.41052068118242,0.02637427046975355,0.03430048765370605,0.015942295271872152
0.349065850398866,3.14159265358979,1.18682389135614,5.41052068118242,0.02612798554575705,0.03402328848102535,0.0159413349987002
0.349065850398866,3.14159265358979,1.20427718387609,5.41052068118242,0.025919009014644848,0.0338094911954757,0.0159409656587096
0.349065850398866,3.14159265358979,1.22173047639603,5.41052068118242,0.02585372965591755,0.033500898052194944,0.0158702827493711
0.349065850398866,3.14159265358979,1.23918376891597,5.41052068118242,0.0255884803778639,0.03322444376696925,0.0158151679099495
0.349065850398866,3.14159265358979,1.25663706143592,5.41052068118242,0.02571040685206285,0.033069648268514704,0.01569588300882755
0.349065850398866,3.14159265358979,1.27409035395586,5.41052068118242,0.02582867508561855,0.033025952438330855,0.015630416680182647
0.349065850398866,3.14159265358979,1.2915436464758,5.41052068118242,0.02548585474224235,0.032916250396611696,0.0157638516271977
0.349065850398866,3.14159265358979,1.30899693899575,5.41052068118242,0.025266577046342248,0.032429672832536505,0.015443358787504101
0.349065850398866,3.14159265358979,1.32645023151569,5.41052068118242,0.02387789830715295,0.030672468822769,0.0146400154538703
0.349065850398866,3.14159265358979,1.34390352403563,5.41052068118242,0.02217458529099655,0.02850240408963595,0.0135771177553191
0.349065850398866,3.14159265358979,1.36135681655558,5.41052068118242,0.0205081307527564,0.026247705324894947,0.0125748098478048
0.349065850398866,3.14159265358979,1.37881010907552,5.41052068118242,0.018757228728316,0.024077490698136098,0.01152045319595615
0.349065850398866,3.14159265358979,1.39626340159546,5.41052068118242,0.0170644191997812,0.02188924577648945,0.01046651657391235
0.349065850398866,3.14159265358979,1.41371669411541,5.41052068118242,0.0153764114460607,0.01968316389930565,0.00942899678795466
0.349065850398866,3.14159265358979,1.43116998663535,5.41052068118242,0.0136468938046106,0.0175198928954095,0.008368447067879266
0.349065850398866,3.14159265358979,1.44862327915529,5.41052068118242,0.01196101497978485,0.0153456695901769,0.007304485119668745
0.349065850398866,3.14159265358979,1.46607657167524,5.41052068118242,0.0102407131029834,0.013140507559933401,0.006274437697546665
0.349065850398866,3.14159265358979,1.48352986419518,5.41052068118242,0.008526103684317695,0.0109554023023735,0.00522607565384056
0.349065850398866,3.14159265358979,1.50098315671512,5.41052068118242,0.006838043789447815,0.008745323921223135,0.0041894190805482345
0.349065850398866,3.14159265358979,1.51843644923507,5.41052068118242,0.005123075611267024,0.00656069701498853,0.003141932598677645
0.349065850398866,3.14159265358979,1.53588974175501,5.41052068118242,0.003410982720388975,0.00437562460749885,0.0020919991618675547
0.349065850398866,3.14159265358979,1.55334303427495,5.41052068118242,0.001706211655649685,0.00218541661384783,0.001046236441330105
0.349065850398866,3.14159265358979,1.5707963267949,5.41052068118242,-1.3820678051917905e-05,-3.6748628149119192e-06,-8.64675317235194e-06
0.349065850398866,3.14159265358979,0.0174532925199433,5.58505360638185,0.03579358953722555,0.04285903138550605,0.02326256000971475
0.349065850398866,3.14159265358979,0.0349065850398866,5.58505360638185,0.0371546383279548,0.0440784170585554,0.0243772691348748
0.349065850398866,3.14159265358979,0.0523598775598299,5.58505360638185,0.03871145533902565,0.04546549746096775,0.0255911231498685
0.349065850398866,3.14159265358979,0.0698131700797732,5.58505360638185,0.04026590075899595,0.04691873832654456,0.02713341797286445
0.349065850398866,3.14159265358979,0.0872664625997165,5.58505360638185,0.04219885349753305,0.048807861256166804,0.02908212404957665
0.349065850398866,3.14159265358979,0.10471975511966,5.58505360638185,0.04449399025437805,0.05075519418963639,0.03118713345021605
0.349065850398866,3.14159265358979,0.122173047639603,5.58505360638185,0.04704478787167315,0.0529454980691816,0.03353290449726635
0.349065850398866,3.14159265358979,0.139626340159546,5.58505360638185,0.04985051674542525,0.05555353576449615,0.0362446780093166
0.349065850398866,3.14159265358979,0.15707963267949,5.58505360638185,0.052801848577747945,0.05851848454843075,0.0391632172897821
0.349065850398866,3.14159265358979,0.174532925199433,5.58505360638185,0.05636837356531005,0.0617377292860211,0.04271940955050545
0.349065850398866,3.14159265358979,0.191986217719376,5.58505360638185,0.05950865419016155,0.06431244202137634,0.04569537737670485
0.349065850398866,3.14159265358979,0.20943951023932,5.58505360638185,0.06162756147197865,0.06611761272014655,0.04762875902652655
0.349065850398866,3.14159265358979,0.226892802759263,5.58505360638185,0.06270922272861926,0.0672012603825134,0.04860148881654225
0.349065850398866,3.14159265358979,0.244346095279206,5.58505360638185,0.06380372515775976,0.06844471922522645,0.05020482800618915
0.349065850398866,3.14159265358979,0.261799387799149,5.58505360638185,0.06489496686806405,0.06967983556887425,0.05197926920558425
0.349065850398866,3.14159265358979,0.279252680319093,5.58505360638185,0.06479503517358765,0.069650232590549,0.051865251354998546
0.349065850398866,3.14159265358979,0.296705972839036,5.58505360638185,0.0628761519931722,0.06773722294377085,0.04961743284134995
0.349065850398866,3.14159265358979,0.314159265358979,5.58505360638185,0.0604864302412237,0.0653966829847792,0.046811373252569496
0.349065850398866,3.14159265358979,0.331612557878923,5.58505360638185,0.05734738361120875,0.0624080251093374,0.04334337974621645
0.349065850398866,3.14159265358979,0.349065850398866,5.58505360638185,0.054167776785722446,0.059349854678567904,0.0400483213050388
0.349065850398866,3.14159265358979,0.366519142918809,5.58505360638185,0.05141100430370525,0.05666983826854715,0.0371874022386038
0.349065850398866,3.14159265358979,0.383972435438752,5.58505360638185,0.04842055682336265,0.053818375221581255,0.0341024234205494
0.349065850398866,3.14159265358979,0.401425727958696,5.58505360638185,0.04585551711994455,0.0514520685805558,0.03169970791736895
0.349065850398866,3.14159265358979,0.418879020478639,5.58505360638185,0.04361541166235035,0.04946195651806025,0.0297086930584712
0.349065850398866,3.14159265358979,0.436332312998582,5.58505360638185,0.0415634371601415,0.04773944994058775,0.027881265767594553
0.349065850398866,3.14159265358979,0.453785605518526,5.58505360638185,0.03982877876631965,0.0463117345761934,0.026339889476092698
0.349065850398866,3.14159265358979,0.471238898038469,5.58505360638185,0.03805838516253515,0.0448751737462472,0.0250593089983663
0.349065850398866,3.14159265358979,0.488692190558412,5.58505360638185,0.03637883607519195,0.0436060695127994,0.02386447079589635
0.349065850398866,3.14159265358979,0.506145483078356,5.58505360638185,0.034971091611156704,0.04260175019961915,0.02292105385595815
0.349065850398866,3.14159265358979,0.523598775598299,5.58505360638185,0.0336517331533928,0.04175166940530635,0.02208888171719635
0.349065850398866,3.14159265358979,0.541052068118242,5.58505360638185,0.03248779581457255,0.04085321781402955,0.0213394204106871
0.349065850398866,3.14159265358979,0.558505360638185,5.58505360638185,0.0316602113706322,0.040378122272500205,0.02076521841152325
0.349065850398866,3.14159265358979,0.575958653158129,5.58505360638185,0.03099230515451125,0.039851634042151154,0.02020753283541015
0.349065850398866,3.14159265358979,0.593411945678072,5.58505360638185,0.0305231204303274,0.0391591081523041,0.01958233757050195
0.349065850398866,3.14159265358979,0.610865238198015,5.58505360638185,0.030058963126597803,0.03862710344758424,0.01917683977457615
0.349065850398866,3.14159265358979,0.628318530717959,5.58505360638185,0.029532744144809102,0.0382003801760758,0.018915811589925648
0.349065850398866,3.14159265358979,0.645771823237902,5.58505360638185,0.0290932910613003,0.0378167479504635,0.018652135021493897
0.349065850398866,3.14159265358979,0.663225115757845,5.58505360638185,0.0287395580161475,0.03744785430752425,0.018360381001337897
0.349065850398866,3.14159265358979,0.680678408277788,5.58505360638185,0.02836636992967605,0.03711436681993975,0.018135441140832598
0.349065850398866,3.14159265358979,0.698131700797732,5.58505360638185,0.0281693179079225,0.0370560964591385,0.018091590991947848
0.349065850398866,3.14159265358979,0.715584993317675,5.58505360638185,0.0279707462247311,0.0368253940635979,0.0178992283358602
0.349065850398866,3.14159265358979,0.733038285837618,5.58505360638185,0.02799285938854185,0.0365637203111353,0.01773723344766735
0.349065850398866,3.14159265358979,0.750491578357562,5.58505360638185,0.0280423434464766,0.0363903794670495,0.0174502128690085
0.349065850398866,3.14159265358979,0.767944870877505,5.58505360638185,0.0279506660602802,0.036272642279135694,0.0172769386024222
0.349065850398866,3.14159265358979,0.785398163397448,5.58505360638185,0.02771231377432905,0.0361585833475261,0.01722034545297215
0.349065850398866,3.14159265358979,0.802851455917391,5.58505360638185,0.02750895707812085,0.03598580103630665,0.017167434320413552
0.349065850398866,3.14159265358979,0.820304748437335,5.58505360638185,0.0273503249329829,0.0358934183095478,0.01715872890356275
0.349065850398866,3.14159265358979,0.837758040957278,5.58505360638185,0.02717835191213195,0.03571554085870275,0.01706846722827815
0.349065850398866,3.14159265358979,0.855211333477221,5.58505360638185,0.02712089748010385,0.0356941214085263,0.016892505133577602
0.349065850398866,3.14159265358979,0.872664625997165,5.58505360638185,0.02703251963526445,0.0356196935167408,0.0167063209072085
0.349065850398866,3.14159265358979,0.890117918517108,5.58505360638185,0.0269057876098769,0.03544451446090845,0.01659880640190585
0.349065850398866,3.14159265358979,0.907571211037051,5.58505360638185,0.0269322309758036,0.035271794820449856,0.0165549007218597
0.349065850398866,3.14159265358979,0.925024503556995,5.58505360638185,0.0268820041868006,0.03515237821241485,0.0165455453705169
0.349065850398866,3.14159265358979,0.942477796076938,5.58505360638185,0.02681778228973495,0.03517669478978255,0.016494363941182
0.349065850398866,3.14159265358979,0.959931088596881,5.58505360638185,0.02694881284861895,0.0351508847653611,0.01646708466364995
0.349065850398866,3.14159265358979,0.977384381116825,5.58505360638185,0.026761500583101498,0.03508777836000705,0.0163893974919254
0.349065850398866,3.14159265358979,0.994837673636768,5.58505360638185,0.02653297508851555,0.035021144882731045,0.016300144182869847
0.349065850398866,3.14159265358979,1.01229096615671,5.58505360638185,0.02659899950340045,0.0350046252624826,0.01635274397318245
0.349065850398866,3.14159265358979,1.02974425867665,5.58505360638185,0.0267192530186245,0.034883552495049,0.016348768327048
0.349065850398866,3.14159265358979,1.0471975511966,5.58505360638185,0.026399950346502,0.0348253889286107,0.016278860099443
0.349065850398866,3.14159265358979,1.06465084371654,5.58505360638185,0.0262682492803651,0.03480877680864875,0.0162382016809288
0.349065850398866,3.14159265358979,1.08210413623648,5.58505360638185,0.02644091602669825,0.034890807421890796,0.016198527991673248
0.349065850398866,3.14159265358979,1.09955742875643,5.58505360638185,0.0265006899781343,0.03478684683403145,0.0161592734573952
0.349065850398866,3.14159265358979,1.11701072127637,5.58505360638185,0.0266565895014709,0.0346434413691185,0.0161672938204927
0.349065850398866,3.14159265358979,1.13446401379631,5.58505360638185,0.0265294590534449,0.03456985183933395,0.0160560919532053
0.349065850398866,3.14159265358979,1.15191730631626,5.58505360638185,0.0265245790004374,0.0345519059486665,0.016069067933815448
0.349065850398866,3.14159265358979,1.1693705988362,5.58505360638185,0.02661853373363595,0.034620078839428706,0.0160325004277284
0.349065850398866,3.14159265358979,1.18682389135614,5.58505360638185,0.02645547757447475,0.034532744146595046,0.015994976239153302
0.349065850398866,3.14159265358979,1.20427718387609,5.58505360638185,0.02639431421249575,0.03436809348875215,0.01599604566878925
0.349065850398866,3.14159265358979,1.22173047639603,5.58505360638185,0.02635633278711265,0.03429788947750835,0.015997977003375102
0.349065850398866,3.14159265358979,1.23918376891597,5.58505360638185,0.026105975079751348,0.0341108832111206,0.01591340146341705
0.349065850398866,3.14159265358979,1.25663706143592,5.58505360638185,0.0258880159336548,0.034042769013888655,0.01598404097471455
0.349065850398866,3.14159265358979,1.27409035395586,5.58505360638185,0.02570475124952635,0.03405798844323975,0.0159657464387962
0.349065850398866,3.14159265358979,1.2915436464758,5.58505360638185,0.0256614925967293,0.033725984343991,0.016037794148981148
0.349065850398866,3.14159265358979,1.30899693899575,5.58505360638185,0.02518697620930185,0.033266968964891896,0.0156729738094827
0.349065850398866,3.14159265358979,1.32645023151569,5.58505360638185,0.023803729258831903,0.03147700665835345,0.014846691748801499
0.349065850398866,3.14159265358979,1.34390352403563,5.58505360638185,0.022080506564488,0.02922114639094145,0.01376597224141355
0.349065850398866,3.14159265358979,1.36135681655558,5.58505360638185,0.020442889452009,0.02702464826082785,0.01276756732437835
0.349065850398866,3.14159265358979,1.37881010907552,5.58505360638185,0.0187324294440342,0.0247376777706341,0.0116870925697816
0.349065850398866,3.14159265358979,1.39626340159546,5.58505360638185,0.017013313048905798,0.022494701988217,0.010617183881867599
0.349065850398866,3.14159265358979,1.41371669411541,5.58505360638185,0.01531935271156955,0.020264260785981453,0.009567572019634945
0.349065850398866,3.14159265358979,1.43116998663535,5.58505360638185,0.01360502702797135,0.017989813248986852,0.008487545935194725
0.349065850398866,3.14159265358979,1.44862327915529,5.58505360638185,0.011919963860053201,0.015743053153941,0.00741342126049707
0.349065850398866,3.14159265358979,1.46607657167524,5.58505360638185,0.0101985297991407,0.01349570166533405,0.0063635274092678
0.349065850398866,3.14159265358979,1.48352986419518,5.58505360638185,0.008497529339210965,0.0112389122658112,0.005299416985615715
0.349065850398866,3.14159265358979,1.50098315671512,5.58505360638185,0.006812376539218495,0.009007908027312436,0.0042525880723021745
0.349065850398866,3.14159265358979,1.51843644923507,5.58505360638185,0.005105264799996535,0.006752109972636305,0.0031879543249415604
0.349065850398866,3.14159265358979,1.53588974175501,5.58505360638185,0.00340055287970899,0.004496367648098356,0.0021220789483177797
0.349065850398866,3.14159265358979,1.55334303427495,5.58505360638185,0.0017000480481999401,0.002248686811476415,0.0010615073146609199
0.349065850398866,3.14159265358979,1.5707963267949,5.58505360638185,-1.16599726387445e-05,-1.6982790532846237e-05,-9.87328726677337e-06
0.349065850398866,3.14159265358979,0.0174532925199433,5.75958653158129,0.0359283010266682,0.042969810590160806,0.02336213346104805
0.349065850398866,3.14159265358979,0.0349065850398866,5.75958653158129,0.0375120116780899,0.0443445115072419,0.024693028148458702
0.349065850398866,3.14159265358979,0.0523598775598299,5.75958653158129,0.039375915151851695,0.046028259302322,0.02614597610126515
0.349065850398866,3.14159265358979,0.0698131700797732,5.75958653158129,0.041590382156354105,0.04798673982400675,0.02805995202188545
0.349065850398866,3.14159265358979,0.0872664625997165,5.75958653158129,0.0441195008701063,0.050373025324145546,0.03050570717763845
0.349065850398866,3.14159265358979,0.10471975511966,5.75958653158129,0.0471832682065964,0.0532034407873423,0.03335948326197225
0.349065850398866,3.14159265358979,0.122173047639603,5.75958653158129,0.051034524643970555,0.05674299259118265,0.03686108293001555
0.349065850398866,3.14159265358979,0.139626340159546,5.75958653158129,0.05635806048751745,0.0615718573809426,0.041726978894622596
0.349065850398866,3.14159265358979,0.15707963267949,5.75958653158129,0.06272013658291685,0.06757519693097694,0.047962432587172796
0.349065850398866,3.14159265358979,0.174532925199433,5.75958653158129,0.07041110397745676,0.07508700762048505,0.0559739255164871
0.349065850398866,3.14159265358979,0.191986217719376,5.75958653158129,0.07807005802669575,0.08248569335924716,0.06461824709799796
0.349065850398866,3.14159265358979,0.20943951023932,5.75958653158129,0.08594834972285356,0.0901451620341008,0.07461377903212385
0.349065850398866,3.14159265358979,0.226892802759263,5.75958653158129,0.09385346970821665,0.09767762927057985,0.08364157778386061
0.349065850398866,3.14159265358979,0.244346095279206,5.75958653158129,0.10051173651531689,0.1039448035565373,0.09059296342651896
0.349065850398866,3.14159265358979,0.261799387799149,5.75958653158129,0.10786441830924215,0.11104791131694064,0.09802484306020726
0.349065850398866,3.14159265358979,0.279252680319093,5.75958653158129,0.1119483091087414,0.11513419664822624,0.10168589756088435
0.349065850398866,3.14159265358979,0.296705972839036,5.75958653158129,0.11514483807950265,0.11772800511683736,0.1039714990867032
0.349065850398866,3.14159265358979,0.314159265358979,5.75958653158129,0.1133533785872491,0.11492478659053951,0.10009508496379135
0.349065850398866,3.14159265358979,0.331612557878923,5.75958653158129,0.10993729720894796,0.110994607309499,0.095068830965176
0.349065850398866,3.14159265358979,0.349065850398866,5.75958653158129,0.10211622579785279,0.102743834552142,0.08532920574389895
0.349065850398866,3.14159265358979,0.366519142918809,5.75958653158129,0.09437059326503315,0.0948360396083212,0.0763182303972327
0.349065850398866,3.14159265358979,0.383972435438752,5.75958653158129,0.08444788931690131,0.08527760495107706,0.06577686891762091
0.349065850398866,3.14159265358979,0.401425727958696,5.75958653158129,0.07690365845836994,0.07821703446152076,0.058554525079494504
0.349065850398866,3.14159265358979,0.418879020478639,5.75958653158129,0.06878180041130405,0.0710907989953343,0.051008146687411
0.349065850398866,3.14159265358979,0.436332312998582,5.75958653158129,0.06288126695455655,0.0661113089612357,0.04585455535108425
0.349065850398866,3.14159265358979,0.453785605518526,5.75958653158129,0.05693228216179145,0.061177969432365656,0.04077436381447295
0.349065850398866,3.14159265358979,0.471238898038469,5.75958653158129,0.052311283254153254,0.057187214176695755,0.036905185930802595
0.349065850398866,3.14159265358979,0.488692190558412,5.75958653158129,0.04798734952726675,0.05340813725757165,0.03334136433187865
0.349065850398866,3.14159265358979,0.506145483078356,5.75958653158129,0.04465418659359375,0.05056446189841185,0.03068854044352515
0.349065850398866,3.14159265358979,0.523598775598299,5.75958653158129,0.0414893797633372,0.0479289283314903,0.028231105152579497
0.349065850398866,3.14159265358979,0.541052068118242,5.75958653158129,0.039215817715616955,0.04616020555422775,0.0264270380264643
0.349065850398866,3.14159265358979,0.558505360638185,5.75958653158129,0.037278016100856196,0.04458908449179745,0.0246887399465728
0.349065850398866,3.14159265358979,0.575958653158129,5.75958653158129,0.03568877094393855,0.0431719288603591,0.0233552982821027
0.349065850398866,3.14159265358979,0.593411945678072,5.75958653158129,0.0342539117857331,0.0420675825605385,0.022278489913149
0.349065850398866,3.14159265358979,0.610865238198015,5.75958653158129,0.033019671389984906,0.04130357396188135,0.02141875233924315
0.349065850398866,3.14159265358979,0.628318530717959,5.75958653158129,0.03191483657547655,0.04044047164101215,0.020671867384360103
0.349065850398866,3.14159265358979,0.645771823237902,5.75958653158129,0.03124401620938045,0.03971730301407335,0.0201784287818432
0.349065850398866,3.14159265358979,0.663225115757845,5.75958653158129,0.0308728902352964,0.0393020664868596,0.01973490698890425
0.349065850398866,3.14159265358979,0.680678408277788,5.75958653158129,0.03045871432353435,0.03881998904020905,0.01937088514703995
0.349065850398866,3.14159265358979,0.698131700797732,5.75958653158129,0.02986009844806085,0.0385744676902168,0.019068272165495302
0.349065850398866,3.14159265358979,0.715584993317675,5.75958653158129,0.0294044939215749,0.038414480967906256,0.0187678268288998
0.349065850398866,3.14159265358979,0.733038285837618,5.75958653158129,0.02905428563728945,0.03824285371583805,0.0184654790163485
0.349065850398866,3.14159265358979,0.750491578357562,5.75958653158129,0.02881604252186865,0.0377334741115997,0.018203997190808847
0.349065850398866,3.14159265358979,0.767944870877505,5.75958653158129,0.02862231226736095,0.037407174583633046,0.01807936492510775
0.349065850398866,3.14159265358979,0.785398163397448,5.75958653158129,0.02831026776721795,0.03699366111863295,0.01788026797109935
0.349065850398866,3.14159265358979,0.802851455917391,5.75958653158129,0.0280586433998233,0.0366573033686596,0.01769460741713295
0.349065850398866,3.14159265358979,0.820304748437335,5.75958653158129,0.027870782047339553,0.03640636964081345,0.01750166233373205
0.349065850398866,3.14159265358979,0.837758040957278,5.75958653158129,0.02763900554392465,0.0361126143049738,0.017359436898298948
0.349065850398866,3.14159265358979,0.855211333477221,5.75958653158129,0.02745533726917765,0.03591705389600395,0.0172703721255865
0.349065850398866,3.14159265358979,0.872664625997165,5.75958653158129,0.02725204779665745,0.035869950223692354,0.01715570054962455
0.349065850398866,3.14159265358979,0.890117918517108,5.75958653158129,0.0269905472194095,0.0357794043201793,0.0170210015017386
0.349065850398866,3.14159265358979,0.907571211037051,5.75958653158129,0.02677838903998335,0.035590609728601355,0.016866730327704298
0.349065850398866,3.14159265358979,0.925024503556995,5.75958653158129,0.0270941987968033,0.035572174705655796,0.016840703746811
0.349065850398866,3.14159265358979,0.942477796076938,5.75958653158129,0.02697763206784825,0.0354664889038075,0.01657379335140735
0.349065850398866,3.14159265358979,0.959931088596881,5.75958653158129,0.02693190127159795,0.03520584911709035,0.01659386360484985
0.349065850398866,3.14159265358979,0.977384381116825,5.75958653158129,0.0269567576075996,0.034993869578213196,0.0166579774030634
0.349065850398866,3.14159265358979,0.994837673636768,5.75958653158129,0.0270572798364693,0.035112750279618854,0.0166590794481494
0.349065850398866,3.14159265358979,1.01229096615671,5.75958653158129,0.027251209261553652,0.03527946996739635,0.016649834348996
0.349065850398866,3.14159265358979,1.02974425867665,5.75958653158129,0.02710281170141545,0.0352023780857132,0.01665250427713925
0.349065850398866,3.14159265358979,1.0471975511966,5.75958653158129,0.02694041170832535,0.035115846982521653,0.016529159143878952
0.349065850398866,3.14159265358979,1.06465084371654,5.75958653158129,0.0265011127813901,0.03495338901735375,0.01641308686211205
0.349065850398866,3.14159265358979,1.08210413623648,5.75958653158129,0.02655026494163025,0.0349699000437338,0.0163509628162841
0.349065850398866,3.14159265358979,1.09955742875643,5.75958653158129,0.026681748471801152,0.03488774292947925,0.0162980167673709
0.349065850398866,3.14159265358979,1.11701072127637,5.75958653158129,0.02674910771880295,0.034799036645412854,0.016283738097192302
0.349065850398866,3.14159265358979,1.13446401379631,5.75958653158129,0.02670266978688135,0.0346962966866644,0.016221510098997402
0.349065850398866,3.14159265358979,1.15191730631626,5.75958653158129,0.02664945921251255,0.0345091768006902,0.016231228915448502
0.349065850398866,3.14159265358979,1.1693705988362,5.75958653158129,0.026431264658831652,0.034375098820037,0.0161958757319694
0.349065850398866,3.14159265358979,1.18682389135614,5.75958653158129,0.026408096244659,0.0341674796917053,0.0161251035693265
0.349065850398866,3.14159265358979,1.20427718387609,5.75958653158129,0.02625026737529065,0.03407101046131655,0.0161541757696835
0.349065850398866,3.14159265358979,1.22173047639603,5.75958653158129,0.02628188751050085,0.0338977837116376,0.016082239157469598
0.349065850398866,3.14159265358979,1.23918376891597,5.75958653158129,0.0262410316338341,0.0336826992028041,0.0160518782171452
0.349065850398866,3.14159265358979,1.25663706143592,5.75958653158129,0.0261532765481999,0.0335021802573575,0.016042255860485452
0.349065850398866,3.14159265358979,1.27409035395586,5.75958653158129,0.0260223840680347,0.033486669994074056,0.0160739682360009
0.349065850398866,3.14159265358979,1.2915436464758,5.75958653158129,0.025881045767107848,0.033528525818048355,0.0160128838101305
0.349065850398866,3.14159265358979,1.30899693899575,5.75958653158129,0.0254699606559882,0.0330673495648232,0.01606461233475875
0.349065850398866,3.14159265358979,1.32645023151569,5.75958653158129,0.0240034718216509,0.03100773409928885,0.0151348586374381
0.349065850398866,3.14159265358979,1.34390352403563,5.75958653158129,0.02230949348118985,0.02883485769954625,0.01403208395260595
0.349065850398866,3.14159265358979,1.36135681655558,5.75958653158129,0.0205988801415319,0.0266316740979637,0.01295259859002805
0.349065850398866,3.14159265358979,1.37881010907552,5.75958653158129,0.018882965644149152,0.0244700301002414,0.011870760285549349
0.349065850398866,3.14159265358979,1.39626340159546,5.75958653158129,0.017153167265475,0.0221640434726915,0.01080254989618075
0.349065850398866,3.14159265358979,1.41371669411541,5.75958653158129,0.01543916383506715,0.0199664214348156,0.00971694042894232
0.349065850398866,3.14159265358979,1.43116998663535,5.75958653158129,0.0137169425090847,0.01772007359234715,0.008648319799571844
0.349065850398866,3.14159265358979,1.44862327915529,5.75958653158129,0.012011365358143549,0.015524253335219899,0.007555236381210915
0.349065850398866,3.14159265358979,1.46607657167524,5.75958653158129,0.01030650288958815,0.013333476123486749,0.0064722874296619
0.349065850398866,3.14159265358979,1.48352986419518,5.75958653158129,0.008585043208292006,0.01110220165469775,0.0053922632187823945
0.349065850398866,3.14159265358979,1.50098315671512,5.75958653158129,0.006863679451112075,0.008871480311276131,0.00431871581384731
0.349065850398866,3.14159265358979,1.51843644923507,5.75958653158129,0.005144253822787921,0.00665903120007439,0.00323862996191171
0.349065850398866,3.14159265358979,1.53588974175501,5.75958653158129,0.003429251062980085,0.004429978561076405,0.00216112992701716
0.349065850398866,3.14159265358979,1.55334303427495,5.75958653158129,0.001714252998667995,0.0022169918465909898,0.001077944652582985
0.349065850398866,3.14159265358979,1.5707963267949,5.75958653158129,0.00096020870181259,0.001238602053168135,0.0006055721013624345
0.349065850398866,3.14159265358979,0.0174532925199433,5.93411945678072,0.03602280193233965,0.04304960583132085,0.023424482467857402
0.349065850398866,3.14159265358979,0.0349065850398866,5.93411945678072,0.0377444202761023,0.04456809357931965,0.0248581209098174
0.349065850398866,3.14159265358979,0.0523598775598299,5.93411945678072,0.039904402922719254,0.04649707464923,0.02653827996584105
0.349065850398866,3.14159265358979,0.0698131700797732,5.93411945678072,0.04248041724238675,0.0487178772003916,0.02872356758191445
0.349065850398866,3.14159265358979,0.0872664625997165,5.93411945678072,0.0456789472314183,0.05158744230736105,0.031648978574220846
0.349065850398866,3.14159265358979,0.10471975511966,5.93411945678072,0.0496954671385134,0.055311146561589,0.03522196822891195
0.349065850398866,3.14159265358979,0.122173047639603,5.93411945678072,0.0551408409624786,0.0602561579950323,0.03998015974559965
0.349065850398866,3.14159265358979,0.139626340159546,5.93411945678072,0.06264051554913995,0.0669369085825373,0.0464693318326503
0.349065850398866,3.14159265358979,0.15707963267949,5.93411945678072,0.072677647733487,0.07615827048264295,0.0554789248944179
0.349065850398866,3.14159265358979,0.174532925199433,5.93411945678072,0.0864970281396369,0.0896454878116785,0.06936190840492801
0.349065850398866,3.14159265358979,0.191986217719376,5.93411945678072,0.1053157685257015,0.108880562936765,0.09060161245671774
0.349065850398866,3.14159265358979,0.20943951023932,5.93411945678072,0.129951136106308,0.134049415896713,0.120395959361218
0.349065850398866,3.14159265358979,0.226892802759263,5.93411945678072,0.160620303207373,0.16425752947181949,0.156370523000412
0.349065850398866,3.14159265358979,0.244346095279206,5.93411945678072,0.19444721603049198,0.19688309832782702,0.193187675906634
0.349065850398866,3.14159265358979,0.261799387799149,5.93411945678072,0.22607378677776202,0.2270487992894355,0.22608685686047153
0.349065850398866,3.14159265358979,0.279252680319093,5.93411945678072,0.2537770616136145,0.253293498612597,0.254687003421324
0.349065850398866,3.14159265358979,0.296705972839036,5.93411945678072,0.2728481644855115,0.2697817403951805,0.2736579574295515
0.349065850398866,3.14159265358979,0.314159265358979,5.93411945678072,0.2801031168625995,0.2750959951410225,0.279114966984928
0.349065850398866,3.14159265358979,0.331612557878923,5.93411945678072,0.2770785673874355,0.270728893073659,0.2725600864932275
0.349065850398866,3.14159265358979,0.349065850398866,5.93411945678072,0.262064478453539,0.2532348908626395,0.251344965904716
0.349065850398866,3.14159265358979,0.366519142918809,5.93411945678072,0.24163694105183048,0.2313968536547465,0.225454862652547
0.349065850398866,3.14159265358979,0.383972435438752,5.93411945678072,0.21816582542747098,0.207618267107911,0.197581063927492
0.349065850398866,3.14159265358979,0.401425727958696,5.93411945678072,0.19000686885420148,0.180597181667918,0.166757666470924
0.349065850398866,3.14159265358979,0.418879020478639,5.93411945678072,0.16339026123553502,0.1561206919855965,0.1394808085436805
0.349065850398866,3.14159265358979,0.436332312998582,5.93411945678072,0.137634619519536,0.13292954536593649,0.11480387072226855
0.349065850398866,3.14159265358979,0.453785605518526,5.93411945678072,0.11330840573363385,0.11123758944818635,0.09254437236054586
0.349065850398866,3.14159265358979,0.471238898038469,5.93411945678072,0.09435443592838495,0.09414689553225555,0.0750079681485798
0.349065850398866,3.14159265358979,0.488692190558412,5.93411945678072,0.0794590402085866,0.080544331669069,0.06097226614898905
0.349065850398866,3.14159265358979,0.506145483078356,5.93411945678072,0.06793078154841581,0.07013376037893876,0.04989788396624495
0.349065850398866,3.14159265358979,0.523598775598299,5.93411945678072,0.05982169490162395,0.06300841993136805,0.042552792332633746
0.349065850398866,3.14159265358979,0.541052068118242,5.93411945678072,0.053521930445643254,0.05756004427723135,0.037300268936533446
0.349065850398866,3.14159265358979,0.558505360638185,5.93411945678072,0.04834485443109385,0.05322564591277325,0.0331834209413195
0.349065850398866,3.14159265358979,0.575958653158129,5.93411945678072,0.044143926112600845,0.049852625023538044,0.029778694918638902
0.349065850398866,3.14159265358979,0.593411945678072,5.93411945678072,0.04099880469571575,0.0470343661180531,0.02706144077644695
0.349065850398866,3.14159265358979,0.610865238198015,5.93411945678072,0.03825058710114025,0.04488284990056675,0.0249711860022914
0.349065850398866,3.14159265358979,0.628318530717959,5.93411945678072,0.03631303376538715,0.043637352059850004,0.0235946525199589
0.349065850398866,3.14159265358979,0.645771823237902,5.93411945678072,0.0349064368639675,0.04247002422472875,0.02251611765098455
0.349065850398866,3.14159265358979,0.663225115757845,5.93411945678072,0.033694504080927154,0.0414101821496535,0.0216508739239806
0.349065850398866,3.14159265358979,0.680678408277788,5.93411945678072,0.032494487991604495,0.040673641587932394,0.0209909723896723
0.349065850398866,3.14159265358979,0.698131700797732,5.93411945678072,0.0314831807445187,0.040009840534444105,0.02048781511953615
0.349065850398866,3.14159265358979,0.715584993317675,5.93411945678072,0.0308079464045097,0.039518747261851395,0.02000105727548545
0.349065850398866,3.14159265358979,0.733038285837618,5.93411945678072,0.030335178730710448,0.03897202844099645,0.019478130986386198
0.349065850398866,3.14159265358979,0.750491578357562,5.93411945678072,0.030003253776382348,0.03848651389215575,0.0190379366698221
0.349065850398866,3.14159265358979,0.767944870877505,5.93411945678072,0.02959495394801035,0.038013816885465096,0.018610220574577
0.349065850398866,3.14159265358979,0.785398163397448,5.93411945678072,0.029155983462308,0.03750048839544115,0.0181431941870448
0.349065850398866,3.14159265358979,0.802851455917391,5.93411945678072,0.02879115770868125,0.037081808403202354,0.017732752794150097
0.349065850398866,3.14159265358979,0.820304748437335,5.93411945678072,0.028440763501205252,0.0368453931265992,0.0174616580939173
0.349065850398866,3.14159265358979,0.837758040957278,5.93411945678072,0.02824946920895085,0.03658062552242665,0.017308284764200002
0.349065850398866,3.14159265358979,0.855211333477221,5.93411945678072,0.0281007432450402,0.0363088483514339,0.01716003888915385
0.349065850398866,3.14159265358979,0.872664625997165,5.93411945678072,0.0277894711607242,0.03601628591666165,0.0171117874766833
0.349065850398866,3.14159265358979,0.890117918517108,5.93411945678072,0.027396044187757852,0.035653991895687104,0.01703545238662785
0.349065850398866,3.14159265358979,0.907571211037051,5.93411945678072,0.02756683896409515,0.035590371838589804,0.016712022222053598
0.349065850398866,3.14159265358979,0.925024503556995,5.93411945678072,0.02744964225760835,0.0355399853144473,0.0166526593701509
0.349065850398866,3.14159265358979,0.942477796076938,5.93411945678072,0.02725106053057015,0.035335053888647,0.016512076067608
0.349065850398866,3.14159265358979,0.959931088596881,5.93411945678072,0.0273241887874013,0.03515542940730365,0.01632703506993085
0.349065850398866,3.14159265358979,0.977384381116825,5.93411945678072,0.02735375362272975,0.03516556682523765,0.016303956701922
0.349065850398866,3.14159265358979,0.994837673636768,5.93411945678072,0.027312218506694748,0.03525188412613835,0.01628915311839645
0.349065850398866,3.14159265358979,1.01229096615671,5.93411945678072,0.0271459782925462,0.03506239325840315,0.016196756267193448
0.349065850398866,3.14159265358979,1.02974425867665,5.93411945678072,0.02705989031801885,0.03494023981579115,0.01617080478927455
0.349065850398866,3.14159265358979,1.0471975511966,5.93411945678072,0.026992351880328752,0.034949063198385796,0.01609165205664735
0.349065850398866,3.14159265358979,1.06465084371654,5.93411945678072,0.0269167668382222,0.03502559812939375,0.01603305342479755
0.349065850398866,3.14159265358979,1.08210413623648,5.93411945678072,0.0266751710971387,0.03489975299303435,0.0159364163335916
0.349065850398866,3.14159265358979,1.09955742875643,5.93411945678072,0.026539664619429998,0.0346333623368902,0.01591405336802395
0.349065850398866,3.14159265358979,1.11701072127637,5.93411945678072,0.0263756725328574,0.03449226786853575,0.0159434988442176
0.349065850398866,3.14159265358979,1.13446401379631,5.93411945678072,0.026296908990936597,0.03439753623530855,0.0158605230078523
0.349065850398866,3.14159265358979,1.15191730631626,5.93411945678072,0.0263264812015191,0.034383402243176306,0.015771003239228698
0.349065850398866,3.14159265358979,1.1693705988362,5.93411945678072,0.02633666925124245,0.03444831632306,0.0157943599974358
0.349065850398866,3.14159265358979,1.18682389135614,5.93411945678072,0.026080141316378452,0.0340974768356089,0.01563150230393765
0.349065850398866,3.14159265358979,1.20427718387609,5.93411945678072,0.0260365429291405,0.03406071165717625,0.015527471492076849
0.349065850398866,3.14159265358979,1.22173047639603,5.93411945678072,0.02592894708538665,0.03389895142665085,0.01548551535242035
0.349065850398866,3.14159265358979,1.23918376891597,5.93411945678072,0.0257280363741423,0.0336339679384116,0.01544946732480575
0.349065850398866,3.14159265358979,1.25663706143592,5.93411945678072,0.0257824227228041,0.0334419206761839,0.015430256241600201
0.349065850398866,3.14159265358979,1.27409035395586,5.93411945678072,0.02587934925945575,0.033406463144302304,0.01534983730767445
0.349065850398866,3.14159265358979,1.2915436464758,5.93411945678072,0.0256659500708998,0.0331378412329036,0.015365213540230401
0.349065850398866,3.14159265358979,1.30899693899575,5.93411945678072,0.02518937750761045,0.0325402093334287,0.015119974851445402
0.349065850398866,3.14159265358979,1.32645023151569,5.93411945678072,0.02392854567230325,0.030825909966530902,0.0143549290331427
0.349065850398866,3.14159265358979,1.34390352403563,5.93411945678072,0.02225372944687065,0.02860419706071195,0.0133359922345987
0.349065850398866,3.14159265358979,1.36135681655558,5.93411945678072,0.02054552053799865,0.0264073414788248,0.012304674246276199
0.349065850398866,3.14159265358979,1.37881010907552,5.93411945678072,0.018803418159899603,0.0242186002972161,0.0112798216583307
0.349065850398866,3.14159265358979,1.39626340159546,5.93411945678072,0.0171150586206004,0.0220038992776439,0.01025765474218375
0.349065850398866,3.14159265358979,1.41371669411541,5.93411945678072,0.0153783820483189,0.01981667663360845,0.009225164402585546
0.349065850398866,3.14159265358979,1.43116998663535,5.93411945678072,0.0136766934039923,0.0176125690325078,0.008203726699524964
0.349065850398866,3.14159265358979,1.44862327915529,5.93411945678072,0.011984640728158101,0.01539997053854735,0.007180943439146039
0.349065850398866,3.14159265358979,1.46607657167524,5.93411945678072,0.0102565418458203,0.0132072527211525,0.00615199510398628
0.349065850398866,3.14159265358979,1.48352986419518,5.93411945678072,0.00854847027420008,0.01100686090203605,0.00512725814271648
0.349065850398866,3.14159265358979,1.50098315671512,5.93411945678072,0.006847856304755085,0.00879835296399848,0.00410286345152029
0.349065850398866,3.14159265358979,1.51843644923507,5.93411945678072,0.00513162990773404,0.00660054232649054,0.003076284960808095
0.349065850398866,3.14159265358979,1.53588974175501,5.93411945678072,0.00341893446643254,0.004401715145975486,0.002050527398785345
0.349065850398866,3.14159265358979,1.55334303427495,5.93411945678072,0.001708807644676855,0.002197931212543725,0.00102438385482436
0.349065850398866,3.14159265358979,1.5707963267949,5.93411945678072,0.001081877634088475,0.00139362043222507,0.000649038808352889
0.349065850398866,3.14159265358979,0.0174532925199433,6.10865238198015,0.03607409173965835,0.04309421846714455,0.02344888003922775
0.349065850398866,3.14159265358979,0.0349065850398866,6.10865238198015,0.037868524650062005,0.044704189750475104,0.024936048662594
0.349065850398866,3.14159265358979,0.0523598775598299,6.10865238198015,0.040155889895038197,0.04675783255854285,0.0267375128632057
0.349065850398866,3.14159265358979,0.0698131700797732,6.10865238198015,0.042952720067162,0.04910699609644615,0.029120016412059302
0.349065850398866,3.14159265358979,0.0872664625997165,6.10865238198015,0.04659944287629805,0.052316538073079705,0.0324228068308076
0.349065850398866,3.14159265358979,0.10471975511966,6.10865238198015,0.0512310839644564,0.05657602560899245,0.0366017376024763
0.349065850398866,3.14159265358979,0.122173047639603,6.10865238198015,0.057742858514901046,0.0624262088022792,0.04210701802557705
0.349065850398866,3.14159265358979,0.139626340159546,6.10865238198015,0.0669736745634616,0.0707248101917639,0.050021176852416846
0.349065850398866,3.14159265358979,0.15707963267949,6.10865238198015,0.0796970617378206,0.08260909568301375,0.0618803233220014
0.349065850398866,3.14159265358979,0.174532925199433,6.10865238198015,0.0996638892097447,0.1020868168843666,0.08242226235559075
0.349065850398866,3.14159265358979,0.191986217719376,6.10865238198015,0.132705792994048,0.1359893140147755,0.11955011905405599
0.349065850398866,3.14159265358979,0.20943951023932,6.10865238198015,0.1840845550243785,0.1882887563870865,0.1780914236105515
0.349065850398866,3.14159265358979,0.226892802759263,6.10865238198015,0.254385613150314,0.25685746275224497,0.253556171857406
0.349065850398866,3.14159265358979,0.244346095279206,6.10865238198015,0.34107942684417647,0.339697417472126,0.3448536677936995
0.349065850398866,3.14159265358979,0.261799387799149,6.10865238198015,0.4471714245403855,0.441393360391937,0.457455405115026
0.349065850398866,3.14159265358979,0.279252680319093,6.10865238198015,0.5694921323243125,0.5592180595081986,0.590634581563642
0.349065850398866,3.14159265358979,0.296705972839036,6.10865238198015,0.6955229777122456,0.6825792644416845,0.7327445681674825
0.349065850398866,3.14159265358979,0.314159265358979,6.10865238198015,0.804166316847643,0.789571377093675,0.8589916905868635
0.349065850398866,3.14159265358979,0.331612557878923,6.10865238198015,0.876038618481938,0.8585203350449615,0.939563461672154
0.349065850398866,3.14159265358979,0.349065850398866,6.10865238198015,0.894212068414743,0.8720262392635375,0.9470973801982845
0.349065850398866,3.14159265358979,0.366519142918809,6.10865238198015,0.850531214867961,0.8224027157627449,0.8765402231169015
0.349065850398866,3.14159265358979,0.383972435438752,6.10865238198015,0.7524024993529634,0.7195893394542034,0.75162893923507
0.349065850398866,3.14159265358979,0.401425727958696,6.10865238198015,0.6235242843169015,0.5897824412591675,0.6062724232415055
0.349065850398866,3.14159265358979,0.418879020478639,6.10865238198015,0.490773406773005,0.4598150135341885,0.4648501094579215
0.349065850398866,3.14159265358979,0.436332312998582,6.10865238198015,0.36880565691087,0.3430153710527145,0.33911916960494404
0.349065850398866,3.14159265358979,0.453785605518526,6.10865238198015,0.2703559071750305,0.250582494568191,0.23888351216619197
0.349065850398866,3.14159265358979,0.471238898038469,6.10865238198015,0.19849732145850701,0.1849615852664735,0.1682895195894275
0.349065850398866,3.14159265358979,0.488692190558412,6.10865238198015,0.14940697928458302,0.14100574984471548,0.12176018091580576
0.349065850398866,3.14159265358979,0.506145483078356,6.10865238198015,0.11661273612248871,0.11177263084010275,0.0912588991606989
0.349065850398866,3.14159265358979,0.523598775598299,6.10865238198015,0.0935331677265913,0.09149112609316534,0.07112627821771185
0.349065850398866,3.14159265358979,0.541052068118242,6.10865238198015,0.0771292569110405,0.07727292412720704,0.05733603583721575
0.349065850398866,3.14159265358979,0.558505360638185,6.10865238198015,0.0652652186856328,0.06705586307887004,0.047228320743933946
0.349065850398866,3.14159265358979,0.575958653158129,6.10865238198015,0.0565920611927841,0.0596405586626481,0.0398957847044294
0.349065850398866,3.14159265358979,0.593411945678072,6.10865238198015,0.050485115929867,0.05452497460773845,0.03479084188710025
0.349065850398866,3.14159265358979,0.610865238198015,6.10865238198015,0.04611122247581585,0.0509285366454969,0.0311464738858982
0.349065850398866,3.14159265358979,0.628318530717959,6.10865238198015,0.04252354510200585,0.04807177746521265,0.0284296184776353
0.349065850398866,3.14159265358979,0.645771823237902,6.10865238198015,0.03944081619570235,0.0457071870890481,0.02619843470123355
0.349065850398866,3.14159265358979,0.663225115757845,6.10865238198015,0.03699128073900225,0.04388023761384765,0.02427925594416995
0.349065850398866,3.14159265358979,0.680678408277788,6.10865238198015,0.0351311757498168,0.0424167538302955,0.0227088739691356
0.349065850398866,3.14159265358979,0.698131700797732,6.10865238198015,0.03383093192017515,0.04129291353930605,0.021585559396592603
0.349065850398866,3.14159265358979,0.715584993317675,6.10865238198015,0.032771473264215395,0.040367251430277404,0.02087487963743705
0.349065850398866,3.14159265358979,0.733038285837618,6.10865238198015,0.03189400967650625,0.03962699967762365,0.020320263689486598
0.349065850398866,3.14159265358979,0.750491578357562,6.10865238198015,0.031190086604229297,0.039034139411187954,0.01978786249864875
0.349065850398866,3.14159265358979,0.767944870877505,6.10865238198015,0.030619324699553252,0.0385843560075953,0.019275041905314802
0.349065850398866,3.14159265358979,0.785398163397448,6.10865238198015,0.030126431441203298,0.038162018163172745,0.0188095657939388
0.349065850398866,3.14159265358979,0.802851455917391,6.10865238198015,0.02958548896887135,0.037757515968694,0.0183903760894325
0.349065850398866,3.14159265358979,0.820304748437335,6.10865238198015,0.0291594945755412,0.037356454713745296,0.018055839877437897
0.349065850398866,3.14159265358979,0.837758040957278,6.10865238198015,0.02884063055189625,0.03721398172665735,0.0178174998583296
0.349065850398866,3.14159265358979,0.855211333477221,6.10865238198015,0.02856916566763135,0.037003124165184045,0.0176274157635876
0.349065850398866,3.14159265358979,0.872664625997165,6.10865238198015,0.02835289949631095,0.03653729452986785,0.0173942886731941
0.349065850398866,3.14159265358979,0.890117918517108,6.10865238198015,0.02823027511350175,0.0362050889816457,0.01701843728566425
0.349065850398866,3.14159265358979,0.907571211037051,6.10865238198015,0.0281597928616289,0.0362262329659712,0.01693186262020165
0.349065850398866,3.14159265358979,0.925024503556995,6.10865238198015,0.02800331786696435,0.0360725055661176,0.01685657020767645
0.349065850398866,3.14159265358979,0.942477796076938,6.10865238198015,0.0277893079327801,0.0358405865365356,0.016609594770850153
0.349065850398866,3.14159265358979,0.959931088596881,6.10865238198015,0.0277100017991618,0.0357960534929436,0.016401069010178
0.349065850398866,3.14159265358979,0.977384381116825,6.10865238198015,0.027696645706413302,0.0358297299311286,0.016203411016914353
0.349065850398866,3.14159265358979,0.994837673636768,6.10865238198015,0.0273192684773838,0.03567477671509475,0.0161529743074248
0.349065850398866,3.14159265358979,1.01229096615671,6.10865238198015,0.02701893612388065,0.03555744290265585,0.01619364581147155
0.349065850398866,3.14159265358979,1.02974425867665,6.10865238198015,0.02716942829416545,0.0354758547360159,0.016118321133871148
0.349065850398866,3.14159265358979,1.0471975511966,6.10865238198015,0.0271755589326296,0.03534268037926265,0.016082586834611348
0.349065850398866,3.14159265358979,1.06465084371654,6.10865238198015,0.026847628042833603,0.035058535589280695,0.016068531908889
0.349065850398866,3.14159265358979,1.08210413623648,6.10865238198015,0.026646678616714152,0.0348588777764605,0.015866678551729248
0.349065850398866,3.14159265358979,1.09955742875643,6.10865238198015,0.0264539231938606,0.034914156380563804,0.015708574335556252
0.349065850398866,3.14159265358979,1.11701072127637,6.10865238198015,0.02626346491104135,0.0345487749373335,0.0156188394645039
0.349065850398866,3.14159265358979,1.13446401379631,6.10865238198015,0.02631090383566745,0.0343073886847474,0.01560455046548375
0.349065850398866,3.14159265358979,1.15191730631626,6.10865238198015,0.026333176086180098,0.03415685692512515,0.01569236479586525
0.349065850398866,3.14159265358979,1.1693705988362,6.10865238198015,0.02629931055356565,0.03394178217265905,0.015678729272724
0.349065850398866,3.14159265358979,1.18682389135614,6.10865238198015,0.0262166616267787,0.033849579357377355,0.01554122626771685
0.349065850398866,3.14159265358979,1.20427718387609,6.10865238198015,0.026106046328387,0.0335749658545738,0.01546224829962815
0.349065850398866,3.14159265358979,1.22173047639603,6.10865238198015,0.02608789540265495,0.03350431570364215,0.015455128222847149
0.349065850398866,3.14159265358979,1.23918376891597,6.10865238198015,0.025697648184143253,0.03297167260390045,0.015277974876211499
0.349065850398866,3.14159265358979,1.25663706143592,6.10865238198015,0.025634635377659,0.032870788430443,0.0152132475082737
0.349065850398866,3.14159265358979,1.27409035395586,6.10865238198015,0.025495234287625748,0.032835288304439644,0.01539595480905485
0.349065850398866,3.14159265358979,1.2915436464758,6.10865238198015,0.025411520440840447,0.032703402078212304,0.01564933564194055
0.349065850398866,3.14159265358979,1.30899693899575,6.10865238198015,0.02526106560223005,0.03241735652425355,0.015714685170929298
0.349065850398866,3.14159265358979,1.32645023151569,6.10865238198015,0.02370411346010745,0.03044620949145875,0.014680213053210149
0.349065850398866,3.14159265358979,1.34390352403563,6.10865238198015,0.02198110857145265,0.02823579445635895,0.01354674442743545
0.349065850398866,3.14159265358979,1.36135681655558,6.10865238198015,0.0202945010052447,0.02604100096612855,0.01245794766046595
0.349065850398866,3.14159265358979,1.37881010907552,6.10865238198015,0.01863562081747095,0.023859154218031052,0.0114051276423744
0.349065850398866,3.14159265358979,1.39626340159546,6.10865238198015,0.016989527817141102,0.02168571551987155,0.01037297944726215
0.349065850398866,3.14159265358979,1.41371669411541,6.10865238198015,0.0152776018133609,0.0195743954152703,0.009453842451424645
0.349065850398866,3.14159265358979,1.43116998663535,6.10865238198015,0.013542838388061751,0.0173925997196904,0.008378801086197225
0.349065850398866,3.14159265358979,1.44862327915529,6.10865238198015,0.0118389260138434,0.015200597566900651,0.007291081232241315
0.349065850398866,3.14159265358979,1.46607657167524,6.10865238198015,0.010152947283203395,0.0130185221154883,0.0062294674890276906
0.349065850398866,3.14159265358979,1.48352986419518,6.10865238198015,0.00847746940826834,0.01084408215995835,0.0051864957662668704
0.349065850398866,3.14159265358979,1.50098315671512,6.10865238198015,0.006803898724502464,0.008674644122311274,0.00415346567138492
0.349065850398866,3.14159265358979,1.51843644923507,6.10865238198015,0.0050932191960052445,0.00651890721322382,0.003140715704881075
0.349065850398866,3.14159265358979,1.53588974175501,6.10865238198015,0.003384509213021445,0.004345692193885425,0.0020926837136411598
0.349065850398866,3.14159265358979,1.55334303427495,6.10865238198015,0.0016897825088376698,0.0021690474467642353,0.001040747006758919
0.349065850398866,3.14159265358979,1.5707963267949,6.10865238198015,0.0010887435761095798,0.001398372007140315,0.0006698310804938345
0.698131700797732,3.14159265358979,0.0,0.0,0.0233271723781958,0.03459690968696795,0.0143749613236769
0.698131700797732,3.14159265358979,0.0174532925199433,0.0,0.02368434828742895,0.03452175599567135,0.01469165814780925
0.698131700797732,3.14159265358979,0.0349065850398866,0.0,0.02362044629637665,0.0346685295403272,0.0149414847722197
0.698131700797732,3.14159265358979,0.0523598775598299,0.0,0.023107094802311802,0.03490350445669315,0.01508359749672225
0.698131700797732,3.14159265358979,0.0698131700797732,0.0,0.023166054166245953,0.0349655411997616,0.01504206043469055
0.698131700797732,3.14159265358979,0.0872664625997165,0.0,0.0235930562904049,0.03502813241515125,0.0152073673591827
0.698131700797732,3.14159265358979,0.10471975511966,0.0,0.02411177530979245,0.03543438227775085,0.0152949989412559
0.698131700797732,3.14159265358979,0.122173047639603,0.0,0.0241389625743229,0.035604315483009255,0.0152261003686869
0.698131700797732,3.14159265358979,0.139626340159546,0.0,0.0243409358436397,0.035640171082355857,0.015656240219055352
0.698131700797732,3.14159265358979,0.15707963267949,0.0,0.0245059243888661,0.03582000991833875,0.0158019055026077
0.698131700797732,3.14159265358979,0.174532925199433,0.0,0.0246711292361926,0.0360115591822992,0.0157522502039587
0.698131700797732,3.14159265358979,0.191986217719376,0.0,0.0252707818643382,0.0368432806648465,0.015956974496087552
0.698131700797732,3.14159265358979,0.20943951023932,0.0,0.0257802228918666,0.0372963378678132,0.016430425700139202
0.698131700797732,3.14159265358979,0.226892802759263,0.0,0.026247483666481747,0.0376569783928088,0.016562907109331698
0.698131700797732,3.14159265358979,0.244346095279206,0.0,0.02675081729848515,0.037867920537701855,0.016688015717293198
0.698131700797732,3.14159265358979,0.261799387799149,0.0,0.02736134368332615,0.03831022521658495,0.01688800911296405
0.698131700797732,3.14159265358979,0.279252680319093,0.0,0.02775811638341945,0.03837870488558375,0.01718384351241655
0.698131700797732,3.14159265358979,0.296705972839036,0.0,0.0281635832832372,0.03878885784656905,0.017769844035344852
0.698131700797732,3.14159265358979,0.314159265358979,0.0,0.0287042248974812,0.03963796615114485,0.01851188069190235
0.698131700797732,3.14159265358979,0.331612557878923,0.0,0.0297548304048265,0.04062455996205655,0.019036409662159047
0.698131700797732,3.14159265358979,0.349065850398866,0.0,0.03125193983564085,0.0417531820376347,0.019778162303961802
0.698131700797732,3.14159265358979,0.366519142918809,0.0,0.03297109710337115,0.04331615731239725,0.021027127588384
0.698131700797732,3.14159265358979,0.383972435438752,0.0,0.0351749007689956,0.0453042247299167,0.02234991322644725
0.698131700797732,3.14159265358979,0.401425727958696,0.0,0.037848161253578455,0.04755018834329805,0.0241958676318007
0.698131700797732,3.14159265358979,0.418879020478639,0.0,0.04168151480360325,0.0510687669787262,0.02725867431588595
0.698131700797732,3.14159265358979,0.436332312998582,0.0,0.04655108066766755,0.055315813763123195,0.031109895326760298
0.698131700797732,3.14159265358979,0.453785605518526,0.0,0.053826360509450055,0.061624849587704596,0.0375248518526134
0.698131700797732,3.14159265358979,0.471238898038469,0.0,0.06367975231297171,0.07007609324026484,0.04606075862728515
0.698131700797732,3.14159265358979,0.488692190558412,0.0,0.07884665834658361,0.08362196713325395,0.05923798732460895
0.698131700797732,3.14159265358979,0.506145483078356,0.0,0.1028071727110936,0.10445789728746466,0.0826058639525798
0.698131700797732,3.14159265358979,0.523598775598299,0.0,0.1387791617254885,0.134844207819292,0.11907997503243739
0.698131700797732,3.14159265358979,0.541052068118242,0.0,0.1958456413420505,0.184091614392181,0.1781804577650255
0.698131700797732,3.14159265358979,0.558505360638185,0.0,0.284806012821869,0.26516106552482,0.27245019714539
0.698131700797732,3.14159265358979,0.575958653158129,0.0,0.4185172861045975,0.389001566683821,0.4200988518065345
0.698131700797732,3.14159265358979,0.593411945678072,0.0,0.6033013511852265,0.5557809319198335,0.6337241036398975
0.698131700797732,3.14159265358979,0.610865238198015,0.0,0.8774842118971364,0.7826093822277564,0.9054225556389934
0.698131700797732,3.14159265358979,0.628318530717959,0.0,1.271857864698475,1.0971714357401234,1.2627727344268949
0.698131700797732,3.14159265358979,0.645771823237902,0.0,1.778717657626645,1.5670049671672102,1.79501587434921
0.698131700797732,3.14159265358979,0.663225115757845,0.0,2.32125817828601,2.145282285702635,2.41963757483835
0.698131700797732,3.14159265358979,0.680678408277788,0.0,2.702671405677445,2.574122526392355,2.82609942965078
0.698131700797732,3.14159265358979,0.698131700797732,0.0,2.8049405831039698,2.664347938026625,2.7814817660112
0.698131700797732,3.14159265358979,0.715584993317675,0.0,2.621002186744715,2.45014994771003,2.40954075898065
0.698131700797732,3.14159265358979,0.733038285837618,0.0,2.23004554530264,2.041508336783205,1.8911637734796851
0.698131700797732,3.14159265358979,0.750491578357562,0.0,1.75632234401251,1.5825993005041852,1.372130666982825
0.698131700797732,3.14159265358979,0.767944870877505,0.0,1.293389431514755,1.1460784024221051,0.9342734502863606
0.698131700797732,3.14159265358979,0.785398163397448,0.0,0.9146725429318079,0.8060855282154871,0.6429294018255015
0.698131700797732,3.14159265358979,0.802851455917391,0.0,0.6272690270803765,0.5583301389406025,0.44656017325585
0.698131700797732,3.14159265358979,0.820304748437335,0.0,0.42503425426059804,0.3830189952423265,0.306599450522832
0.698131700797732,3.14159265358979,0.837758040957278,0.0,0.2839971025939435,0.26309649160515547,0.20611300615766348
0.698131700797732,3.14159265358979,0.855211333477221,0.0,0.19336485009558602,0.183381898425437,0.13176489507397846
0.698131700797732,3.14159265358979,0.872664625997165,0.0,0.13773913662777998,0.131314445331768,0.09249422967124216
0.698131700797732,3.14159265358979,0.890117918517108,0.0,0.10219661742042024,0.0991408529143841,0.07252380086315566
0.698131700797732,3.14159265358979,0.907571211037051,0.0,0.0806485903778431,0.0832955662979746,0.05908288383554365
0.698131700797732,3.14159265358979,0.925024503556995,0.0,0.06668782331011355,0.0732266122907381,0.0446461328040606
0.698131700797732,3.14159265358979,0.942477796076938,0.0,0.0581449522426655,0.0647337969048703,0.032728676648930546
0.698131700797732,3.14159265358979,0.959931088596881,0.0,0.0522586488278819,0.05956740973513095,0.02569819136954465
0.698131700797732,3.14159265358979,0.977384381116825,0.0,0.04815496532809675,0.0555381373158548,0.0234439016656279
0.698131700797732,3.14159265358979,0.994837673636768,0.0,0.0457908961230147,0.05301154380234685,0.0228604644649392
0.698131700797732,3.14159265358979,1.01229096615671,0.0,0.0432232559217878,0.0499897284828377,0.0217217525031634
0.698131700797732,3.14159265358979,1.02974425867665,0.0,0.04037538704108265,0.04761968467109695,0.021026361012266848
0.698131700797732,3.14159265358979,1.0471975511966,0.0,0.03828525014331635,0.046517407440095804,0.0190203375277215
0.698131700797732,3.14159265358979,1.06465084371654,0.0,0.03623336014840435,0.0452988917479179,0.0176938960071799
0.698131700797732,3.14159265358979,1.08210413623648,0.0,0.035662790705966854,0.04467469230459545,0.0168999839552176
0.698131700797732,3.14159265358979,1.09955742875643,0.0,0.0347538185964803,0.043281356671368856,0.017640730740106803
0.698131700797732,3.14159265358979,1.11701072127637,0.0,0.03395905629376905,0.0426329901416565,0.01818582865376155
0.698131700797732,3.14159265358979,1.13446401379631,0.0,0.033735877963597255,0.04267560641393755,0.0179466880449795
0.698131700797732,3.14159265358979,1.15191730631626,0.0,0.033395362631692,0.0422513682574724,0.01864527622778145
0.698131700797732,3.14159265358979,1.1693705988362,0.0,0.0327251175353988,0.042213490099825654,0.0183066925438485
0.698131700797732,3.14159265358979,1.18682389135614,0.0,0.0323057058171684,0.0417361491559139,0.01853851752109905
0.698131700797732,3.14159265358979,1.20427718387609,0.0,0.032364050394842,0.04147619881529375,0.018340629766971497
0.698131700797732,3.14159265358979,1.22173047639603,0.0,0.0320345938675188,0.0414329447495001,0.01846794172526505
0.698131700797732,3.14159265358979,1.23918376891597,0.0,0.0313562099106156,0.0412960028803806,0.0187149496245913
0.698131700797732,3.14159265358979,1.25663706143592,0.0,0.031155782215042054,0.0409555000047056,0.0191297345531743
0.698131700797732,3.14159265358979,1.27409035395586,0.0,0.03127687370531655,0.0408557302933439,0.019571539942614048
0.698131700797732,3.14159265358979,1.2915436464758,0.0,0.031229508694692702,0.04057611556376345,0.019842227148189548
0.698131700797732,3.14159265358979,1.30899693899575,0.0,0.031027353857941,0.040127801707827745,0.019962714321494948
0.698131700797732,3.14159265358979,1.32645023151569,0.0,0.0289588636007449,0.0374526149273059,0.01863186670006195
0.698131700797732,3.14159265358979,1.34390352403563,0.0,0.0268903733435489,0.034777428146784,0.01730101907862895
0.698131700797732,3.14159265358979,1.36135681655558,0.0,0.0248218830863528,0.032102241366262205,0.01597017145719595
0.698131700797732,3.14159265358979,1.37881010907552,0.0,0.0227533928291567,0.02942705458574035,0.014639323835762951
0.698131700797732,3.14159265358979,1.39626340159546,0.0,0.02068490257196065,0.0267518678052185,0.01330847621432995
0.698131700797732,3.14159265358979,1.41371669411541,0.0,0.018616412314764602,0.02407668102469665,0.01197762859289695
0.698131700797732,3.14159265358979,1.43116998663535,0.0,0.01654792205756855,0.0214014942441748,0.010646780971463949
0.698131700797732,3.14159265358979,1.44862327915529,0.0,0.01447943180037245,0.01872630746365295,0.00931593335003097
0.698131700797732,3.14159265358979,1.46607657167524,0.0,0.012410941543176401,0.016051120683131102,0.00798508572859797
0.698131700797732,3.14159265358979,1.48352986419518,0.0,0.01034245128598035,0.0133759339026092,0.00665423810716498
0.698131700797732,3.14159265358979,1.50098315671512,0.0,0.00827396102878428,0.0107007471220874,0.00532339048573198
0.698131700797732,3.14159265358979,1.51843644923507,0.0,0.006205470771588205,0.008025560341565562,0.00399254286429899
0.698131700797732,3.14159265358979,1.53588974175501,0.0,0.004136980514392145,0.00535037356104371,0.00266169524286599
0.698131700797732,3.14159265358979,1.55334303427495,0.0,0.0020684902571960198,0.002675186780521865,0.0013308476214330001
0.698131700797732,3.14159265358979,1.5707963267949,0.0,0.0,0.0,0.0
0.698131700797732,3.14159265358979,0.0174532925199433,0.174532925199433,0.02369201059420805,0.034556972362775246,0.01470730556882045
0.698131700797732,3.14159265358979,0.0349065850398866,0.174532925199433,0.023690578542113802,0.03471651676041885,0.01490041810233595
0.698131700797732,3.14159265358979,0.0523598775598299,0.174532925199433,0.02330976961428365,0.034893148937410245,0.01499372576193615
0.698131700797732,3.14159265358979,0.0698131700797732,0.174532925199433,0.023430194317190803,0.034855121236178704,0.015028882945508849
0.698131700797732,3.14159265358979,0.0872664625997165,0.174532925199433,0.023811174533860502,0.034885578868606396,0.01530227981316625
0.698131700797732,3.14159265358979,0.10471975511966,0.174532925199433,0.0243405792464477,0.035083174790429245,0.01536511130646815
0.698131700797732,3.14159265358979,0.122173047639603,0.174532925199433,0.02441485770416125,0.03552012415230185,0.015133917797837699
0.698131700797732,3.14159265358979,0.139626340159546,0.174532925199433,0.024294906786475848,0.0358080018586122,0.0153018930393275
0.698131700797732,3.14159265358979,0.15707963267949,0.174532925199433,0.0244772513737582,0.03593089026865725,0.015586122687183401
0.698131700797732,3.14159265358979,0.174532925199433,0.174532925199433,0.0248801741600355,0.03618083963231265,0.01574324580904895
0.698131700797732,3.14159265358979,0.191986217719376,0.174532925199433,0.02528047055337855,0.0365446027809473,0.016006524147842552
0.698131700797732,3.14159265358979,0.20943951023932,0.174532925199433,0.02563948744371505,0.036941039285556,0.0163148039120685
0.698131700797732,3.14159265358979,0.226892802759263,0.174532925199433,0.02613069954826355,0.037008802264379054,0.01640011737047285
0.698131700797732,3.14159265358979,0.244346095279206,0.174532925199433,0.02654251408106495,0.0372246252904275,0.016400200628514702
0.698131700797732,3.14159265358979,0.261799387799149,0.174532925199433,0.026885942879833702,0.0376087192256087,0.0164696327373385
0.698131700797732,3.14159265358979,0.279252680319093,0.174532925199433,0.027329948051344748,0.03810164064281315,0.0169505011805486
0.698131700797732,3.14159265358979,0.296705972839036,0.174532925199433,0.02781542205681965,0.0384134467885941,0.0176444686101284
0.698131700797732,3.14159265358979,0.314159265358979,0.174532925199433,0.028400472604355048,0.0387220216247042,0.01817684267660345
0.698131700797732,3.14159265358979,0.331612557878923,0.174532925199433,0.0292787754642062,0.0394973696401471,0.01840026845716875
0.698131700797732,3.14159265358979,0.349065850398866,0.174532925199433,0.03027593834910845,0.0404728267952748,0.0187874958024982
0.698131700797732,3.14159265358979,0.366519142918809,0.174532925199433,0.031471899892784205,0.0417198423018446,0.019642870663204803
0.698131700797732,3.14159265358979,0.383972435438752,0.174532925199433,0.03326612425541905,0.0433864872951405,0.02118059020919555
0.698131700797732,3.14159265358979,0.401425727958696,0.174532925199433,0.0358164930855235,0.04558067515392615,0.023346727291176553
0.698131700797732,3.14159265358979,0.418879020478639,0.174532925199433,0.0391290811307669,0.04828102953450615,0.02573096734484405
0.698131700797732,3.14159265358979,0.436332312998582,0.174532925199433,0.043080345516388396,0.05149036664991995,0.028128152246165848
0.698131700797732,3.14159265358979,0.453785605518526,0.174532925199433,0.0473482999100836,0.0551570322602289,0.031764916140568256
0.698131700797732,3.14159265358979,0.471238898038469,0.174532925199433,0.05274676957876415,0.06068609365816885,0.037874868187220245
0.698131700797732,3.14159265358979,0.488692190558412,0.174532925199433,0.060140362976352155,0.0685334561272717,0.0452225316705114
0.698131700797732,3.14159265358979,0.506145483078356,0.174532925199433,0.07028302634161165,0.0782725516032371,0.05392541569866295
0.698131700797732,3.14159265358979,0.523598775598299,0.174532925199433,0.0835689190750552,0.08986172482522145,0.06549074192111845
0.698131700797732,3.14159265358979,0.541052068118242,0.174532925199433,0.100929992682257,0.10491617114722021,0.08042150985969546
0.698131700797732,3.14159265358979,0.558505360638185,0.174532925199433,0.1218827618105904,0.12398176739697785,0.0991560049715134
0.698131700797732,3.14159265358979,0.575958653158129,0.174532925199433,0.14466386633177164,0.1479324149935795,0.1267992272448386
0.698131700797732,3.14159265358979,0.593411945678072,0.174532925199433,0.1694718271631515,0.1764389916568475,0.16212994019762
0.698131700797732,3.14159265358979,0.610865238198015,0.174532925199433,0.194002923802403,0.2018653007311835,0.188155477447782
0.698131700797732,3.14159265358979,0.628318530717959,0.174532925199433,0.21601455516471252,0.21661903405786548,0.199312478952961
0.698131700797732,3.14159265358979,0.645771823237902,0.174532925199433,0.23458834531636,0.22559147882589298,0.20232430015750347
0.698131700797732,3.14159265358979,0.663225115757845,0.174532925199433,0.24450323057204298,0.23342404037389752,0.193518566084863
0.698131700797732,3.14159265358979,0.680678408277788,0.174532925199433,0.23857469399216302,0.229737422257519,0.17269090190935554
0.698131700797732,3.14159265358979,0.698131700797732,0.174532925199433,0.2169128549139755,0.2079759326146065,0.15024518582631774
0.698131700797732,3.14159265358979,0.715584993317675,0.174532925199433,0.192193520372052,0.183664169166978,0.1344747251304089
0.698131700797732,3.14159265358979,0.733038285837618,0.174532925199433,0.17023541109047852,0.1657856373793805,0.1202262651816971
0.698131700797732,3.14159265358979,0.750491578357562,0.174532925199433,0.14995565946189499,0.150642683506483,0.10500832187464079
0.698131700797732,3.14159265358979,0.767944870877505,0.174532925199433,0.1303996723670941,0.134220249738821,0.0906762186143726
0.698131700797732,3.14159265358979,0.785398163397448,0.174532925199433,0.11172428231309944,0.1166289423443756,0.07629248709377455
0.698131700797732,3.14159265358979,0.802851455917391,0.174532925199433,0.09416143871145125,0.10046797126043215,0.06241948747292565
0.698131700797732,3.14159265358979,0.820304748437335,0.174532925199433,0.079716323307248,0.08701607677183625,0.05063964335633285
0.698131700797732,3.14159265358979,0.837758040957278,0.174532925199433,0.0683165623041392,0.07589976048579004,0.0420481635390991
0.698131700797732,3.14159265358979,0.855211333477221,0.174532925199433,0.060414360251937596,0.0676078831386691,0.03578952637249795
0.698131700797732,3.14159265358979,0.872664625997165,0.174532925199433,0.054593586137844846,0.06165378597544055,0.03172657058974135
0.698131700797732,3.14159265358979,0.890117918517108,0.174532925199433,0.05008003702009215,0.057291582914914,0.02834499991614725
0.698131700797732,3.14159265358979,0.907571211037051,0.174532925199433,0.04629304485940095,0.053582712822998604,0.0257269595896334
0.698131700797732,3.14159265358979,0.925024503556995,0.174532925199433,0.0424271876663751,0.050301665848396446,0.0240777219078082
0.698131700797732,3.14159265358979,0.942477796076938,0.174532925199433,0.0398405811818382,0.0483278521788892,0.022474246984280848
0.698131700797732,3.14159265358979,0.959931088596881,0.174532925199433,0.03844858243113615,0.0465951773269268,0.02144532492512955
0.698131700797732,3.14159265358979,0.977384381116825,0.174532925199433,0.0375664260600824,0.0455478940751311,0.02059530681508905
0.698131700797732,3.14159265358979,0.994837673636768,0.174532925199433,0.03648895107673575,0.0443064979199084,0.0192784870246068
0.698131700797732,3.14159265358979,1.01229096615671,0.174532925199433,0.035368372873855095,0.04354986261651155,0.018045120571118498
0.698131700797732,3.14159265358979,1.02974425867665,0.174532925199433,0.0345867521129552,0.04306234719983155,0.018108434621255352
0.698131700797732,3.14159265358979,1.0471975511966,0.174532925199433,0.03382411741127485,0.04233884672661365,0.0176694021216264
0.698131700797732,3.14159265358979,1.06465084371654,0.174532925199433,0.0327008000293404,0.0412532334416246,0.0175946234380692
0.698131700797732,3.14159265358979,1.08210413623648,0.174532925199433,0.031791691042279996,0.0405590407162243,0.01741136016946265
0.698131700797732,3.14159265358979,1.09955742875643,0.174532925199433,0.031307913954518096,0.04042850590877605,0.0175976283691585
0.698131700797732,3.14159265358979,1.11701072127637,0.174532925199433,0.030693890707307096,0.0403649015050844,0.01800206934704305
0.698131700797732,3.14159265358979,1.13446401379631,0.174532925199433,0.030420382774925446,0.0399558021898693,0.017725014536889752
0.698131700797732,3.14159265358979,1.15191730631626,0.174532925199433,0.03010786663910665,0.039558117474052745,0.01721514484551
0.698131700797732,3.14159265358979,1.1693705988362,0.174532925199433,0.029998333566113998,0.0392131083374329,0.01663845315948945
0.698131700797732,3.14159265358979,1.18682389135614,0.174532925199433,0.02987049270531965,0.03885077677978445,0.016192949299611202
0.698131700797732,3.14159265358979,1.20427718387609,0.174532925199433,0.02990639232203785,0.0387452231763485,0.016097791929998
0.698131700797732,3.14159265358979,1.22173047639603,0.174532925199433,0.02987697365647615,0.03882680012222345,0.01589936435157185
0.698131700797732,3.14159265358979,1.23918376891597,0.174532925199433,0.029774066401365103,0.03929291774493435,0.01596311961879205
0.698131700797732,3.14159265358979,1.25663706143592,0.174532925199433,0.0298865265004954,0.0397389140565117,0.0167291098993686
0.698131700797732,3.14159265358979,1.27409035395586,0.174532925199433,0.029998887674669752,0.0395254246524602,0.016949336900201402
0.698131700797732,3.14159265358979,1.2915436464758,0.174532925199433,0.029333816166681202,0.03935618715014285,0.0159490230153624
0.698131700797732,3.14159265358979,1.30899693899575,0.174532925199433,0.02952407309081,0.0380229744764564,0.0167081705623636
0.698131700797732,3.14159265358979,1.32645023151569,0.174532925199433,0.02769812590116285,0.035996494885788446,0.01568862581109545
0.698131700797732,3.14159265358979,1.34390352403563,0.174532925199433,0.025583472141369,0.033708897716061295,0.01435159276815745
0.698131700797732,3.14159265358979,1.36135681655558,0.174532925199433,0.0235138316613499,0.0312933478142774,0.0130396638150272
0.698131700797732,3.14159265358979,1.37881010907552,0.174532925199433,0.02148258902849785,0.02877349103101105,0.01175499135657595
0.698131700797732,3.14159265358979,1.39626340159546,0.174532925199433,0.0194783339483088,0.02619066645492905,0.0105009435330855
0.698131700797732,3.14159265358979,1.41371669411541,0.174532925199433,0.0177893666787922,0.023119678050136303,0.009984237408282356
0.698131700797732,3.14159265358979,1.43116998663535,0.174532925199433,0.01580925404340915,0.02060142060882545,0.008933006815334635
0.698131700797732,3.14159265358979,1.44862327915529,0.174532925199433,0.0137637686149924,0.0181631958499026,0.007698954188063475
0.698131700797732,3.14159265358979,1.46607657167524,0.174532925199433,0.01174918776200815,0.0156474671729143,0.00649450767700723
0.698131700797732,3.14159265358979,1.48352986419518,0.174532925199433,0.00975984035007608,0.0130745213607809,0.00532150275393436
0.698131700797732,3.14159265358979,1.50098315671512,0.174532925199433,0.007789167070434509,0.01046794392943885,0.004181986556583055
0.698131700797732,3.14159265358979,1.51843644923507,0.174532925199433,0.005906345932612285,0.007744517876337045,0.0032805816673096098
0.698131700797732,3.14159265358979,1.53588974175501,0.174532925199433,0.003947966328908975,0.0051524890036548695,0.00222662168665575
0.698131700797732,3.14159265358979,1.55334303427495,0.174532925199433,0.001964078087608995,0.002590711263210685,0.001097959118405635
0.698131700797732,3.14159265358979,1.5707963267949,0.174532925199433,0.00126518994890652,0.001674803097099335,0.000706973144331872
0.698131700797732,3.14159265358979,0.0174532925199433,0.349065850398866,0.023686020768128452,0.0345909942777587,0.014715007684405399
0.698131700797732,3.14159265358979,0.0349065850398866,0.349065850398866,0.0237549234258101,0.03475715560224135,0.01485891799552315
0.698131700797732,3.14159265358979,0.0523598775598299,0.349065850398866,0.0235240115781579,0.03488071871504555,0.01491513708251435
0.698131700797732,3.14159265358979,0.0698131700797732,0.349065850398866,0.02353133778439635,0.0348211926521924,0.01515663078565365
0.698131700797732,3.14159265358979,0.0872664625997165,0.349065850398866,0.023779589885842653,0.034824949024047896,0.0153636417274324
0.698131700797732,3.14159265358979,0.10471975511966,0.349065850398866,0.0241822635966025,0.034905805938714854,0.015371375773444749
0.698131700797732,3.14159265358979,0.122173047639603,0.349065850398866,0.024203272329485,0.03527947575481735,0.015371172926978798
0.698131700797732,3.14159265358979,0.139626340159546,0.349065850398866,0.024195427075749253,0.0355797403134073,0.01563954188575835
0.698131700797732,3.14159265358979,0.15707963267949,0.349065850398866,0.02448553966567745,0.0356593235076019,0.01585769527835875
0.698131700797732,3.14159265358979,0.174532925199433,0.349065850398866,0.024907948337630853,0.03583173320317384,0.01581156298402615
0.698131700797732,3.14159265358979,0.191986217719376,0.349065850398866,0.02528872858166495,0.0361837408300051,0.0157972379497348
0.698131700797732,3.14159265358979,0.20943951023932,0.349065850398866,0.0255601442125915,0.03665828651114645,0.01593198046996335
0.698131700797732,3.14159265358979,0.226892802759263,0.349065850398866,0.025771990333546553,0.036820670624093846,0.01592228933904
0.698131700797732,3.14159265358979,0.244346095279206,0.349065850398866,0.0260864561969083,0.03699628641594295,0.01589570663360165
0.698131700797732,3.14159265358979,0.261799387799149,0.349065850398866,0.026342161847905048,0.0374456570935975,0.0161092172459481
0.698131700797732,3.14159265358979,0.279252680319093,0.349065850398866,0.026627724081653002,0.03768502495628905,0.0168250583988899
0.698131700797732,3.14159265358979,0.296705972839036,0.349065850398866,0.026856732457080403,0.03809098491208675,0.0171572022178064
0.698131700797732,3.14159265358979,0.314159265358979,0.349065850398866,0.027215910648162353,0.03836236958950795,0.01740942469332455
0.698131700797732,3.14159265358979,0.331612557878923,0.349065850398866,0.027844177659056252,0.038555733131577855,0.0174358125688202
0.698131700797732,3.14159265358979,0.349065850398866,0.349065850398866,0.028339053522828,0.038939347755457404,0.017657964518919197
0.698131700797732,3.14159265358979,0.366519142918809,0.349065850398866,0.029202063066343903,0.039481285328108656,0.0180061359310447
0.698131700797732,3.14159265358979,0.383972435438752,0.349065850398866,0.0304322929301125,0.040271332770506096,0.018683700507449198
0.698131700797732,3.14159265358979,0.401425727958696,0.349065850398866,0.03165665803604575,0.0413430853213136,0.0194173765517553
0.698131700797732,3.14159265358979,0.418879020478639,0.349065850398866,0.0327770719589216,0.04242271748005615,0.0202653771434076
0.698131700797732,3.14159265358979,0.436332312998582,0.349065850398866,0.033957143219812747,0.043301040147876196,0.021184660063319947
0.698131700797732,3.14159265358979,0.453785605518526,0.349065850398866,0.0352411560247228,0.044195097868240996,0.02226454235930805
0.698131700797732,3.14159265358979,0.471238898038469,0.349065850398866,0.036706075672993804,0.0452843025346533,0.02335093305145625
0.698131700797732,3.14159265358979,0.488692190558412,0.349065850398866,0.0382441536816985,0.0467024914936079,0.0242727478581533
0.698131700797732,3.14159265358979,0.506145483078356,0.349065850398866,0.039626236242582394,0.0482099806429873,0.02492478554981605
0.698131700797732,3.14159265358979,0.523598775598299,0.349065850398866,0.0414189118420778,0.050103405421645,0.02562932326712435
0.698131700797732,3.14159265358979,0.541052068118242,0.349065850398866,0.04317915972356715,0.05208187588944245,0.02634700098831265
0.698131700797732,3.14159265358979,0.558505360638185,0.349065850398866,0.0444869981669466,0.05386539868238905,0.0277480624536681
0.698131700797732,3.14159265358979,0.575958653158129,0.349065850398866,0.04570642838974055,0.054958737827138546,0.02925344355104655
0.698131700797732,3.14159265358979,0.593411945678072,0.349065850398866,0.0465914894220124,0.0556367597168799,0.02938976526697465
0.698131700797732,3.14159265358979,0.610865238198015,0.349065850398866,0.0466299117258845,0.0558251585834545,0.029259382605525498
0.698131700797732,3.14159265358979,0.628318530717959,0.349065850398866,0.046670230597939996,0.055655444589662054,0.030280843335037548
0.698131700797732,3.14159265358979,0.645771823237902,0.349065850398866,0.0465390328714549,0.055487501092073496,0.0303955893042617
0.698131700797732,3.14159265358979,0.663225115757845,0.349065850398866,0.04565671994288005,0.0545108339484546,0.029177913953551002
0.698131700797732,3.14159265358979,0.680678408277788,0.349065850398866,0.0450615361558987,0.053190043851794294,0.027962812335543152
0.698131700797732,3.14159265358979,0.698131700797732,0.349065850398866,0.04399317153331605,0.0517465021600553,0.02655259725742025
0.698131700797732,3.14159265358979,0.715584993317675,0.349065850398866,0.0423025180784115,0.0506731122987662,0.025277441986241447
0.698131700797732,3.14159265358979,0.733038285837618,0.349065850398866,0.0408044884873894,0.04991814511397815,0.0242114228265301
0.698131700797732,3.14159265358979,0.750491578357562,0.349065850398866,0.039491085099448694,0.04869840782220955,0.0231287976490889
0.698131700797732,3.14159265358979,0.767944870877505,0.349065850398866,0.03833637902014325,0.0474642523073444,0.0223629752639486
0.698131700797732,3.14159265358979,0.785398163397448,0.349065850398866,0.0372170103024259,0.04660861872788765,0.021811979510554698
0.698131700797732,3.14159265358979,0.802851455917391,0.349065850398866,0.0359222345887023,0.04558250484704135,0.02069537435868055
0.698131700797732,3.14159265358979,0.820304748437335,0.349065850398866,0.03481663426375295,0.0441867138727115,0.019851374537357948
0.698131700797732,3.14159265358979,0.837758040957278,0.349065850398866,0.03408834888641715,0.043357895276191494,0.019415785307235298
0.698131700797732,3.14159265358979,0.855211333477221,0.349065850398866,0.033093852167885005,0.04255768863724925,0.018615235820587703
0.698131700797732,3.14159265358979,0.872664625997165,0.349065850398866,0.032405118891964554,0.04199871911484415,0.018663185167411098
0.698131700797732,3.14159265358979,0.890117918517108,0.349065850398866,0.03161859558029765,0.0414096821761779,0.01859000463442865
0.698131700797732,3.14159265358979,0.907571211037051,0.349065850398866,0.030614704419138453,0.0404760966663522,0.01757716081726385
0.698131700797732,3.14159265358979,0.925024503556995,0.349065850398866,0.02983677255453735,0.040001300703805656,0.0167041218714559
0.698131700797732,3.14159265358979,0.942477796076938,0.349065850398866,0.029342499788826602,0.0397272143682134,0.01696881068160085
0.698131700797732,3.14159265358979,0.959931088596881,0.349065850398866,0.02891105926932285,0.0394800796206723,0.017267826162680452
0.698131700797732,3.14159265358979,0.977384381116825,0.349065850398866,0.02871819095628445,0.03955816848821565,0.0169493345061263
0.698131700797732,3.14159265358979,0.994837673636768,0.349065850398866,0.0288416967398503,0.03941931555196785,0.015904129362473
0.698131700797732,3.14159265358979,1.01229096615671,0.349065850398866,0.02878364907078465,0.0390070538869856,0.015332120549990249
0.698131700797732,3.14159265358979,1.02974425867665,0.349065850398866,0.0282460180673176,0.0386600288363765,0.0155633317947024
0.698131700797732,3.14159265358979,1.0471975511966,0.349065850398866,0.0276126377895185,0.03852934659353195,0.0158659162209294
0.698131700797732,3.14159265358979,1.06465084371654,0.349065850398866,0.0270967499720341,0.03824457334341,0.0159352805770662
0.698131700797732,3.14159265358979,1.08210413623648,0.349065850398866,0.0267357872805629,0.03787086679943555,0.015685070723679702
0.698131700797732,3.14159265358979,1.09955742875643,0.349065850398866,0.0265303118850476,0.037748635931406,0.01527723459961175
0.698131700797732,3.14159265358979,1.11701072127637,0.349065850398866,0.02653722140116765,0.03739677730994555,0.015172501890028701
0.698131700797732,3.14159265358979,1.13446401379631,0.349065850398866,0.0266663322835764,0.037030626705554,0.0154758067251567
0.698131700797732,3.14159265358979,1.15191730631626,0.349065850398866,0.02679839164703525,0.0367813079491926,0.0161407797295584
0.698131700797732,3.14159265358979,1.1693705988362,0.349065850398866,0.026912173378921447,0.0365706217733689,0.0163634170968376
0.698131700797732,3.14159265358979,1.18682389135614,0.349065850398866,0.02685753552858855,0.036624375236962645,0.016598401550965848
0.698131700797732,3.14159265358979,1.20427718387609,0.349065850398866,0.02665365571987565,0.0367728529371127,0.0165785315922627
0.698131700797732,3.14159265358979,1.22173047639603,0.349065850398866,0.02653726643828145,0.036641023344753,0.0169514744985853
0.698131700797732,3.14159265358979,1.23918376891597,0.349065850398866,0.0264374932987601,0.03668447659410555,0.0164312237713009
0.698131700797732,3.14159265358979,1.25663706143592,0.349065850398866,0.02642208237925215,0.03704269541846965,0.01712579931102545
0.698131700797732,3.14159265358979,1.27409035395586,0.349065850398866,0.0263998774291301,0.03697369580900969,0.0173994593378366
0.698131700797732,3.14159265358979,1.2915436464758,0.349065850398866,0.02604709885845775,0.036779444892923854,0.0165435032558694
0.698131700797732,3.14159265358979,1.30899693899575,0.349065850398866,0.0254087431443552,0.03616925160431045,0.0160011754324067
0.698131700797732,3.14159265358979,1.32645023151569,0.349065850398866,0.02410572911865755,0.03432162429781805,0.01515973566384015
0.698131700797732,3.14159265358979,1.34390352403563,0.349065850398866,0.022441848123318002,0.0318767882476155,0.014314016391025
0.698131700797732,3.14159265358979,1.36135681655558,0.349065850398866,0.02070693046025985,0.029409662952987498,0.013187468701052151
0.698131700797732,3.14159265358979,1.37881010907552,0.349065850398866,0.0189446185205391,0.02696852342133875,0.0119306633433638
0.698131700797732,3.14159265358979,1.39626340159546,0.349065850398866,0.01725801873855885,0.0245193279516656,0.010992835998794151
0.698131700797732,3.14159265358979,1.41371669411541,0.349065850398866,0.01548858762757475,0.02205738312838905,0.00971860274161229
0.698131700797732,3.14159265358979,1.43116998663535,0.349065850398866,0.013780426908785798,0.01961361675998005,0.0086873150487563
0.698131700797732,3.14159265358979,1.44862327915529,0.349065850398866,0.012087637307302501,0.01716385965413465,0.007724328102667815
0.698131700797732,3.14159265358979,1.46607657167524,0.349065850398866,0.010334663666199149,0.01470817853122965,0.00651790635561675
0.698131700797732,3.14159265358979,1.48352986419518,0.349065850398866,0.008613914707166435,0.01225811642338425,0.0054355216743543905
0.698131700797732,3.14159265358979,1.50098315671512,0.349065850398866,0.0069070580890589345,0.009806516514422658,0.004416816673379725
0.698131700797732,3.14159265358979,1.51843644923507,0.349065850398866,0.00517338336612953,0.007353791187990099,0.00328573400150004
0.698131700797732,3.14159265358979,1.53588974175501,0.349065850398866,0.003445268982336345,0.004902288788605935,0.00217540082416095
0.698131700797732,3.14159265358979,1.55334303427495,0.349065850398866,0.001722717489334245,0.0024487646855793,0.001094190151470175
0.698131700797732,3.14159265358979,1.5707963267949,0.349065850398866,0.00108993925458358,0.0015517868365911148,0.0006858675719875556
0.698131700797732,3.14159265358979,0.0174532925199433,0.523598775598299,0.023664303681641602,0.03462067050603855,0.014716423615757049
0.698131700797732,3.14159265358979,0.0349065850398866,0.523598775598299,0.02380489556988255,0.03479187490569595,0.01483011753810045
0.698131700797732,3.14159265358979,0.0523598775598299,0.523598775598299,0.02359630974382475,0.03484063111489835,0.015024834487738201
0.698131700797732,3.14159265358979,0.0698131700797732,0.523598775598299,0.02351735552617135,0.03480620914486715,0.015390196861085201
0.698131700797732,3.14159265358979,0.0872664625997165,0.523598775598299,0.0234661625070898,0.03468412490147155,0.01539581206385155
0.698131700797732,3.14159265358979,0.10471975511966,0.523598775598299,0.0235558493192418,0.03464153739649235,0.01525405549211835
0.698131700797732,3.14159265358979,0.122173047639603,0.523598775598299,0.0237949942881837,0.0350959958658416,0.01499871038385475
0.698131700797732,3.14159265358979,0.139626340159546,0.523598775598299,0.0240422025015287,0.035531155985187204,0.01493328731455525
0.698131700797732,3.14159265358979,0.15707963267949,0.523598775598299,0.02443139519846855,0.0354727278048736,0.01521380655033085
0.698131700797732,3.14159265358979,0.174532925199433,0.523598775598299,0.02471532064387155,0.0358626918825303,0.015470995945932549
0.698131700797732,3.14159265358979,0.191986217719376,0.523598775598299,0.024779064316874197,0.036262847602537396,0.0157435099940798
0.698131700797732,3.14159265358979,0.20943951023932,0.523598775598299,0.02482736589069845,0.0365470621781497,0.0160402805698978
0.698131700797732,3.14159265358979,0.226892802759263,0.523598775598299,0.02520777590850675,0.0365038413725776,0.0160525679677915
0.698131700797732,3.14159265358979,0.244346095279206,0.523598775598299,0.025594234590602,0.036328657959589,0.01616873373033425
0.698131700797732,3.14159265358979,0.261799387799149,0.523598775598299,0.025914252133149553,0.03632390038328135,0.016578018307549597
0.698131700797732,3.14159265358979,0.279252680319093,0.523598775598299,0.026163459184409897,0.03644303990053335,0.016528811658850152
0.698131700797732,3.14159265358979,0.296705972839036,0.523598775598299,0.0263731459957956,0.0367819775511622,0.01629167035039895
0.698131700797732,3.14159265358979,0.314159265358979,0.523598775598299,0.026421752195991452,0.037089542621913746,0.0166834510264432
0.698131700797732,3.14159265358979,0.331612557878923,0.523598775598299,0.02642182013644525,0.03722227274445475,0.017014529632002902
0.698131700797732,3.14159265358979,0.349065850398866,0.523598775598299,0.0266017685370778,0.03725400305813925,0.017006376233165102
0.698131700797732,3.14159265358979,0.366519142918809,0.523598775598299,0.0270791176260925,0.0376888099362538,0.01701605219304475
0.698131700797732,3.14159265358979,0.383972435438752,0.523598775598299,0.027625514681042698,0.03863943076943295,0.01727781132709075
0.698131700797732,3.14159265358979,0.401425727958696,0.523598775598299,0.0280820895681246,0.038893694881260155,0.01769026307481185
0.698131700797732,3.14159265358979,0.418879020478639,0.523598775598299,0.02877207170262695,0.0390296447704503,0.0180419319075012
0.698131700797732,3.14159265358979,0.436332312998582,0.523598775598299,0.02912900196383885,0.03907373426120435,0.018240079308158998
0.698131700797732,3.14159265358979,0.453785605518526,0.523598775598299,0.0294935131964352,0.03935826061828175,0.01833058601433265
0.698131700797732,3.14159265358979,0.471238898038469,0.523598775598299,0.0297920226986537,0.03977865988915255,0.01828453588612315
0.698131700797732,3.14159265358979,0.488692190558412,0.523598775598299,0.02992846056827965,0.04005905578608865,0.0184067309312409
0.698131700797732,3.14159265358979,0.506145483078356,0.523598775598299,0.0299595269266568,0.04013015071445865,0.01854718791343115
0.698131700797732,3.14159265358979,0.523598775598299,0.523598775598299,0.0301124179053947,0.0402749339360089,0.01813736652486385
0.698131700797732,3.14159265358979,0.541052068118242,0.523598775598299,0.030417147027145604,0.04021784392280825,0.018124321595486152
0.698131700797732,3.14159265358979,0.558505360638185,0.523598775598299,0.03057090298670285,0.04008678710769015,0.01847168681427145
0.698131700797732,3.14159265358979,0.575958653158129,0.523598775598299,0.03070624437421585,0.040340761871006894,0.01857003048802295
0.698131700797732,3.14159265358979,0.593411945678072,0.523598775598299,0.03075931677304515,0.040501172129654844,0.018663004354218
0.698131700797732,3.14159265358979,0.610865238198015,0.523598775598299,0.030586549085247848,0.0404396554522534,0.01849876403239185
0.698131700797732,3.14159265358979,0.628318530717959,0.523598775598299,0.0303218496017144,0.040318066165132546,0.01808873220957235
0.698131700797732,3.14159265358979,0.645771823237902,0.523598775598299,0.0298170930522862,0.04000177701357015,0.01792701900372735
0.698131700797732,3.14159265358979,0.663225115757845,0.523598775598299,0.0297978007743602,0.03983292034609505,0.0175647343737497
0.698131700797732,3.14159265358979,0.680678408277788,0.523598775598299,0.029705068262970702,0.0396869619542366,0.0178260068459814
0.698131700797732,3.14159265358979,0.698131700797732,0.523598775598299,0.029319231838042102,0.03896543295146185,0.0176428703864354
0.698131700797732,3.14159265358979,0.715584993317675,0.523598775598299,0.0292229997374878,0.038851092519184754,0.017467809656085152
0.698131700797732,3.14159265358979,0.733038285837618,0.523598775598299,0.0290448186437589,0.03868146878109825,0.01759747475544885
0.698131700797732,3.14159265358979,0.750491578357562,0.523598775598299,0.02872624475321755,0.03905374334024425,0.01723602642329735
0.698131700797732,3.14159265358979,0.767944870877505,0.523598775598299,0.02853366277044565,0.039167656271437,0.01682857672825975
0.698131700797732,3.14159265358979,0.785398163397448,0.523598775598299,0.028672818649292497,0.03899236890170425,0.017225988605807048
0.698131700797732,3.14159265358979,0.802851455917391,0.523598775598299,0.028336459069512952,0.0388532215810539,0.017308968278846898
0.698131700797732,3.14159265358979,0.820304748437335,0.523598775598299,0.027960781806132748,0.03857032486642395,0.0170289658596475
0.698131700797732,3.14159265358979,0.837758040957278,0.523598775598299,0.02754391081523805,0.0381770631308901,0.01632818780872935
0.698131700797732,3.14159265358979,0.855211333477221,0.523598775598299,0.02733192024039255,0.0377764327897844,0.016196666922127602
0.698131700797732,3.14159265358979,0.872664625997165,0.523598775598299,0.02722179604370365,0.03741060024900185,0.0161268836088588
0.698131700797732,3.14159265358979,0.890117918517108,0.523598775598299,0.0270850655280581,0.0369605195596191,0.0162911103747982
0.698131700797732,3.14159265358979,0.907571211037051,0.523598775598299,0.026827050923080797,0.03575251088698655,0.0159301470830322
0.698131700797732,3.14159265358979,0.925024503556995,0.523598775598299,0.0261703132737298,0.0357109355659479,0.015218417465284701
0.698131700797732,3.14159265358979,0.942477796076938,0.523598775598299,0.026770446868506,0.0356155518557521,0.016130805964878252
0.698131700797732,3.14159265358979,0.959931088596881,0.523598775598299,0.0268958975826952,0.0358757145913327,0.0159609986507716
0.698131700797732,3.14159265358979,0.977384381116825,0.523598775598299,0.0262973590913888,0.0360155943344932,0.01557470048876975
0.698131700797732,3.14159265358979,0.994837673636768,0.523598775598299,0.0259371640764963,0.03578689291487065,0.01515392523602075
0.698131700797732,3.14159265358979,1.01229096615671,0.523598775598299,0.025810321673566,0.035759746488921954,0.014995329055530651
0.698131700797732,3.14159265358979,1.02974425867665,0.523598775598299,0.025542321982639102,0.0362554653032401,0.015329236155888649
0.698131700797732,3.14159265358979,1.0471975511966,0.523598775598299,0.024987432687547002,0.0359726336775931,0.014986385948724451
0.698131700797732,3.14159265358979,1.06465084371654,0.523598775598299,0.024938680188060003,0.035760282091822554,0.01538963469077215
0.698131700797732,3.14159265358979,1.08210413623648,0.523598775598299,0.0251257801835736,0.03552727055947305,0.01570254542723855
0.698131700797732,3.14159265358979,1.09955742875643,0.523598775598299,0.025422255623868198,0.035392575715651645,0.015365838491282601
0.698131700797732,3.14159265358979,1.11701072127637,0.523598775598299,0.025492572677849,0.03511400312852045,0.0149447226792627
0.698131700797732,3.14159265358979,1.13446401379631,0.523598775598299,0.025398017369569398,0.03481996399298865,0.014968687433400699
0.698131700797732,3.14159265358979,1.15191730631626,0.523598775598299,0.025185325481719048,0.03466597266514275,0.01472773417663345
0.698131700797732,3.14159265358979,1.1693705988362,0.523598775598299,0.024919731942421003,0.034515481940913,0.01481157160691645
0.698131700797732,3.14159265358979,1.18682389135614,0.523598775598299,0.024989319100302748,0.0343977002155061,0.0147290019484141
0.698131700797732,3.14159265358979,1.20427718387609,0.523598775598299,0.024867993356491647,0.03450072587477125,0.014712291033002051
0.698131700797732,3.14159265358979,1.22173047639603,0.523598775598299,0.025030607275478747,0.034441356345590854,0.014324667143374999
0.698131700797732,3.14159265358979,1.23918376891597,0.523598775598299,0.0246885369101842,0.0344909799731459,0.0147039538358664
0.698131700797732,3.14159265358979,1.25663706143592,0.523598775598299,0.025005755368298598,0.034425167740997104,0.014008039585293706
0.698131700797732,3.14159265358979,1.27409035395586,0.523598775598299,0.024461141501837348,0.0342550860799408,0.01423993771008625
0.698131700797732,3.14159265358979,1.2915436464758,0.523598775598299,0.0246788196156872,0.034363585939622646,0.01297357057050898
0.698131700797732,3.14159265358979,1.30899693899575,0.523598775598299,0.02330949833560805,0.033677712279565994,0.01440883083202545
0.698131700797732,3.14159265358979,1.32645023151569,0.523598775598299,0.0217649590129185,0.03166069271941645,0.0138617631996465
0.698131700797732,3.14159265358979,1.34390352403563,0.523598775598299,0.02036341915969455,0.02944488404715845,0.012636926810731551
0.698131700797732,3.14159265358979,1.36135681655558,0.523598775598299,0.018906221255059148,0.0272378842145305,0.011439834500303975
0.698131700797732,3.14159265358979,1.37881010907552,0.523598775598299,0.017395018197620002,0.024927227674598602,0.01052634266726223
0.698131700797732,3.14159265358979,1.39626340159546,0.523598775598299,0.0156209818528255,0.0226424178078223,0.009779526892917336
0.698131700797732,3.14159265358979,1.41371669411541,0.523598775598299,0.014119552316954,0.02038441079153355,0.00873762194536659
0.698131700797732,3.14159265358979,1.43116998663535,0.523598775598299,0.0124423900736391,0.0180942414077929,0.007911649097519865
0.698131700797732,3.14159265358979,1.44862327915529,0.523598775598299,0.0109764450273091,0.015861539537772598,0.0067779444586887
0.698131700797732,3.14159265358979,1.46607657167524,0.523598775598299,0.009534875845557905,0.0136542673846838,0.005562452868079295
0.698131700797732,3.14159265358979,1.48352986419518,0.523598775598299,0.00788867795529085,0.0113465781677495,0.00475326774360239
0.698131700797732,3.14159265358979,1.50098315671512,0.523598775598299,0.00627757648790994,0.009068591578204594,0.0038580268314341703
0.698131700797732,3.14159265358979,1.51843644923507,0.523598775598299,0.00471660623696445,0.0067921191767509655,0.00290327532767123
0.698131700797732,3.14159265358979,1.53588974175501,0.523598775598299,0.003112586404854025,0.00452344805515345,0.001976192807094605
0.698131700797732,3.14159265358979,1.55334303427495,0.523598775598299,0.00157421437781216,0.002266271148410825,0.00095335530971428
0.698131700797732,3.14159265358979,1.5707963267949,0.523598775598299,0.0008552241541981726,0.0012589717872186598,0.000591235607075849
0.698131700797732,3.14159265358979,0.0174532925199433,0.698131700797732,0.023625843897580448,0.0346435276873758,0.01471291548502835
0.698131700797732,3.14159265358979,0.0349065850398866,0.698131700797732,0.0237743250149763,0.034793550051959346,0.01483730000651645
0.698131700797732,3.14159265358979,0.0523598775598299,0.698131700797732,0.023663770908248352,0.03483318992819215,0.01501624806278175
0.698131700797732,3.14159265358979,0.0698131700797732,0.698131700797732,0.02330325386526855,0.03478248909706805,0.015192695277336549
0.698131700797732,3.14159265358979,0.0872664625997165,0.698131700797732,0.02317895357991325,0.03458527164639645,0.0152085003480521
0.698131700797732,3.14159265358979,0.10471975511966,0.698131700797732,0.02340324680367665,0.03461379468328245,0.014856505703210149
0.698131700797732,3.14159265358979,0.122173047639603,0.698131700797732,0.0236759494693336,0.03494793486905355,0.0149996860445349
0.698131700797732,3.14159265358979,0.139626340159546,0.698131700797732,0.0239554267642333,0.035275225135552854,0.0152073549321168
0.698131700797732,3.14159265358979,0.15707963267949,0.698131700797732,0.024363995829406,0.03554907581997195,0.0152292618766385
0.698131700797732,3.14159265358979,0.174532925199433,0.698131700797732,0.02462865432496255,0.03568095849206515,0.01534689277984415
0.698131700797732,3.14159265358979,0.191986217719376,0.698131700797732,0.02470097842172355,0.03551943057592605,0.015538657952771252
0.698131700797732,3.14159265358979,0.20943951023932,0.698131700797732,0.02475536004565455,0.035397880378867,0.01570122556731835
0.698131700797732,3.14159265358979,0.226892802759263,0.698131700797732,0.025086065529587448,0.03548629651925955,0.01590476460030035
0.698131700797732,3.14159265358979,0.244346095279206,0.698131700797732,0.0253975443612188,0.0357385660055101,0.0160068717675113
0.698131700797732,3.14159265358979,0.261799387799149,0.698131700797732,0.0253150813677123,0.03578856721010355,0.01581857162431655
0.698131700797732,3.14159265358979,0.279252680319093,0.698131700797732,0.02511626599998695,0.0358417780314811,0.01573952778798465
0.698131700797732,3.14159265358979,0.296705972839036,0.698131700797732,0.025264522556386948,0.0362582139096532,0.015749181287640048
0.698131700797732,3.14159265358979,0.314159265358979,0.698131700797732,0.025575268338897048,0.0363195391727957,0.01572840193473945
0.698131700797732,3.14159265358979,0.331612557878923,0.698131700797732,0.0256885067131843,0.03627200060774105,0.01597405706185325
0.698131700797732,3.14159265358979,0.349065850398866,0.698131700797732,0.02584830659714395,0.03630478280719325,0.0164305442760494
0.698131700797732,3.14159265358979,0.366519142918809,0.698131700797732,0.026133080346241698,0.03654199762341545,0.01660237443461355
0.698131700797732,3.14159265358979,0.383972435438752,0.698131700797732,0.02632658961864185,0.0368312986048249,0.016765697957267248
0.698131700797732,3.14159265358979,0.401425727958696,0.698131700797732,0.02634383097028225,0.036894708485264854,0.016686766184745502
0.698131700797732,3.14159265358979,0.418879020478639,0.698131700797732,0.02634647168168295,0.0369015944994577,0.016585915916409198
0.698131700797732,3.14159265358979,0.436332312998582,0.698131700797732,0.02635369527912345,0.03689608847173135,0.016520294177883248
0.698131700797732,3.14159265358979,0.453785605518526,0.698131700797732,0.026456819220443,0.0368266165518753,0.01644993969317155
0.698131700797732,3.14159265358979,0.471238898038469,0.698131700797732,0.0265848245332033,0.036819084930513446,0.016349480924203602
0.698131700797732,3.14159265358979,0.488692190558412,0.698131700797732,0.0264928924121719,0.0366902893151829,0.0161969365116528
0.698131700797732,3.14159265358979,0.506145483078356,0.698131700797732,0.0265308452241401,0.036711521590937296,0.01615265253670055
0.698131700797732,3.14159265358979,0.523598775598299,0.698131700797732,0.026580733479765903,0.0366598184658158,0.015994435751316198
0.698131700797732,3.14159265358979,0.541052068118242,0.698131700797732,0.026396266221766898,0.0365461709249792,0.01591706650300785
0.698131700797732,3.14159265358979,0.558505360638185,0.698131700797732,0.02639255943380575,0.03674517281422975,0.0157329600013961
0.698131700797732,3.14159265358979,0.575958653158129,0.698131700797732,0.0266899657402375,0.03685733901880805,0.01559076911057575
0.698131700797732,3.14159265358979,0.593411945678072,0.698131700797732,0.026832007905553498,0.036585467378333306,0.01627308373777075
0.698131700797732,3.14159265358979,0.610865238198015,0.698131700797732,0.0265330043584992,0.0370031132561157,0.016181950992502
0.698131700797732,3.14159265358979,0.628318530717959,0.698131700797732,0.0263173651212159,0.03703035486000725,0.01606999535533565
0.698131700797732,3.14159265358979,0.645771823237902,0.698131700797732,0.026231893311081347,0.036720617406391945,0.01576549003374245
0.698131700797732,3.14159265358979,0.663225115757845,0.698131700797732,0.02629266139018225,0.0365187596793091,0.01562229366321775
0.698131700797732,3.14159265358979,0.680678408277788,0.698131700797732,0.0262076840094738,0.03615989541313275,0.0162156625475369
0.698131700797732,3.14159265358979,0.698131700797732,0.698131700797732,0.02576060400402895,0.035673711543533104,0.0164646776837199
0.698131700797732,3.14159265358979,0.715584993317675,0.698131700797732,0.025354868122565898,0.03532491784996975,0.016380183086456702
0.698131700797732,3.14159265358979,0.733038285837618,0.698131700797732,0.0250724094129985,0.03497699656711439,0.016096149746426452
0.698131700797732,3.14159265358979,0.750491578357562,0.698131700797732,0.024827389940218353,0.03516007648904295,0.0157483483028328
0.698131700797732,3.14159265358979,0.767944870877505,0.698131700797732,0.024871883281402697,0.035263356977506,0.01557542604576035
0.698131700797732,3.14159265358979,0.785398163397448,0.698131700797732,0.02500687367735325,0.0353784932167093,0.01572511047025925
0.698131700797732,3.14159265358979,0.802851455917391,0.698131700797732,0.02516601341542915,0.035734778084113,0.01595308933576415
0.698131700797732,3.14159265358979,0.820304748437335,0.698131700797732,0.0251028761928493,0.0358960128848895,0.01627587195949605
0.698131700797732,3.14159265358979,0.837758040957278,0.698131700797732,0.02532064009974195,0.0361176119015965,0.01598058837861505
0.698131700797732,3.14159265358979,0.855211333477221,0.698131700797732,0.0255574922028908,0.0362626776660714,0.0155325449774667
0.698131700797732,3.14159265358979,0.872664625997165,0.698131700797732,0.025503677193379398,0.036227821516258946,0.01507041521832505
0.698131700797732,3.14159265358979,0.890117918517108,0.698131700797732,0.0250959024459022,0.03586758944495075,0.014884166801919351
0.698131700797732,3.14159265358979,0.907571211037051,0.698131700797732,0.0248871573068304,0.0355796703599533,0.015573135057965499
0.698131700797732,3.14159265358979,0.925024503556995,0.698131700797732,0.02474540026010595,0.03520726687341305,0.0156984015415071
0.698131700797732,3.14159265358979,0.942477796076938,0.698131700797732,0.024624450821129698,0.03519106086609465,0.0154221855403124
0.698131700797732,3.14159265358979,0.959931088596881,0.698131700797732,0.02440470578084955,0.0353984793415725,0.014977902217716901
0.698131700797732,3.14159265358979,0.977384381116825,0.698131700797732,0.024656666208765,0.03519868676992775,0.013906637280812751
0.698131700797732,3.14159265358979,0.994837673636768,0.698131700797732,0.024636193197454852,0.0345484138227386,0.013105466251663499
0.698131700797732,3.14159265358979,1.01229096615671,0.698131700797732,0.02450132422698255,0.0341710454850433,0.0129630250778233
0.698131700797732,3.14159265358979,1.02974425867665,0.698131700797732,0.0246003963251792,0.03343832387815075,0.01315124894906385
0.698131700797732,3.14159265358979,1.0471975511966,0.698131700797732,0.02422608577960695,0.0335525947921112,0.0122971028924879
0.698131700797732,3.14159265358979,1.06465084371654,0.698131700797732,0.0241958357602439,0.03343700364471485,0.01263238937231035
0.698131700797732,3.14159265358979,1.08210413623648,0.698131700797732,0.02410749455749405,0.0333537922701538,0.01326565429735355
0.698131700797732,3.14159265358979,1.09955742875643,0.698131700797732,0.02393818716464265,0.033836358571649405,0.01363501967461905
0.698131700797732,3.14159265358979,1.11701072127637,0.698131700797732,0.023905444378560202,0.0333544628038198,0.0140510677806397
0.698131700797732,3.14159265358979,1.13446401379631,0.698131700797732,0.02386490300307465,0.033192247810337604,0.01352299148394025
0.698131700797732,3.14159265358979,1.15191730631626,0.698131700797732,0.0238774806201855,0.0329434565593458,0.013331960437507149
0.698131700797732,3.14159265358979,1.1693705988362,0.698131700797732,0.02406133883807195,0.03267461004553505,0.0135359797125429
0.698131700797732,3.14159265358979,1.18682389135614,0.698131700797732,0.02403279954243725,0.03259019428701465,0.0135186450277669
0.698131700797732,3.14159265358979,1.20427718387609,0.698131700797732,0.023967510956836198,0.032379677555592845,0.0135603908105078
0.698131700797732,3.14159265358979,1.22173047639603,0.698131700797732,0.023907639833094102,0.03214368978187015,0.01346045450645
0.698131700797732,3.14159265358979,1.23918376891597,0.698131700797732,0.023445657944827503,0.0320772531648265,0.01347969422584395
0.698131700797732,3.14159265358979,1.25663706143592,0.698131700797732,0.023114756874689397,0.03161785069438515,0.0133375906954422
0.698131700797732,3.14159265358979,1.27409035395586,0.698131700797732,0.022738845156651,0.0313942745525312,0.01284393990536605
0.698131700797732,3.14159265358979,1.2915436464758,0.698131700797732,0.0227122603030479,0.031109519079708547,0.0130370832291871
0.698131700797732,3.14159265358979,1.30899693899575,0.698131700797732,0.0221916885656596,0.030916372805009598,0.012714115847079849
0.698131700797732,3.14159265358979,1.32645023151569,0.698131700797732,0.02094015737867365,0.029195243550777,0.012057243611468451
0.698131700797732,3.14159265358979,1.34390352403563,0.698131700797732,0.019400816065366998,0.0271931111525457,0.01127963574280093
0.698131700797732,3.14159265358979,1.36135681655558,0.698131700797732,0.01799344188833175,0.024873500318531,0.010255877783730886
0.698131700797732,3.14159265358979,1.37881010907552,0.698131700797732,0.01651136912577485,0.022848442887308203,0.009373940713302584
0.698131700797732,3.14159265358979,1.39626340159546,0.698131700797732,0.014973073030581902,0.0207931810333685,0.0085615722479789
0.698131700797732,3.14159265358979,1.41371669411541,0.698131700797732,0.0134787337122287,0.01866154142941135,0.0076697918417290845
0.698131700797732,3.14159265358979,1.43116998663535,0.698131700797732,0.0119704003420477,0.0166623468128294,0.006872926848160776
0.698131700797732,3.14159265358979,1.44862327915529,0.698131700797732,0.0105050030202725,0.0146349895662735,0.00600525404151214
0.698131700797732,3.14159265358979,1.46607657167524,0.698131700797732,0.008964610341091285,0.0125043951863609,0.005168904246522801
0.698131700797732,3.14159265358979,1.48352986419518,0.698131700797732,0.007472935881371875,0.01043474738679635,0.00431483606052362
0.698131700797732,3.14159265358979,1.50098315671512,0.698131700797732,0.0059974350411178545,0.00828867248242196,0.003399011080071605
0.698131700797732,3.14159265358979,1.51843644923507,0.698131700797732,0.0044925191059198705,0.0062219017485139905,0.002557411585413525
0.698131700797732,3.14159265358979,1.53588974175501,0.698131700797732,0.00299253423145562,0.0041570997388138044,0.00171215790017046
0.698131700797732,3.14159265358979,1.55334303427495,0.698131700797732,0.0014957344682443598,0.00207341601183569,0.0008528949320364685
0.698131700797732,3.14159265358979,1.5707963267949,0.698131700797732,-1.0537622275347249e-05,1.129879683242629e-05,1.1973532256598352e-05
0.698131700797732,3.14159265358979,0.0174532925199433,0.872664625997165,0.02357091858859045,0.0346580350534346,0.01470533754677385
0.698131700797732,3.14159265358979,0.0349065850398866,0.872664625997165,0.023750218459413497,0.0347999127405899,0.0148385083283633
0.698131700797732,3.14159265358979,0.0523598775598299,0.872664625997165,0.023645006064666248,0.034865217525361744,0.014838108838126848
0.698131700797732,3.14159265358979,0.0698131700797732,0.872664625997165,0.02327057895992785,0.0348441606441697,0.01488610880586825
0.698131700797732,3.14159265358979,0.0872664625997165,0.872664625997165,0.0231017059766126,0.0347010402610335,0.01469086461218865
0.698131700797732,3.14159265358979,0.10471975511966,0.872664625997165,0.023322198584513648,0.0347167706079247,0.0148188303384617
0.698131700797732,3.14159265358979,0.122173047639603,0.872664625997165,0.02355820923989535,0.0349369941462837,0.015059218557474701
0.698131700797732,3.14159265358979,0.139626340159546,0.872664625997165,0.02377108629869325,0.035274351271583196,0.0151627973384995
0.698131700797732,3.14159265358979,0.15707963267949,0.872664625997165,0.02412120168121555,0.035417401677926605,0.015347023887556899
0.698131700797732,3.14159265358979,0.174532925199433,0.872664625997165,0.024431474670721903,0.03529816406720415,0.01541510003873335
0.698131700797732,3.14159265358979,0.191986217719376,0.872664625997165,0.0245783644371598,0.0351315593382186,0.01527843910699365
0.698131700797732,3.14159265358979,0.20943951023932,0.872664625997165,0.024507141361823248,0.0351758184733147,0.015262755441556398
0.698131700797732,3.14159265358979,0.226892802759263,0.872664625997165,0.02432470151487045,0.0353399607769751,0.01544119582587905
0.698131700797732,3.14159265358979,0.244346095279206,0.872664625997165,0.024340516399559448,0.035443879577347,0.0153692650391705
0.698131700797732,3.14159265358979,0.261799387799149,0.872664625997165,0.024579479237648548,0.0353841127309414,0.01548285713938885
0.698131700797732,3.14159265358979,0.279252680319093,0.872664625997165,0.02474332082704345,0.0351985925546542,0.0156023505583004
0.698131700797732,3.14159265358979,0.296705972839036,0.872664625997165,0.0248521381516689,0.03507329715285175,0.0154770475284774
0.698131700797732,3.14159265358979,0.314159265358979,0.872664625997165,0.02465900804907985,0.0349071288926318,0.015311001931227
0.698131700797732,3.14159265358979,0.331612557878923,0.872664625997165,0.02443497544031155,0.034882931318146196,0.015380611593297951
0.698131700797732,3.14159265358979,0.349065850398866,0.872664625997165,0.02440635727950775,0.034991838773262895,0.01563891714483975
0.698131700797732,3.14159265358979,0.366519142918809,0.872664625997165,0.024548204867729802,0.03521596939028455,0.0153480628960159
0.698131700797732,3.14159265358979,0.383972435438752,0.872664625997165,0.024624604103036102,0.035351301175229444,0.0152977261151372
0.698131700797732,3.14159265358979,0.401425727958696,0.872664625997165,0.024901380761531047,0.03537599666342785,0.015334380106793302
0.698131700797732,3.14159265358979,0.418879020478639,0.872664625997165,0.0250387548468105,0.03559951248875805,0.01535763895556155
0.698131700797732,3.14159265358979,0.436332312998582,0.872664625997165,0.025123794074864453,0.03587971210756955,0.015469662015801949
0.698131700797732,3.14159265358979,0.453785605518526,0.872664625997165,0.025146540541847298,0.036038625935228746,0.015406129856062298
0.698131700797732,3.14159265358979,0.471238898038469,0.872664625997165,0.0251267356789144,0.0360211265077629,0.01515086479518855
0.698131700797732,3.14159265358979,0.488692190558412,0.872664625997165,0.02500832993484205,0.035873429296280804,0.01479400431534615
0.698131700797732,3.14159265358979,0.506145483078356,0.872664625997165,0.02484362513099165,0.035582102670204396,0.0148389027041479
0.698131700797732,3.14159265358979,0.523598775598299,0.872664625997165,0.0247635428241677,0.03533270466605435,0.015131672028945602
0.698131700797732,3.14159265358979,0.541052068118242,0.872664625997165,0.0247756444997051,0.0348846614098907,0.015401279789267999
0.698131700797732,3.14159265358979,0.558505360638185,0.872664625997165,0.02466743498892785,0.0344093280386234,0.0155478729852117
0.698131700797732,3.14159265358979,0.575958653158129,0.872664625997165,0.02439889447226075,0.03422850074902675,0.01548044517393285
0.698131700797732,3.14159265358979,0.593411945678072,0.872664625997165,0.024604132612656,0.034232242873485655,0.015162070266207101
0.698131700797732,3.14159265358979,0.610865238198015,0.872664625997165,0.0245652167433491,0.0345369964056358,0.01541150412208085
0.698131700797732,3.14159265358979,0.628318530717959,0.872664625997165,0.0243996668071469,0.034974621373057554,0.0155125500645352
0.698131700797732,3.14159265358979,0.645771823237902,0.872664625997165,0.02419292565649865,0.0349744431475703,0.01535409994563835
0.698131700797732,3.14159265358979,0.663225115757845,0.872664625997165,0.02427400800335385,0.0348199895430235,0.0149534534920002
0.698131700797732,3.14159265358979,0.680678408277788,0.872664625997165,0.02454323716078175,0.03468065474325265,0.01446054213612085
0.698131700797732,3.14159265358979,0.698131700797732,0.872664625997165,0.024445949888285398,0.034509873219439546,0.01453633965891425
0.698131700797732,3.14159265358979,0.715584993317675,0.872664625997165,0.0244793105142952,0.03430182982143045,0.014811629801704
0.698131700797732,3.14159265358979,0.733038285837618,0.872664625997165,0.024415521911229053,0.03414058015249845,0.01486902047955125
0.698131700797732,3.14159265358979,0.750491578357562,0.872664625997165,0.023947249993918653,0.034141637155538154,0.014478532232696
0.698131700797732,3.14159265358979,0.767944870877505,0.872664625997165,0.02386574657205785,0.0340800044145462,0.01474907465610805
0.698131700797732,3.14159265358979,0.785398163397448,0.872664625997165,0.024120147086354952,0.034223199333590096,0.015081730291594101
0.698131700797732,3.14159265358979,0.802851455917391,0.872664625997165,0.0243005402421064,0.0341868087610575,0.0146885352717969
0.698131700797732,3.14159265358979,0.820304748437335,0.872664625997165,0.0244226241988546,0.034209247608953594,0.01439320064422665
0.698131700797732,3.14159265358979,0.837758040957278,0.872664625997165,0.024097830604317153,0.03425565758296425,0.0139943118283462
0.698131700797732,3.14159265358979,0.855211333477221,0.872664625997165,0.02388317609692575,0.03431567681150115,0.013924745562808899
0.698131700797732,3.14159265358979,0.872664625997165,0.872664625997165,0.023651688228280503,0.034503773224402554,0.013759704963561051
0.698131700797732,3.14159265358979,0.890117918517108,0.872664625997165,0.0232292539329602,0.034838575467639146,0.014103117448114249
0.698131700797732,3.14159265358979,0.907571211037051,0.872664625997165,0.023836863365159548,0.03486471164381185,0.0144549441330017
0.698131700797732,3.14159265358979,0.925024503556995,0.872664625997165,0.0243810611223623,0.0346749952661382,0.0146600158119451
0.698131700797732,3.14159265358979,0.942477796076938,0.872664625997165,0.02477473869858665,0.0343459855227349,0.0144230431141013
0.698131700797732,3.14159265358979,0.959931088596881,0.872664625997165,0.02458816245607605,0.0338690955608032,0.01440742550144795
0.698131700797732,3.14159265358979,0.977384381116825,0.872664625997165,0.02418008465936565,0.03367744824047075,0.01439544568431345
0.698131700797732,3.14159265358979,0.994837673636768,0.872664625997165,0.02393661852256545,0.03381478565890945,0.0138306132615641
0.698131700797732,3.14159265358979,1.01229096615671,0.872664625997165,0.023836867596830097,0.03411985655054335,0.01362384338457385
0.698131700797732,3.14159265358979,1.02974425867665,0.872664625997165,0.023810030860798102,0.03414796969712745,0.013156177584911
0.698131700797732,3.14159265358979,1.0471975511966,0.872664625997165,0.0234642436199457,0.0340136871689897,0.0126777419019465
0.698131700797732,3.14159265358979,1.06465084371654,0.872664625997165,0.023266139813884798,0.0340375050475835,0.013339163602249699
0.698131700797732,3.14159265358979,1.08210413623648,0.872664625997165,0.02306903247522905,0.0332682316958198,0.01319128002332785
0.698131700797732,3.14159265358979,1.09955742875643,0.872664625997165,0.0229338540355551,0.0329272549425257,0.013356705516669301
0.698131700797732,3.14159265358979,1.11701072127637,0.872664625997165,0.02271058140790495,0.0325671074420851,0.014005358871221101
0.698131700797732,3.14159265358979,1.13446401379631,0.872664625997165,0.02279725305443055,0.0323945782077103,0.0135339577553496
0.698131700797732,3.14159265358979,1.15191730631626,0.872664625997165,0.02273911685800705,0.03216237404226655,0.01361367083784585
0.698131700797732,3.14159265358979,1.1693705988362,0.872664625997165,0.0227794091741863,0.032076078292407,0.013617508540482999
0.698131700797732,3.14159265358979,1.18682389135614,0.872664625997165,0.022907563492732298,0.03220773702836585,0.0133511580708436
0.698131700797732,3.14159265358979,1.20427718387609,0.872664625997165,0.02283160099336675,0.032242592650201546,0.012824712521755401
0.698131700797732,3.14159265358979,1.22173047639603,0.872664625997165,0.02304815573729935,0.0321393997220791,0.012559834013909001
0.698131700797732,3.14159265358979,1.23918376891597,0.872664625997165,0.02297527192672225,0.0320912814221352,0.01246233290440245
0.698131700797732,3.14159265358979,1.25663706143592,0.872664625997165,0.02309594224283825,0.03178809170617635,0.01237155715959775
0.698131700797732,3.14159265358979,1.27409035395586,0.872664625997165,0.02334256191123235,0.031402318147518746,0.012176593949464399
0.698131700797732,3.14159265358979,1.2915436464758,0.872664625997165,0.0231005558077691,0.031457830736241546,0.012634648097243
0.698131700797732,3.14159265358979,1.30899693899575,0.872664625997165,0.0230190133025437,0.0303392043172341,0.012029620713644551
0.698131700797732,3.14159265358979,1.32645023151569,0.872664625997165,0.0218430751782611,0.0289441681489542,0.01149278128729405
0.698131700797732,3.14159265358979,1.34390352403563,0.872664625997165,0.020285357343320598,0.0267846251735678,0.0107557345823082
0.698131700797732,3.14159265358979,1.36135681655558,0.872664625997165,0.0187477931839302,0.0249451025097797,0.009500529245318185
0.698131700797732,3.14159265358979,1.37881010907552,0.872664625997165,0.01714864642568885,0.02282796588277755,0.00893868342419707
0.698131700797732,3.14159265358979,1.39626340159546,0.872664625997165,0.015615201000653198,0.02073189109888305,0.008100406263675685
0.698131700797732,3.14159265358979,1.41371669411541,0.872664625997165,0.01408248881287745,0.01871582633658475,0.00716125473293723
0.698131700797732,3.14159265358979,1.43116998663535,0.872664625997165,0.01248563291459645,0.0165577744309927,0.006530969457177915
0.698131700797732,3.14159265358979,1.44862327915529,0.872664625997165,0.010892303462640949,0.01433132731629335,0.005674596100834145
0.698131700797732,3.14159265358979,1.46607657167524,0.872664625997165,0.00937478954303659,0.012412578789993751,0.004886230873887671
0.698131700797732,3.14159265358979,1.48352986419518,0.872664625997165,0.00779977507143239,0.01032654509424342,0.00411681734286779
0.698131700797732,3.14159265358979,1.50098315671512,0.872664625997165,0.006255253075579274,0.008305590240399075,0.00315266630946489
0.698131700797732,3.14159265358979,1.51843644923507,0.872664625997165,0.0046909904495027206,0.00623432876926118,0.0023947330520343053
0.698131700797732,3.14159265358979,1.53588974175501,0.872664625997165,0.0031213461598640253,0.004143341477308811,0.00162012593800309
0.698131700797732,3.14159265358979,1.55334303427495,0.872664625997165,0.0015623238229451049,0.00207526917839013,0.0007992308479931045
0.698131700797732,3.14159265358979,1.5707963267949,0.872664625997165,-1.6093646380749266e-05,-3.210038625406365e-05,4.229668245241125e-05
0.698131700797732,3.14159265358979,0.0174532925199433,1.0471975511966,0.0235011966323918,0.03466375180523845,0.01469392005281285
0.698131700797732,3.14159265358979,0.0349065850398866,1.0471975511966,0.02373330836868645,0.0348107696445132,0.0148337057893933
0.698131700797732,3.14159265358979,0.0523598775598299,1.0471975511966,0.02355907536872625,0.03480761076724455,0.01479138169013465
0.698131700797732,3.14159265358979,0.0698131700797732,1.0471975511966,0.02335106420042345,0.03491374208423645,0.01468314152310625
0.698131700797732,3.14159265358979,0.0872664625997165,1.0471975511966,0.0231465607620423,0.03485521322853845,0.0146431850415779
0.698131700797732,3.14159265358979,0.10471975511966,1.0471975511966,0.02316543259022525,0.0349169034667765,0.014842210636400649
0.698131700797732,3.14159265358979,0.122173047639603,1.0471975511966,0.0234396946187827,0.034962739078260696,0.01500603886480245
0.698131700797732,3.14159265358979,0.139626340159546,1.0471975511966,0.0237523653087732,0.03484622403037925,0.01518996543493845
0.698131700797732,3.14159265358979,0.15707963267949,1.0471975511966,0.024063678791166103,0.03482611601084665,0.015243425869157699
0.698131700797732,3.14159265358979,0.174532925199433,1.0471975511966,0.02427874265948805,0.034920656397046446,0.0149093732089516
0.698131700797732,3.14159265358979,0.191986217719376,1.0471975511966,0.024151314319858848,0.0349361892561281,0.01500906549557455
0.698131700797732,3.14159265358979,0.20943951023932,1.0471975511966,0.02397966023651445,0.03502128004546065,0.0154012969988143
0.698131700797732,3.14159265358979,0.226892802759263,1.0471975511966,0.0241993574203367,0.035131126547965255,0.015562761186651251
0.698131700797732,3.14159265358979,0.244346095279206,1.0471975511966,0.02460752427965925,0.035051844401236695,0.01533978815309715
0.698131700797732,3.14159265358979,0.261799387799149,1.0471975511966,0.0242418617972246,0.03487163984894915,0.01516410519453495
0.698131700797732,3.14159265358979,0.279252680319093,1.0471975511966,0.0238714997349301,0.03467694459413635,0.01503113338210615
0.698131700797732,3.14159265358979,0.296705972839036,1.0471975511966,0.0236675014566908,0.03465667771561105,0.014829763992438051
0.698131700797732,3.14159265358979,0.314159265358979,1.0471975511966,0.023643437531011648,0.03474832189211955,0.01493823600092925
0.698131700797732,3.14159265358979,0.331612557878923,1.0471975511966,0.0237750627291078,0.0347340659335998,0.01528854461263925
0.698131700797732,3.14159265358979,0.349065850398866,1.0471975511966,0.02381267259669565,0.0346848890203008,0.0153687026043976
0.698131700797732,3.14159265358979,0.366519142918809,1.0471975511966,0.0237357795499436,0.03477426772364245,0.015335837391658301
0.698131700797732,3.14159265358979,0.383972435438752,1.0471975511966,0.02351731474902735,0.034909432364861895,0.015038337928501351
0.698131700797732,3.14159265358979,0.401425727958696,1.0471975511966,0.023734393249392048,0.03494069971795215,0.014874052277661049
0.698131700797732,3.14159265358979,0.418879020478639,1.0471975511966,0.024058617707606603,0.03470796122513025,0.01489373486428605
0.698131700797732,3.14159265358979,0.436332312998582,1.0471975511966,0.0241180561882701,0.03463877781598995,0.01484549396737765
0.698131700797732,3.14159265358979,0.453785605518526,1.0471975511966,0.024124902648296198,0.0344476445230966,0.0148065297305588
0.698131700797732,3.14159265358979,0.471238898038469,1.0471975511966,0.024121700411962398,0.034233319131479895,0.014756698307344399
0.698131700797732,3.14159265358979,0.488692190558412,1.0471975511966,0.0241335649662734,0.03402319781667515,0.01473039024445685
0.698131700797732,3.14159265358979,0.506145483078356,1.0471975511966,0.024173262957407952,0.03390199975760045,0.01472025740496955
0.698131700797732,3.14159265358979,0.523598775598299,1.0471975511966,0.0238262079111639,0.03438712731233905,0.01525003337422515
0.698131700797732,3.14159265358979,0.541052068118242,1.0471975511966,0.0236636691168066,0.0342796926881632,0.015276456782374999
0.698131700797732,3.14159265358979,0.558505360638185,1.0471975511966,0.0237118655301966,0.034279122117537794,0.0152079689551514
0.698131700797732,3.14159265358979,0.575958653158129,1.0471975511966,0.02377035368958695,0.03441830198600635,0.0148974722942755
0.698131700797732,3.14159265358979,0.593411945678072,1.0471975511966,0.024082953042365803,0.034345403427806204,0.01478309373890685
0.698131700797732,3.14159265358979,0.610865238198015,1.0471975511966,0.024261272995930498,0.0341655422275266,0.01470625704642145
0.698131700797732,3.14159265358979,0.628318530717959,1.0471975511966,0.02417593839735345,0.03428237804823475,0.0149481209143225
0.698131700797732,3.14159265358979,0.645771823237902,1.0471975511966,0.0236807897885707,0.03440641066613265,0.014858484932419501
0.698131700797732,3.14159265358979,0.663225115757845,1.0471975511966,0.0235286195947763,0.034331437006620405,0.013958107730643151
0.698131700797732,3.14159265358979,0.680678408277788,1.0471975511966,0.0234360595385603,0.033915914956944446,0.014095224925509998
0.698131700797732,3.14159265358979,0.698131700797732,1.0471975511966,0.023335527468641898,0.033454629016162155,0.0144071706659905
0.698131700797732,3.14159265358979,0.715584993317675,1.0471975511966,0.023325025944981148,0.033168467337034546,0.01419805134223865
0.698131700797732,3.14159265358979,0.733038285837618,1.0471975511966,0.02328339729390665,0.0332126345161807,0.0142506863054302
0.698131700797732,3.14159265358979,0.750491578357562,1.0471975511966,0.023164391070754402,0.033360705140995844,0.01422578687348485
0.698131700797732,3.14159265358979,0.767944870877505,1.0471975511966,0.0231067866965635,0.03382152508397295,0.01419598753401715
0.698131700797732,3.14159265358979,0.785398163397448,1.0471975511966,0.02324521800827595,0.03419406873082105,0.014615600329699
0.698131700797732,3.14159265358979,0.802851455917391,1.0471975511966,0.023929337899433,0.034249379931621804,0.0147454093312439
0.698131700797732,3.14159265358979,0.820304748437335,1.0471975511966,0.02400374264798885,0.0342904000386198,0.01422142279223925
0.698131700797732,3.14159265358979,0.837758040957278,1.0471975511966,0.023925431894843648,0.0344283825511685,0.0138781372155491
0.698131700797732,3.14159265358979,0.855211333477221,1.0471975511966,0.02386099326322115,0.03420712285557095,0.01358355229239645
0.698131700797732,3.14159265358979,0.872664625997165,1.0471975511966,0.023833554355939653,0.03389137430119625,0.0136194456883737
0.698131700797732,3.14159265358979,0.890117918517108,1.0471975511966,0.02388931301308255,0.03344424971692405,0.01394954649961295
0.698131700797732,3.14159265358979,0.907571211037051,1.0471975511966,0.02340342168273985,0.033201996666878356,0.01410167715166785
0.698131700797732,3.14159265358979,0.925024503556995,1.0471975511966,0.0234563706510417,0.033641697428727746,0.0136834777831544
0.698131700797732,3.14159265358979,0.942477796076938,1.0471975511966,0.02336176944711935,0.03368139559349395,0.0130944939745835
0.698131700797732,3.14159265358979,0.959931088596881,1.0471975511966,0.023637706696013748,0.03363691314992255,0.0138016825124809
0.698131700797732,3.14159265358979,0.977384381116825,1.0471975511966,0.0235570379325005,0.033652614995987554,0.0142000008991542
0.698131700797732,3.14159265358979,0.994837673636768,1.0471975511966,0.0232736928218626,0.033518129852999554,0.012954700420080699
0.698131700797732,3.14159265358979,1.01229096615671,1.0471975511966,0.0235847096168307,0.0333536925888955,0.0124577092060163
0.698131700797732,3.14159265358979,1.02974425867665,1.0471975511966,0.02368414508492985,0.0331313513677406,0.013257045717749001
0.698131700797732,3.14159265358979,1.0471975511966,1.0471975511966,0.02369171795815925,0.032645854033093696,0.013378139118677999
0.698131700797732,3.14159265358979,1.06465084371654,1.0471975511966,0.0235282047605259,0.03241235789520115,0.0138683654965911
0.698131700797732,3.14159265358979,1.08210413623648,1.0471975511966,0.0234996621817104,0.032746668327710754,0.01309358070679135
0.698131700797732,3.14159265358979,1.09955742875643,1.0471975511966,0.02342200062503745,0.0328323986287561,0.013015307983004449
0.698131700797732,3.14159265358979,1.11701072127637,1.0471975511966,0.023397035808460448,0.03259506057806215,0.013405945031986801
0.698131700797732,3.14159265358979,1.13446401379631,1.0471975511966,0.02315067457023655,0.0326179648756187,0.0136167191830849
0.698131700797732,3.14159265358979,1.15191730631626,1.0471975511966,0.0228068808495491,0.03248185978383605,0.013774244870141599
0.698131700797732,3.14159265358979,1.1693705988362,1.0471975511966,0.0225627966440709,0.032445092887638596,0.01336296222738155
0.698131700797732,3.14159265358979,1.18682389135614,1.0471975511966,0.0223555360249148,0.03249790822595655,0.012459203529851502
0.698131700797732,3.14159265358979,1.20427718387609,1.0471975511966,0.022358961799252397,0.03252939120187715,0.012311795481365049
0.698131700797732,3.14159265358979,1.22173047639603,1.0471975511966,0.02232900047766765,0.0322239001461301,0.011470824586996
0.698131700797732,3.14159265358979,1.23918376891597,1.0471975511966,0.0222094687384953,0.0321937009267805,0.011452187505815049
0.698131700797732,3.14159265358979,1.25663706143592,1.0471975511966,0.0222994774611944,0.0317813899089645,0.01082209786747481
0.698131700797732,3.14159265358979,1.27409035395586,1.0471975511966,0.02233851473590085,0.031903099112314495,0.0113172801278108
0.698131700797732,3.14159265358979,1.2915436464758,1.0471975511966,0.022608908817870352,0.0314619301054766,0.010443991047691965
0.698131700797732,3.14159265358979,1.30899693899575,1.0471975511966,0.021993411018685897,0.0316703836062883,0.01260680351017945
0.698131700797732,3.14159265358979,1.32645023151569,1.0471975511966,0.0206369093132064,0.029933673149786802,0.01222053726632145
0.698131700797732,3.14159265358979,1.34390352403563,1.0471975511966,0.0192759311282616,0.02764109168843915,0.01109241195688545
0.698131700797732,3.14159265358979,1.36135681655558,1.0471975511966,0.01779143326867565,0.02555851268933415,0.01014209393651393
0.698131700797732,3.14159265358979,1.37881010907552,1.0471975511966,0.016399474987290698,0.02329225153132045,0.009196140271826116
0.698131700797732,3.14159265358979,1.39626340159546,1.0471975511966,0.01476996124501525,0.021350014806508,0.008613050878624344
0.698131700797732,3.14159265358979,1.41371669411541,1.0471975511966,0.01331078112690605,0.01919423999292575,0.007653296947389325
0.698131700797732,3.14159265358979,1.43116998663535,1.0471975511966,0.01179484463521285,0.01710329481293105,0.00697740421855785
0.698131700797732,3.14159265358979,1.44862327915529,1.0471975511966,0.01036603685716015,0.014906125978347,0.00595822309959056
0.698131700797732,3.14159265358979,1.46607657167524,1.0471975511966,0.008930746065932605,0.0127488843481457,0.004984294668764575
0.698131700797732,3.14159265358979,1.48352986419518,1.0471975511966,0.007442490154291015,0.0105987262867834,0.00419769029241152
0.698131700797732,3.14159265358979,1.50098315671512,1.0471975511966,0.0059199417957920795,0.008528121972659324,0.003408380600514935
0.698131700797732,3.14159265358979,1.51843644923507,1.0471975511966,0.00443858087068023,0.006394882608105499,0.00253995511610504
0.698131700797732,3.14159265358979,1.53588974175501,1.0471975511966,0.0029490271869820946,0.004274018276091745,0.0017366835594678
0.698131700797732,3.14159265358979,1.55334303427495,1.0471975511966,0.00148065321197724,0.002127120308671235,0.0008421627282363955
0.698131700797732,3.14159265358979,1.5707963267949,1.0471975511966,0.0008226701196961264,0.00119726532761273,0.000498487280764734
0.698131700797732,3.14159265358979,0.0174532925199433,1.22173047639603,0.0234196879037741,0.03466134050662365,0.0146782622561441
0.698131700797732,3.14159265358979,0.0349065850398866,1.22173047639603,0.0236501461467754,0.0347496345909242,0.0148506249858927
0.698131700797732,3.14159265358979,0.0523598775598299,1.22173047639603,0.02349815284471975,0.03468163953926795,0.0147819378227537
0.698131700797732,3.14159265358979,0.0698131700797732,1.22173047639603,0.02339181306214025,0.03474340135315755,0.014738768158309299
0.698131700797732,3.14159265358979,0.0872664625997165,1.22173047639603,0.023302010585799053,0.0349243792698363,0.0146472252076275
0.698131700797732,3.14159265358979,0.10471975511966,1.22173047639603,0.023527352502655648,0.0351594149458094,0.014630875073270749
0.698131700797732,3.14159265358979,0.122173047639603,1.22173047639603,0.02385697513132675,0.0351457986039497,0.01495831924962
0.698131700797732,3.14159265358979,0.139626340159546,1.22173047639603,0.024019782158808352,0.03497235551831315,0.0152345636859391
0.698131700797732,3.14159265358979,0.15707963267949,1.22173047639603,0.024070213049912248,0.0348945471028656,0.01513679026266625
0.698131700797732,3.14159265358979,0.174532925199433,1.22173047639603,0.024037530293488048,0.035001946682822346,0.014813886113403101
0.698131700797732,3.14159265358979,0.191986217719376,1.22173047639603,0.02390774391354445,0.0349856098066403,0.014915380792378499
0.698131700797732,3.14159265358979,0.20943951023932,1.22173047639603,0.023899231273131302,0.034911767777551145,0.015364561515265551
0.698131700797732,3.14159265358979,0.226892802759263,1.22173047639603,0.0240082428527352,0.034648758987527395,0.01542266923680885
0.698131700797732,3.14159265358979,0.244346095279206,1.22173047639603,0.02383292916500375,0.0344710318023696,0.01526676000009875
0.698131700797732,3.14159265358979,0.261799387799149,1.22173047639603,0.023838161561123998,0.034537348142843996,0.01519093195416595
0.698131700797732,3.14159265358979,0.279252680319093,1.22173047639603,0.0238045891637087,0.0343184652032156,0.01469748629706925
0.698131700797732,3.14159265358979,0.296705972839036,1.22173047639603,0.0235423414335406,0.0341692854035768,0.0147321744787394
0.698131700797732,3.14159265358979,0.314159265358979,1.22173047639603,0.02320203653783725,0.0339614811911235,0.014885860515903
0.698131700797732,3.14159265358979,0.331612557878923,1.22173047639603,0.0232443191978524,0.03398561765086195,0.015011015356968551
0.698131700797732,3.14159265358979,0.349065850398866,1.22173047639603,0.023323165620064798,0.03416444640409235,0.015013013197366951
0.698131700797732,3.14159265358979,0.366519142918809,1.22173047639603,0.023322749959006052,0.03437301903344405,0.015209398377913751
0.698131700797732,3.14159265358979,0.383972435438752,1.22173047639603,0.02347945613934385,0.03453174628816255,0.0150564900057151
0.698131700797732,3.14159265358979,0.401425727958696,1.22173047639603,0.02362794178768205,0.0343749555524043,0.015057000174115851
0.698131700797732,3.14159265358979,0.418879020478639,1.22173047639603,0.02366882866587055,0.034018305783550654,0.0149637952761268
0.698131700797732,3.14159265358979,0.436332312998582,1.22173047639603,0.02363463994670465,0.0338207427621438,0.01470981175421555
0.698131700797732,3.14159265358979,0.453785605518526,1.22173047639603,0.0234736536632437,0.03374614952792615,0.01453996300175825
0.698131700797732,3.14159265358979,0.471238898038469,1.22173047639603,0.0233432231616724,0.0336392901217773,0.0146187620666503
0.698131700797732,3.14159265358979,0.488692190558412,1.22173047639603,0.02339658905894415,0.0337856224147875,0.014645511058467349
0.698131700797732,3.14159265358979,0.506145483078356,1.22173047639603,0.023226582102957652,0.033802454284505096,0.014701888264595751
0.698131700797732,3.14159265358979,0.523598775598299,1.22173047639603,0.0230173715250836,0.03363462949642235,0.0147330702719187
0.698131700797732,3.14159265358979,0.541052068118242,1.22173047639603,0.023020241696638348,0.03352898101046935,0.01462007074669535
0.698131700797732,3.14159265358979,0.558505360638185,1.22173047639603,0.023257807357169202,0.03324053059041665,0.015061889211699452
0.698131700797732,3.14159265358979,0.575958653158129,1.22173047639603,0.02325335323805645,0.03390326926943805,0.014966540252566449
0.698131700797732,3.14159265358979,0.593411945678072,1.22173047639603,0.02305691674753875,0.03418679433346335,0.01468351753486545
0.698131700797732,3.14159265358979,0.610865238198015,1.22173047639603,0.0233858189463337,0.0337607703881006,0.014548639112764501
0.698131700797732,3.14159265358979,0.628318530717959,1.22173047639603,0.02350260157996005,0.03361797537758195,0.013954796551266
0.698131700797732,3.14159265358979,0.645771823237902,1.22173047639603,0.023348488332442602,0.0336393987542912,0.013514883974472699
0.698131700797732,3.14159265358979,0.663225115757845,1.22173047639603,0.02281928953644055,0.03344621668736355,0.013488426687002099
0.698131700797732,3.14159265358979,0.680678408277788,1.22173047639603,0.022641690469370652,0.03361925260103165,0.013914866216683999
0.698131700797732,3.14159265358979,0.698131700797732,1.22173047639603,0.022792827583655452,0.0335336450273648,0.014332925585085199
0.698131700797732,3.14159265358979,0.715584993317675,1.22173047639603,0.02285994788958965,0.033267084449053644,0.01444334789705205
0.698131700797732,3.14159265358979,0.733038285837618,1.22173047639603,0.0229632112552485,0.03315456616497635,0.014463364126450249
0.698131700797732,3.14159265358979,0.750491578357562,1.22173047639603,0.023255292729187298,0.033132573464214,0.0138163697517904
0.698131700797732,3.14159265358979,0.767944870877505,1.22173047639603,0.0234318023621517,0.032899954395227,0.0127335124596544
0.698131700797732,3.14159265358979,0.785398163397448,1.22173047639603,0.02337710866364435,0.03272522021914265,0.01265445239348735
0.698131700797732,3.14159265358979,0.802851455917391,1.22173047639603,0.0232199333478862,0.0327726531819989,0.0130128098276355
0.698131700797732,3.14159265358979,0.820304748437335,1.22173047639603,0.023255406249574652,0.03313073369639275,0.01326308513553345
0.698131700797732,3.14159265358979,0.837758040957278,1.22173047639603,0.023233636223907998,0.033519423976788004,0.013649044425093099
0.698131700797732,3.14159265358979,0.855211333477221,1.22173047639603,0.0232857565716375,0.0331657230127367,0.01376783474051415
0.698131700797732,3.14159265358979,0.872664625997165,1.22173047639603,0.0231154389167277,0.033215184667019504,0.0138388471229622
0.698131700797732,3.14159265358979,0.890117918517108,1.22173047639603,0.022796108053416697,0.033308535344639595,0.01377405510653275
0.698131700797732,3.14159265358979,0.907571211037051,1.22173047639603,0.0227608087631925,0.0330424798611732,0.0134067413732894
0.698131700797732,3.14159265358979,0.925024503556995,1.22173047639603,0.02274508145683735,0.0327539956999987,0.0132069092240648
0.698131700797732,3.14159265358979,0.942477796076938,1.22173047639603,0.022699151846905248,0.032854033929651305,0.0125037905629298
0.698131700797732,3.14159265358979,0.959931088596881,1.22173047639603,0.02256907347019365,0.03277191555374405,0.0128275309365187
0.698131700797732,3.14159265358979,0.977384381116825,1.22173047639603,0.02251520519243755,0.0329315125028065,0.0137308349977493
0.698131700797732,3.14159265358979,0.994837673636768,1.22173047639603,0.0226836817384162,0.03331578646684345,0.013919505257737
0.698131700797732,3.14159265358979,1.01229096615671,1.22173047639603,0.02267112898246455,0.03329306894736155,0.0135749452595086
0.698131700797732,3.14159265358979,1.02974425867665,1.22173047639603,0.0226324659273111,0.03273033357974765,0.013653720223383549
0.698131700797732,3.14159265358979,1.0471975511966,1.22173047639603,0.02287038769852285,0.03230078685370785,0.01394682502165245
0.698131700797732,3.14159265358979,1.06465084371654,1.22173047639603,0.02304170584044605,0.0323571707546095,0.0141439515325315
0.698131700797732,3.14159265358979,1.08210413623648,1.22173047639603,0.022909424142033202,0.03280446573094045,0.01398889267081235
0.698131700797732,3.14159265358979,1.09955742875643,1.22173047639603,0.02265133611907605,0.0326511098253936,0.0137069120889119
0.698131700797732,3.14159265358979,1.11701072127637,1.22173047639603,0.02267553513044205,0.03232525649761595,0.013726468202407749
0.698131700797732,3.14159265358979,1.13446401379631,1.22173047639603,0.022455149225760848,0.03220270924773135,0.01393920568996945
0.698131700797732,3.14159265358979,1.15191730631626,1.22173047639603,0.022426430756709297,0.0322454042989809,0.01401958896907875
0.698131700797732,3.14159265358979,1.1693705988362,1.22173047639603,0.02249556073258285,0.03199239343511935,0.01414446153771385
0.698131700797732,3.14159265358979,1.18682389135614,1.22173047639603,0.0224929227028932,0.03190657454540555,0.01414113812911485
0.698131700797732,3.14159265358979,1.20427718387609,1.22173047639603,0.022657990886975503,0.03202358602658755,0.01405560636346085
0.698131700797732,3.14159265358979,1.22173047639603,1.22173047639603,0.022749229112520898,0.031570033680489246,0.01423893719116835
0.698131700797732,3.14159265358979,1.23918376891597,1.22173047639603,0.02282365648971525,0.031240754676859248,0.0139171812250657
0.698131700797732,3.14159265358979,1.25663706143592,1.22173047639603,0.02259915098736745,0.030981026367809902,0.0135527940163731
0.698131700797732,3.14159265358979,1.27409035395586,1.22173047639603,0.022363539307442247,0.030635522227552253,0.0140247930910323
0.698131700797732,3.14159265358979,1.2915436464758,1.22173047639603,0.02252470537885895,0.03080408821220855,0.01349371641987725
0.698131700797732,3.14159265358979,1.30899693899575,1.22173047639603,0.02210310443330565,0.03027668219908215,0.01290303324234865
0.698131700797732,3.14159265358979,1.32645023151569,1.22173047639603,0.02099755348765585,0.0286168403867125,0.012218441266526
0.698131700797732,3.14159265358979,1.34390352403563,1.22173047639603,0.0194465569158251,0.026634192289676548,0.0112989474281021
0.698131700797732,3.14159265358979,1.36135681655558,1.22173047639603,0.01793671791165545,0.024625380524767,0.01044055148918569
0.698131700797732,3.14159265358979,1.37881010907552,1.22173047639603,0.0164951745762884,0.022486601880975503,0.00959632513711314
0.698131700797732,3.14159265358979,1.39626340159546,1.22173047639603,0.01496226792223215,0.02048226191484575,0.008694643119611236
0.698131700797732,3.14159265358979,1.41371669411541,1.22173047639603,0.013498237958608501,0.01839729138597265,0.00785949161329555
0.698131700797732,3.14159265358979,1.43116998663535,1.22173047639603,0.01199408905954185,0.0163567146732896,0.00697704206917466
0.698131700797732,3.14159265358979,1.44862327915529,1.22173047639603,0.010466801274912469,0.0143454388343413,0.006080320067149435
0.698131700797732,3.14159265358979,1.46607657167524,1.22173047639603,0.008993528075106776,0.01226670193975995,0.0052313701150432605
0.698131700797732,3.14159265358979,1.48352986419518,1.22173047639603,0.00749459886233695,0.0102242080801457,0.00435924258740343
0.698131700797732,3.14159265358979,1.50098315671512,1.22173047639603,0.005979324727184635,0.00819714150544806,0.003473236918513805
0.698131700797732,3.14159265358979,1.51843644923507,1.22173047639603,0.00449014026360183,0.00614008966031299,0.002610004543093995
0.698131700797732,3.14159265358979,1.53588974175501,1.22173047639603,0.00299686697021854,0.004089304147091125,0.001743021527415855
0.698131700797732,3.14159265358979,1.55334303427495,1.22173047639603,0.00149517267582711,0.002044626079601595,0.0008691016966254691
0.698131700797732,3.14159265358979,1.5707963267949,1.22173047639603,0.0009492943240775065,0.001293730318462325,0.0005523096027418935
0.698131700797732,3.14159265358979,0.0174532925199433,1.39626340159546,0.02333054430406175,0.0346524460867381,0.014657434766485851
0.698131700797732,3.14159265358979,0.0349065850398866,1.39626340159546,0.0235828223183348,0.03466483056260825,0.0148805808685889
0.698131700797732,3.14159265358979,0.0523598775598299,1.39626340159546,0.02345879952041425,0.0345516896911605,0.01492989706710755
0.698131700797732,3.14159265358979,0.0698131700797732,1.39626340159546,0.02352006454056305,0.034641431612568455,0.01488299794021255
0.698131700797732,3.14159265358979,0.0872664625997165,1.39626340159546,0.02355185996839075,0.034896552785252596,0.014727246852892551
0.698131700797732,3.14159265358979,0.10471975511966,1.39626340159546,0.02368087926364605,0.035048947247910245,0.0145483146965408
0.698131700797732,3.14159265358979,0.122173047639603,1.39626340159546,0.02387299897060785,0.0349287938173121,0.014793654245028699
0.698131700797732,3.14159265358979,0.139626340159546,1.39626340159546,0.023789944025932153,0.034843421289892956,0.01494421613884375
0.698131700797732,3.14159265358979,0.15707963267949,1.39626340159546,0.0240013356353022,0.034868360823927455,0.014713694372865
0.698131700797732,3.14159265358979,0.174532925199433,1.39626340159546,0.024102077457430697,0.0347720432583562,0.01460506556438275
0.698131700797732,3.14159265358979,0.191986217719376,1.39626340159546,0.0239919933538483,0.034802571671810556,0.0146866840265251
0.698131700797732,3.14159265358979,0.20943951023932,1.39626340159546,0.0239608157177407,0.03459992637950615,0.01506751914834255
0.698131700797732,3.14159265358979,0.226892802759263,1.39626340159546,0.02382349446087555,0.034492033781509404,0.0151552178481222
0.698131700797732,3.14159265358979,0.244346095279206,1.39626340159546,0.0236413321664721,0.03450771371110905,0.01507949866017545
0.698131700797732,3.14159265358979,0.261799387799149,1.39626340159546,0.0235615597319083,0.034457355327748296,0.014726816814688449
0.698131700797732,3.14159265358979,0.279252680319093,1.39626340159546,0.02368819863776965,0.03454854659628665,0.0147575808644041
0.698131700797732,3.14159265358979,0.296705972839036,1.39626340159546,0.02370014947786545,0.03447115520762675,0.0151562370675373
0.698131700797732,3.14159265358979,0.314159265358979,1.39626340159546,0.023556042390041602,0.03428750481500225,0.01509707881079815
0.698131700797732,3.14159265358979,0.331612557878923,1.39626340159546,0.023400393793969798,0.034212441626718604,0.01520715992411375
0.698131700797732,3.14159265358979,0.349065850398866,1.39626340159546,0.02330409943376375,0.034471724666522,0.01520912791656805
0.698131700797732,3.14159265358979,0.366519142918809,1.39626340159546,0.02341718778635725,0.0345201799694122,0.014835981334056749
0.698131700797732,3.14159265358979,0.383972435438752,1.39626340159546,0.0234751588979307,0.0342430411167078,0.014466977029639751
0.698131700797732,3.14159265358979,0.401425727958696,1.39626340159546,0.0234236773702889,0.0340788598132826,0.0143474594089985
0.698131700797732,3.14159265358979,0.418879020478639,1.39626340159546,0.02332978489426805,0.0338427588136139,0.0143959255243785
0.698131700797732,3.14159265358979,0.436332312998582,1.39626340159546,0.02331192045087365,0.0336978407161892,0.014448020347767751
0.698131700797732,3.14159265358979,0.453785605518526,1.39626340159546,0.02325095398557175,0.033708584489708454,0.0145082045538969
0.698131700797732,3.14159265358979,0.471238898038469,1.39626340159546,0.02323142483758305,0.03385271474578165,0.014509188578895951
0.698131700797732,3.14159265358979,0.488692190558412,1.39626340159546,0.02327855569450485,0.03416056267261285,0.0144917745513056
0.698131700797732,3.14159265358979,0.506145483078356,1.39626340159546,0.02319153276042435,0.03436953903349445,0.0146204024463673
0.698131700797732,3.14159265358979,0.523598775598299,1.39626340159546,0.0231067361807411,0.03426545204130965,0.014722730211568301
0.698131700797732,3.14159265358979,0.541052068118242,1.39626340159546,0.02313339805052865,0.0340627738393527,0.0147511391896401
0.698131700797732,3.14159265358979,0.558505360638185,1.39626340159546,0.0230285601040142,0.0340182005216163,0.01467867022717
0.698131700797732,3.14159265358979,0.575958653158129,1.39626340159546,0.02298221844231365,0.033923385401849804,0.014359702875723999
0.698131700797732,3.14159265358979,0.593411945678072,1.39626340159546,0.0232123978676564,0.0338170067727314,0.013916905164563401
0.698131700797732,3.14159265358979,0.610865238198015,1.39626340159546,0.02327596258624695,0.033604240075749206,0.01360768246624665
0.698131700797732,3.14159265358979,0.628318530717959,1.39626340159546,0.023099468735749452,0.0332696329947649,0.0136038320283066
0.698131700797732,3.14159265358979,0.645771823237902,1.39626340159546,0.02298783001715795,0.033293223227298,0.014123752540012
0.698131700797732,3.14159265358979,0.663225115757845,1.39626340159546,0.0227953084172884,0.0335691641024431,0.01481858079102805
0.698131700797732,3.14159265358979,0.680678408277788,1.39626340159546,0.02268901531573965,0.03364441496655585,0.014926132347849
0.698131700797732,3.14159265358979,0.698131700797732,1.39626340159546,0.02299665798447895,0.0334391470176261,0.01416377088195985
0.698131700797732,3.14159265358979,0.715584993317675,1.39626340159546,0.0231837479561405,0.0332061363498531,0.0133055105046915
0.698131700797732,3.14159265358979,0.733038285837618,1.39626340159546,0.0228421841403322,0.03327907568991545,0.01317130485037265
0.698131700797732,3.14159265358979,0.750491578357562,1.39626340159546,0.02259602734994685,0.033433040153077395,0.01351635850199805
0.698131700797732,3.14159265358979,0.767944870877505,1.39626340159546,0.022801588469963698,0.03328693449337105,0.0136621394456995
0.698131700797732,3.14159265358979,0.785398163397448,1.39626340159546,0.022984735550819452,0.033301187414584,0.013647605397387349
0.698131700797732,3.14159265358979,0.802851455917391,1.39626340159546,0.0229296501502629,0.0331992266098535,0.01356048182034135
0.698131700797732,3.14159265358979,0.820304748437335,1.39626340159546,0.022685532695974252,0.0330302938825921,0.0140415962148467
0.698131700797732,3.14159265358979,0.837758040957278,1.39626340159546,0.02260732807258305,0.03324467618635655,0.01378002478203185
0.698131700797732,3.14159265358979,0.855211333477221,1.39626340159546,0.02283674167182595,0.03334986877548725,0.0134393148181959
0.698131700797732,3.14159265358979,0.872664625997165,1.39626340159546,0.023187406901634497,0.0333059429391447,0.0134300579164495
0.698131700797732,3.14159265358979,0.890117918517108,1.39626340159546,0.02335238324013185,0.0331844913311768,0.01336434018434825
0.698131700797732,3.14159265358979,0.907571211037051,1.39626340159546,0.022969977434269,0.033089431073267145,0.012997652719255199
0.698131700797732,3.14159265358979,0.925024503556995,1.39626340159546,0.0226946858589741,0.0332310178254416,0.0126462823372463
0.698131700797732,3.14159265358979,0.942477796076938,1.39626340159546,0.0227442032696197,0.032926565154138804,0.0130839563178253
0.698131700797732,3.14159265358979,0.959931088596881,1.39626340159546,0.02242299231688865,0.032477651895429546,0.01341909087771095
0.698131700797732,3.14159265358979,0.977384381116825,1.39626340159546,0.02206268968824055,0.03216037270386545,0.0139583192500092
0.698131700797732,3.14159265358979,0.994837673636768,1.39626340159546,0.021903170073636798,0.032425301003077445,0.0142063021317776
0.698131700797732,3.14159265358979,1.01229096615671,1.39626340159546,0.022018532190491498,0.03250367282830155,0.01325845669672035
0.698131700797732,3.14159265358979,1.02974425867665,1.39626340159546,0.022981149466102753,0.0320957537644217,0.01269298403609645
0.698131700797732,3.14159265358979,1.0471975511966,1.39626340159546,0.02303620277240285,0.03201768610416885,0.0127125950782608
0.698131700797732,3.14159265358979,1.06465084371654,1.39626340159546,0.0229305153358892,0.0324009158194702,0.0122181716836098
0.698131700797732,3.14159265358979,1.08210413623648,1.39626340159546,0.02284778249589085,0.03209132857076425,0.01217362648058125
0.698131700797732,3.14159265358979,1.09955742875643,1.39626340159546,0.022866854984424548,0.0317207989744179,0.01256560095585945
0.698131700797732,3.14159265358979,1.11701072127637,1.39626340159546,0.0230414248427326,0.0320605654315791,0.01306617072402335
0.698131700797732,3.14159265358979,1.13446401379631,1.39626340159546,0.02289891472139655,0.0319890281047118,0.013604068576010452
0.698131700797732,3.14159265358979,1.15191730631626,1.39626340159546,0.0232577353190116,0.0319537237369685,0.013735894617063
0.698131700797732,3.14159265358979,1.1693705988362,1.39626340159546,0.022965263598841948,0.031714616390892854,0.01400511257514625
0.698131700797732,3.14159265358979,1.18682389135614,1.39626340159546,0.0226562784149552,0.03149228452766135,0.014234572814385251
0.698131700797732,3.14159265358979,1.20427718387609,1.39626340159546,0.02234244047319285,0.03135327940549425,0.0140912859619277
0.698131700797732,3.14159265358979,1.22173047639603,1.39626340159546,0.0221598212972546,0.031247539843518753,0.0137412959695575
0.698131700797732,3.14159265358979,1.23918376891597,1.39626340159546,0.02183140434634015,0.03081503163882275,0.01361631786130715
0.698131700797732,3.14159265358979,1.25663706143592,1.39626340159546,0.021668553697100003,0.030650145318941453,0.013584343058448401
0.698131700797732,3.14159265358979,1.27409035395586,1.39626340159546,0.0216759670086945,0.03092952856915045,0.013156489072588599
0.698131700797732,3.14159265358979,1.2915436464758,1.39626340159546,0.0213945950431505,0.030712493674953753,0.013740060232181401
0.698131700797732,3.14159265358979,1.30899693899575,1.39626340159546,0.021283377376069397,0.03094735927717835,0.01234121774685035
0.698131700797732,3.14159265358979,1.32645023151569,1.39626340159546,0.01996213217925645,0.0290278954865133,0.0117919365411476
0.698131700797732,3.14159265358979,1.34390352403563,1.39626340159546,0.0184881313267405,0.02681533109703825,0.011296703230762851
0.698131700797732,3.14159265358979,1.36135681655558,1.39626340159546,0.0170459656931439,0.024652896706592452,0.010692709021265553
0.698131700797732,3.14159265358979,1.37881010907552,1.39626340159546,0.0156289487630706,0.02253269021938045,0.009995585327308636
0.698131700797732,3.14159265358979,1.39626340159546,1.39626340159546,0.0142257479480728,0.020441164973362347,0.0092324516506385
0.698131700797732,3.14159265358979,1.41371669411541,1.39626340159546,0.012852671315314649,0.0186505631763275,0.00763227669909837
0.698131700797732,3.14159265358979,1.43116998663535,1.39626340159546,0.01140147566386295,0.01656905203160345,0.006782483701431615
0.698131700797732,3.14159265358979,1.44862327915529,1.39626340159546,0.00995428260226934,0.014427784024923299,0.0061108576242996804
0.698131700797732,3.14159265358979,1.46607657167524,1.39626340159546,0.008524705309327009,0.01231980817988905,0.005363820227974425
0.698131700797732,3.14159265358979,1.48352986419518,1.39626340159546,0.00710701768326388,0.010238352952009654,0.004554774692718476
0.698131700797732,3.14159265358979,1.50098315671512,1.39626340159546,0.005694640854936535,0.00817560447237647,0.0036992582257720803
0.698131700797732,3.14159265358979,1.51843644923507,1.39626340159546,0.00427944368174522,0.00619387441333291,0.00260288043210287
0.698131700797732,3.14159265358979,1.53588974175501,1.39626340159546,0.002848709322171565,0.00413790925223989,0.001701767318186805
0.698131700797732,3.14159265358979,1.55334303427495,1.39626340159546,0.001420696626025365,0.002058903197266035,0.000871644989909066
0.698131700797732,3.14159265358979,1.5707963267949,1.39626340159546,0.000915288229878041,0.0013262024797530648,0.000565763965958113
0.698131700797732,3.14159265358979,0.0174532925199433,1.5707963267949,0.0232387315418059,0.03463945629394155,0.01463017727049435
0.698131700797732,3.14159265358979,0.0349065850398866,1.5707963267949,0.02351617782130905,0.03456943829469045,0.0149094584657212
0.698131700797732,3.14159265358979,0.0523598775598299,1.5707963267949,0.023453424887529252,0.0344414718798617,0.015109606698916249
0.698131700797732,3.14159265358979,0.0698131700797732,1.5707963267949,0.023693269016407947,0.03463217496543975,0.015110095577946351
0.698131700797732,3.14159265358979,0.0872664625997165,1.5707963267949,0.02357427470756735,0.0349710796423347,0.0150637552471944
0.698131700797732,3.14159265358979,0.10471975511966,1.5707963267949,0.0233214468800887,0.034905920614486094,0.014835982829175899
0.698131700797732,3.14159265358979,0.122173047639603,1.5707963267949,0.02356597747954385,0.034844294670241555,0.0146915598187212
0.698131700797732,3.14159265358979,0.139626340159546,1.5707963267949,0.0234851903731899,0.034673304719257,0.014549770956373
0.698131700797732,3.14159265358979,0.15707963267949,1.5707963267949,0.02359243047783555,0.03443271256924485,0.01451442161592215
0.698131700797732,3.14159265358979,0.174532925199433,1.5707963267949,0.023675501553568,0.0344026858674375,0.014504099926103051
0.698131700797732,3.14159265358979,0.191986217719376,1.5707963267949,0.0236198015086653,0.034754437452918646,0.014881775416250801
0.698131700797732,3.14159265358979,0.20943951023932,1.5707963267949,0.02402282247368975,0.03483722688997995,0.0149914675530654
0.698131700797732,3.14159265358979,0.226892802759263,1.5707963267949,0.0237799219137906,0.034390854446678,0.015158940729247599
0.698131700797732,3.14159265358979,0.244346095279206,1.5707963267949,0.023688616500133597,0.03417989015998345,0.014823070658495599
0.698131700797732,3.14159265358979,0.261799387799149,1.5707963267949,0.0233571645712582,0.034222972510569105,0.0144879572917163
0.698131700797732,3.14159265358979,0.279252680319093,1.5707963267949,0.02328764212295335,0.034303769168547854,0.0146511888154415
0.698131700797732,3.14159265358979,0.296705972839036,1.5707963267949,0.02335255839148965,0.03425442707084985,0.01462838077533455
0.698131700797732,3.14159265358979,0.314159265358979,1.5707963267949,0.0231895351048984,0.03390312059368135,0.014806151604100651
0.698131700797732,3.14159265358979,0.331612557878923,1.5707963267949,0.023320225475867998,0.03379964858634245,0.015000930493528401
0.698131700797732,3.14159265358979,0.349065850398866,1.5707963267949,0.023264532824997297,0.0339352713230642,0.01473627561276225
0.698131700797732,3.14159265358979,0.366519142918809,1.5707963267949,0.0231890378768387,0.0339640851451393,0.014557305244589001
0.698131700797732,3.14159265358979,0.383972435438752,1.5707963267949,0.0230077833050471,0.0338193890415308,0.014927200514193748
0.698131700797732,3.14159265358979,0.401425727958696,1.5707963267949,0.0232748276351911,0.03377302771348775,0.0148270461819279
0.698131700797732,3.14159265358979,0.418879020478639,1.5707963267949,0.023159942555174902,0.0337256164996356,0.01496251476808905
0.698131700797732,3.14159265358979,0.436332312998582,1.5707963267949,0.0233101812691903,0.033874420307841,0.015027936270021199
0.698131700797732,3.14159265358979,0.453785605518526,1.5707963267949,0.02310378338048685,0.033824772869478104,0.0149317228769518
0.698131700797732,3.14159265358979,0.471238898038469,1.5707963267949,0.02295263112714665,0.0338559216901486,0.01451319067178065
0.698131700797732,3.14159265358979,0.488692190558412,1.5707963267949,0.0228310776339887,0.0339480646663078,0.014137322471497151
0.698131700797732,3.14159265358979,0.506145483078356,1.5707963267949,0.0227661105252829,0.033942564393645305,0.0139645129674782
0.698131700797732,3.14159265358979,0.523598775598299,1.5707963267949,0.022948367975294898,0.034084279082966795,0.01375062109142635
0.698131700797732,3.14159265358979,0.541052068118242,1.5707963267949,0.0230500227137289,0.0333412978371703,0.0138425012308336
0.698131700797732,3.14159265358979,0.558505360638185,1.5707963267949,0.0225917148730868,0.033058967278502605,0.014359971685443649
0.698131700797732,3.14159265358979,0.575958653158129,1.5707963267949,0.0230319712575607,0.033417852001489445,0.01382855973030085
0.698131700797732,3.14159265358979,0.593411945678072,1.5707963267949,0.02340235811967345,0.0333500525111278,0.01364998690240345
0.698131700797732,3.14159265358979,0.610865238198015,1.5707963267949,0.022875718927847052,0.033062358532403496,0.01361913396119665
0.698131700797732,3.14159265358979,0.628318530717959,1.5707963267949,0.022348326776947203,0.03342078416045115,0.0133373188834669
0.698131700797732,3.14159265358979,0.645771823237902,1.5707963267949,0.0224333142513126,0.0338800012742293,0.013927409948039149
0.698131700797732,3.14159265358979,0.663225115757845,1.5707963267949,0.0222693068741923,0.03380228228665535,0.014578418675518349
0.698131700797732,3.14159265358979,0.680678408277788,1.5707963267949,0.02257977496850275,0.03387694334869375,0.0145686386543755
0.698131700797732,3.14159265358979,0.698131700797732,1.5707963267949,0.022716897060782698,0.033437915740959,0.0141188402663305
0.698131700797732,3.14159265358979,0.715584993317675,1.5707963267949,0.022606164911804102,0.033339816532764854,0.013734679751294651
0.698131700797732,3.14159265358979,0.733038285837618,1.5707963267949,0.022798431098646252,0.0328315668581472,0.014069283257753199
0.698131700797732,3.14159265358979,0.750491578357562,1.5707963267949,0.0227555814685242,0.03268325146364755,0.0141589985966795
0.698131700797732,3.14159265358979,0.767944870877505,1.5707963267949,0.02256004376363225,0.032921650894050344,0.01406193300416995
0.698131700797732,3.14159265358979,0.785398163397448,1.5707963267949,0.022516607012977148,0.03305306985781205,0.0136957325747296
0.698131700797732,3.14159265358979,0.802851455917391,1.5707963267949,0.022709021463511753,0.03336206194538525,0.0139218377485264
0.698131700797732,3.14159265358979,0.820304748437335,1.5707963267949,0.022851633561378648,0.0335085430691886,0.01390180604917085
0.698131700797732,3.14159265358979,0.837758040957278,1.5707963267949,0.02303169187555415,0.033414721768349656,0.014430887881386249
0.698131700797732,3.14159265358979,0.855211333477221,1.5707963267949,0.023052175731631,0.033003251485483553,0.0141728522104072
0.698131700797732,3.14159265358979,0.872664625997165,1.5707963267949,0.0232899980527237,0.0329194479347605,0.01346846304886525
0.698131700797732,3.14159265358979,0.890117918517108,1.5707963267949,0.02290159815029865,0.03312913519456865,0.01359431229017375
0.698131700797732,3.14159265358979,0.907571211037051,1.5707963267949,0.022328614254986848,0.033336174850611106,0.0140209338748969
0.698131700797732,3.14159265358979,0.925024503556995,1.5707963267949,0.0224978494352722,0.033099628463106795,0.01328521206733845
0.698131700797732,3.14159265358979,0.942477796076938,1.5707963267949,0.0230695084772884,0.032894203042951445,0.0132266624594092
0.698131700797732,3.14159265358979,0.959931088596881,1.5707963267949,0.0224187327414179,0.03242294537924755,0.0131869278294539
0.698131700797732,3.14159265358979,0.977384381116825,1.5707963267949,0.02200771612096095,0.03222382877016765,0.0132554176413201
0.698131700797732,3.14159265358979,0.994837673636768,1.5707963267949,0.02240349178076855,0.0330083577128769,0.0134287127511887
0.698131700797732,3.14159265358979,1.01229096615671,1.5707963267949,0.023223368610879452,0.03320947847194525,0.01390516651938175
0.698131700797732,3.14159265358979,1.02974425867665,1.5707963267949,0.02286945598994275,0.03245849299441795,0.012510778060435351
0.698131700797732,3.14159265358979,1.0471975511966,1.5707963267949,0.02280595746792005,0.031870165581756454,0.01216061782984985
0.698131700797732,3.14159265358979,1.06465084371654,1.5707963267949,0.02216067646700175,0.03177861145499905,0.01283547627379135
0.698131700797732,3.14159265358979,1.08210413623648,1.5707963267949,0.0223676454011734,0.0315724983736875,0.0138209009101436
0.698131700797732,3.14159265358979,1.09955742875643,1.5707963267949,0.022449427832586202,0.0318643835843652,0.014560577438568499
0.698131700797732,3.14159265358979,1.11701072127637,1.5707963267949,0.022612255256228647,0.032258181959964,0.0142127395751219
0.698131700797732,3.14159265358979,1.13446401379631,1.5707963267949,0.0221113708622035,0.03180013124366085,0.01409309196053165
0.698131700797732,3.14159265358979,1.15191730631626,1.5707963267949,0.0218768982459085,0.0318660022717631,0.0133908652472326
0.698131700797732,3.14159265358979,1.1693705988362,1.5707963267949,0.02172917594354385,0.0315851863930424,0.013202172676248649
0.698131700797732,3.14159265358979,1.18682389135614,1.5707963267949,0.021609484524218403,0.0307964453343098,0.013437360479058798
0.698131700797732,3.14159265358979,1.20427718387609,1.5707963267949,0.02182024401821655,0.0304033448819073,0.01344724913042275
0.698131700797732,3.14159265358979,1.22173047639603,1.5707963267949,0.02195881886233405,0.030093614188120302,0.013430199371529651
0.698131700797732,3.14159265358979,1.23918376891597,1.5707963267949,0.02201104954813505,0.029796531991477603,0.0134012301669532
0.698131700797732,3.14159265358979,1.25663706143592,1.5707963267949,0.021968133239549603,0.0294663343684226,0.0132252122050034
0.698131700797732,3.14159265358979,1.27409035395586,1.5707963267949,0.0218835932703308,0.0291395258082108,0.01302788365533335
0.698131700797732,3.14159265358979,1.2915436464758,1.5707963267949,0.02185515416748335,0.028960471370546102,0.01287689518395085
0.698131700797732,3.14159265358979,1.30899693899575,1.5707963267949,0.02175673188349525,0.028695777121427,0.012766070596728199
0.698131700797732,3.14159265358979,1.32645023151569,1.5707963267949,0.02030628309126225,0.02678272531333185,0.01191499922361295
0.698131700797732,3.14159265358979,1.34390352403563,1.5707963267949,0.018855834299029248,0.0248696735052367,0.01106392785049775
0.698131700797732,3.14159265358979,1.36135681655558,1.5707963267949,0.01740538550679625,0.022956621697141598,0.010212856477382529
0.698131700797732,3.14159265358979,1.37881010907552,1.5707963267949,0.015954936714563252,0.021043569889046453,0.00936178510426733
0.698131700797732,3.14159265358979,1.39626340159546,1.5707963267949,0.01450448792233015,0.01913051808095135,0.008510713731152121
0.698131700797732,3.14159265358979,1.41371669411541,1.5707963267949,0.01305403913009715,0.0172174662728562,0.00765964235803691
0.698131700797732,3.14159265358979,1.43116998663535,1.5707963267949,0.01160359033786415,0.01530441446476105,0.00680857098492169
0.698131700797732,3.14159265358979,1.44862327915529,1.5707963267949,0.010153141545631135,0.013391362656665951,0.00595749961180649
0.698131700797732,3.14159265358979,1.46607657167524,1.5707963267949,0.00870269275339812,0.011478310848570799,0.005106428238691275
0.698131700797732,3.14159265358979,1.48352986419518,1.5707963267949,0.0072522439611650905,0.00956525904047567,0.0042553568655760605
0.698131700797732,3.14159265358979,1.50098315671512,1.5707963267949,0.00580179516893207,0.00765220723238052,0.003404285492460855
0.698131700797732,3.14159265358979,1.51843644923507,1.5707963267949,0.004351346376699065,0.005739155424285405,0.0025532141193456348
0.698131700797732,3.14159265358979,1.53588974175501,1.5707963267949,0.002900897584466035,0.003826103616190275,0.0017021427462304301
0.698131700797732,3.14159265358979,1.55334303427495,1.5707963267949,0.00145044879223298,0.00191305180809517,0.0008510713731152005
0.698131700797732,3.14159265358979,1.5707963267949,1.5707963267949,0.0,0.0,0.0
0.698131700797732,3.14159265358979,0.0174532925199433,1.74532925199433,0.0232739968943399,0.03471369661790415,0.01459119733776435
0.698131700797732,3.14159265358979,0.0349065850398866,1.74532925199433,0.02347674976805495,0.0346684605305672,0.0149101696343938
0.698131700797732,3.14159265358979,0.0523598775598299,1.74532925199433,0.0233899751177725,0.034596897437475696,0.0150861393022464
0.698131700797732,3.14159265358979,0.0698131700797732,1.74532925199433,0.023532248517519498,0.034828017181045653,0.015089212232535
0.698131700797732,3.14159265358979,0.0872664625997165,1.74532925199433,0.02332529522689685,0.0349038397531974,0.015154006489461299
0.698131700797732,3.14159265358979,0.10471975511966,1.74532925199433,0.023113363140631,0.03479944323684305,0.01502990684429255
0.698131700797732,3.14159265358979,0.122173047639603,1.74532925199433,0.023498704102192597,0.03472684882615795,0.0149679956242185
0.698131700797732,3.14159265358979,0.139626340159546,1.74532925199433,0.02371867976595185,0.034644335708648,0.014724462211418
0.698131700797732,3.14159265358979,0.15707963267949,1.74532925199433,0.023796081495012653,0.0345480181606035,0.014665955315682301
0.698131700797732,3.14159265358979,0.174532925199433,1.74532925199433,0.0238544543668312,0.03466698323532995,0.014816097477913799
0.698131700797732,3.14159265358979,0.191986217719376,1.74532925199433,0.02391815524533735,0.03475704456823185,0.0150780827107594
0.698131700797732,3.14159265358979,0.20943951023932,1.74532925199433,0.02405831172487205,0.03474008637857755,0.015070876961654451
0.698131700797732,3.14159265358979,0.226892802759263,1.74532925199433,0.0236724413420944,0.03451524960728395,0.0148774466858498
0.698131700797732,3.14159265358979,0.244346095279206,1.74532925199433,0.023560840467566,0.0341466951234337,0.014659814870465401
0.698131700797732,3.14159265358979,0.261799387799149,1.74532925199433,0.023526743219925948,0.03408860526207575,0.0146168569262832
0.698131700797732,3.14159265358979,0.279252680319093,1.74532925199433,0.0237607760712631,0.03420632081202585,0.0146908267446542
0.698131700797732,3.14159265358979,0.296705972839036,1.74532925199433,0.02370056582808195,0.03409298936581205,0.01458546112085185
0.698131700797732,3.14159265358979,0.314159265358979,1.74532925199433,0.02340850862294585,0.03393617586131325,0.0146365334156125
0.698131700797732,3.14159265358979,0.331612557878923,1.74532925199433,0.023172096171987,0.0340610102924158,0.0147505783627037
0.698131700797732,3.14159265358979,0.349065850398866,1.74532925199433,0.023036424892550998,0.03424736162649835,0.0147331735798511
0.698131700797732,3.14159265358979,0.366519142918809,1.74532925199433,0.022864954805929552,0.034117850565586444,0.014714182898894701
0.698131700797732,3.14159265358979,0.383972435438752,1.74532925199433,0.022740471642894,0.0339373579139865,0.015025730224553752
0.698131700797732,3.14159265358979,0.401425727958696,1.74532925199433,0.022739463311142648,0.03386475321997945,0.01492808189967435
0.698131700797732,3.14159265358979,0.418879020478639,1.74532925199433,0.02274513062341165,0.033842002547609745,0.0145475081449123
0.698131700797732,3.14159265358979,0.436332312998582,1.74532925199433,0.0228531211595741,0.0337766365526578,0.0145668808968653
0.698131700797732,3.14159265358979,0.453785605518526,1.74532925199433,0.022899888693334397,0.033584118674243546,0.0148083629798312
0.698131700797732,3.14159265358979,0.471238898038469,1.74532925199433,0.0228328280762446,0.03341897762057015,0.014580124255849449
0.698131700797732,3.14159265358979,0.488692190558412,1.74532925199433,0.0228106830696908,0.033341993116388746,0.014104812366540799
0.698131700797732,3.14159265358979,0.506145483078356,1.74532925199433,0.0227978827257987,0.03347105582514595,0.0139431334350553
0.698131700797732,3.14159265358979,0.523598775598299,1.74532925199433,0.02273454532200775,0.0337017161820409,0.0138811973028746
0.698131700797732,3.14159265358979,0.541052068118242,1.74532925199433,0.022745278968902,0.0337083753656488,0.01415324979214615
0.698131700797732,3.14159265358979,0.558505360638185,1.74532925199433,0.02267110221760025,0.033610246152675105,0.01462304177041285
0.698131700797732,3.14159265358979,0.575958653158129,1.74532925199433,0.022690649944673,0.03360502338146505,0.01443063248167335
0.698131700797732,3.14159265358979,0.593411945678072,1.74532925199433,0.022960956104678,0.03355981159642345,0.013685872234691851
0.698131700797732,3.14159265358979,0.610865238198015,1.74532925199433,0.0230727859712782,0.033344036179865144,0.01345617619904455
0.698131700797732,3.14159265358979,0.628318530717959,1.74532925199433,0.022869075783432002,0.033283658640668,0.0137254137371007
0.698131700797732,3.14159265358979,0.645771823237902,1.74532925199433,0.022430763161414652,0.0334093004042106,0.013866612136441699
0.698131700797732,3.14159265358979,0.663225115757845,1.74532925199433,0.02215882088185555,0.033568314683705996,0.01413824243808625
0.698131700797732,3.14159265358979,0.680678408277788,1.74532925199433,0.02230371338676415,0.03388544040410605,0.0143487258712684
0.698131700797732,3.14159265358979,0.698131700797732,1.74532925199433,0.0226860458655505,0.034157547760659546,0.0141549033048577
0.698131700797732,3.14159265358979,0.715584993317675,1.74532925199433,0.02292148651024495,0.034068963010839906,0.01411293451278185
0.698131700797732,3.14159265358979,0.733038285837618,1.74532925199433,0.0230962148404059,0.0337435558330168,0.0143145790043455
0.698131700797732,3.14159265358979,0.750491578357562,1.74532925199433,0.02327049783816235,0.033313073068217694,0.014386587047108199
0.698131700797732,3.14159265358979,0.767944870877505,1.74532925199433,0.023093586996674,0.03313835012208405,0.0142126725795636
0.698131700797732,3.14159265358979,0.785398163397448,1.74532925199433,0.022849478165102098,0.033211451940498946,0.0138275475041347
0.698131700797732,3.14159265358979,0.802851455917391,1.74532925199433,0.0228477827376778,0.033190677965821855,0.0138311413738974
0.698131700797732,3.14159265358979,0.820304748437335,1.74532925199433,0.0229263000149334,0.03328797226818955,0.014454345254759901
0.698131700797732,3.14159265358979,0.837758040957278,1.74532925199433,0.0228738202285862,0.0336251277692594,0.0145956998191294
0.698131700797732,3.14159265358979,0.855211333477221,1.74532925199433,0.023082582476592,0.03372259023675825,0.014511018960217299
0.698131700797732,3.14159265358979,0.872664625997165,1.74532925199433,0.023118066195342298,0.03351569411378835,0.014049701776246051
0.698131700797732,3.14159265358979,0.890117918517108,1.74532925199433,0.02283383418833335,0.033462016418712645,0.013463862335785701
0.698131700797732,3.14159265358979,0.907571211037051,1.74532925199433,0.02286199327397775,0.03351597938640205,0.013511061457679701
0.698131700797732,3.14159265358979,0.925024503556995,1.74532925199433,0.0229917399987811,0.0336298314159448,0.0136026451885887
0.698131700797732,3.14159265358979,0.942477796076938,1.74532925199433,0.02286361796576475,0.03387237081772215,0.013817900666210501
0.698131700797732,3.14159265358979,0.959931088596881,1.74532925199433,0.02259573331036365,0.03366390695252175,0.01417156257749615
0.698131700797732,3.14159265358979,0.977384381116825,1.74532925199433,0.0226815260194796,0.033065538654207347,0.014142845114907949
0.698131700797732,3.14159265358979,0.994837673636768,1.74532925199433,0.0227435660351946,0.033056984785931304,0.01412674888312955
0.698131700797732,3.14159265358979,1.01229096615671,1.74532925199433,0.0225107601334027,0.0324450081952842,0.01404328920155465
0.698131700797732,3.14159265358979,1.02974425867665,1.74532925199433,0.02238772460637425,0.032038454036617744,0.0136086538606062
0.698131700797732,3.14159265358979,1.0471975511966,1.74532925199433,0.02218508225170865,0.031933933608769303,0.01319927269833885
0.698131700797732,3.14159265358979,1.06465084371654,1.74532925199433,0.0219373113832741,0.032104050932589646,0.0132477360485138
0.698131700797732,3.14159265358979,1.08210413623648,1.74532925199433,0.02175511739912795,0.031987530406683104,0.01309705296478395
0.698131700797732,3.14159265358979,1.09955742875643,1.74532925199433,0.02147211747022685,0.0318043983380773,0.013012952649918301
0.698131700797732,3.14159265358979,1.11701072127637,1.74532925199433,0.021380794459704748,0.030829433131988604,0.012948805895875649
0.698131700797732,3.14159265358979,1.13446401379631,1.74532925199433,0.021445759174292152,0.0304421543927446,0.01350230967964835
0.698131700797732,3.14159265358979,1.15191730631626,1.74532925199433,0.0214338278547863,0.030552238235493752,0.014291119112379399
0.698131700797732,3.14159265358979,1.1693705988362,1.74532925199433,0.02136785291978275,0.0304147231469954,0.01450308700458855
0.698131700797732,3.14159265358979,1.18682389135614,1.74532925199433,0.021290056795005598,0.03020313093836775,0.01455513039153415
0.698131700797732,3.14159265358979,1.20427718387609,1.74532925199433,0.02137104722738125,0.0300959618816461,0.0144361171173234
0.698131700797732,3.14159265358979,1.22173047639603,1.74532925199433,0.02153150505418005,0.030298488228367948,0.01434986113626415
0.698131700797732,3.14159265358979,1.23918376891597,1.74532925199433,0.02139701888561395,0.03037075195434965,0.0138880317226919
0.698131700797732,3.14159265358979,1.25663706143592,1.74532925199433,0.0210067985707642,0.0303414787396316,0.013505185573065698
0.698131700797732,3.14159265358979,1.27409035395586,1.74532925199433,0.0211126430543274,0.03021603517627855,0.013519497872861452
0.698131700797732,3.14159265358979,1.2915436464758,1.74532925199433,0.0216297827949129,0.030064089395989,0.01405235812434325
0.698131700797732,3.14159265358979,1.30899693899575,1.74532925199433,0.021640968806612253,0.02977604393166635,0.014152565429621851
0.698131700797732,3.14159265358979,1.32645023151569,1.74532925199433,0.02004110664992225,0.02805833438054145,0.01326875648059035
0.698131700797732,3.14159265358979,1.34390352403563,1.74532925199433,0.01836775278000575,0.026134620806972,0.01226720088519905
0.698131700797732,3.14159265358979,1.36135681655558,1.74532925199433,0.01679785432980755,0.0242274317206717,0.011279097621758449
0.698131700797732,3.14159265358979,1.37881010907552,1.74532925199433,0.0153130358786154,0.0223290049145097,0.010303057785438639
0.698131700797732,3.14159265358979,1.39626340159546,1.74532925199433,0.01388157988775905,0.020426261223257698,0.009336351859137915
0.698131700797732,3.14159265358979,1.41371669411541,1.74532925199433,0.01289220273691705,0.0181169272691568,0.00851640792451964
0.698131700797732,3.14159265358979,1.43116998663535,1.74532925199433,0.0114226048372071,0.0160462306886799,0.00757450512640013
0.698131700797732,3.14159265358979,1.44862327915529,1.74532925199433,0.009876142352783581,0.0140878438500808,0.00659955326597923
0.698131700797732,3.14159265358979,1.46607657167524,1.74532925199433,0.008393972839429279,0.0121295046883837,0.005635043615271035
0.698131700797732,3.14159265358979,1.48352986419518,1.74532925199433,0.006960343387551455,0.01016456720519197,0.004679774751436775
0.698131700797732,3.14159265358979,1.50098315671512,1.74532925199433,0.00555702888207742,0.008185412630000406,0.0037322838805190104
0.698131700797732,3.14159265358979,1.51843644923507,1.74532925199433,0.004262221900706885,0.006061828281245955,0.00282845565429184
0.698131700797732,3.14159265358979,1.53588974175501,1.74532925199433,0.002850496107657875,0.0040127425525292955,0.00189162732567712
0.698131700797732,3.14159265358979,1.55334303427495,1.74532925199433,0.0014099111774615852,0.002010845735825225,0.000941659468527396
0.698131700797732,3.14159265358979,1.5707963267949,1.74532925199433,0.0009060196960160755,0.0012965646594097898,0.000606823496266547
0.698131700797732,3.14159265358979,0.0174532925199433,1.91986217719376,0.023309020288415097,0.03478144687921305,0.01454409723480745
0.698131700797732,3.14159265358979,0.0349065850398866,1.91986217719376,0.0234398924711689,0.0347786053262156,0.0148794312173706
0.698131700797732,3.14159265358979,0.0523598775598299,1.91986217719376,0.02334473899604075,0.0347537732201986,0.0150507509308059
0.698131700797732,3.14159265358979,0.0698131700797732,1.91986217719376,0.02340062470574825,0.03491285716631065,0.01503664940227475
0.698131700797732,3.14159265358979,0.0872664625997165,1.91986217719376,0.02330148531279735,0.034973136440572455,0.015181407204074501
0.698131700797732,3.14159265358979,0.10471975511966,1.91986217719376,0.02327793908867,0.034909774755878545,0.0152612933997873
0.698131700797732,3.14159265358979,0.122173047639603,1.91986217719376,0.023408389977008698,0.03471056156552105,0.0150731236555838
0.698131700797732,3.14159265358979,0.139626340159546,1.91986217719376,0.0234634445001284,0.034537144439343095,0.0148393078083723
0.698131700797732,3.14159265358979,0.15707963267949,1.91986217719376,0.0234621446892083,0.03455229558370915,0.0147163651883433
0.698131700797732,3.14159265358979,0.174532925199433,1.91986217719376,0.02355149688206055,0.03461546437063355,0.01473002449163385
0.698131700797732,3.14159265358979,0.191986217719376,1.91986217719376,0.0235485206446375,0.034627382659627254,0.0147942565925929
0.698131700797732,3.14159265358979,0.20943951023932,1.91986217719376,0.023549712733765,0.0344949132298434,0.01480117718235485
0.698131700797732,3.14159265358979,0.226892802759263,1.91986217719376,0.02374311470883085,0.03425958577281875,0.01461644985713715
0.698131700797732,3.14159265358979,0.244346095279206,1.91986217719376,0.02339881434324875,0.034173885924640254,0.014530970407795451
0.698131700797732,3.14159265358979,0.261799387799149,1.91986217719376,0.023278015324957553,0.034219496343815894,0.014570832300548401
0.698131700797732,3.14159265358979,0.279252680319093,1.91986217719376,0.02328191494635045,0.034018088637149155,0.014504160253474702
0.698131700797732,3.14159265358979,0.296705972839036,1.91986217719376,0.023479542238028603,0.03388343580184015,0.01482083172864535
0.698131700797732,3.14159265358979,0.314159265358979,1.91986217719376,0.02344816480165325,0.03367708056341355,0.01497501200846575
0.698131700797732,3.14159265358979,0.331612557878923,1.91986217719376,0.0233115397167607,0.03363076741801305,0.01493530740849975
0.698131700797732,3.14159265358979,0.349065850398866,1.91986217719376,0.0232302776177019,0.033768962720580095,0.01445112559185225
0.698131700797732,3.14159265358979,0.366519142918809,1.91986217719376,0.02316438935109125,0.03400566120105365,0.0142815911925194
0.698131700797732,3.14159265358979,0.383972435438752,1.91986217719376,0.02297198376088595,0.03401704352682185,0.014459673524661
0.698131700797732,3.14159265358979,0.401425727958696,1.91986217719376,0.0230007802488993,0.0338692933717831,0.014497466891543648
0.698131700797732,3.14159265358979,0.418879020478639,1.91986217719376,0.0233278554616515,0.033785841136812156,0.01446292125450345
0.698131700797732,3.14159265358979,0.436332312998582,1.91986217719376,0.023427820184649,0.033761561079791697,0.01452974108778545
0.698131700797732,3.14159265358979,0.453785605518526,1.91986217719376,0.02322940185947615,0.03386145329307265,0.0146302917904594
0.698131700797732,3.14159265358979,0.471238898038469,1.91986217719376,0.02299994401705055,0.03401531431942815,0.014618666940522749
0.698131700797732,3.14159265358979,0.488692190558412,1.91986217719376,0.02275423230959335,0.033895694016235,0.01457417455173515
0.698131700797732,3.14159265358979,0.506145483078356,1.91986217719376,0.02272062029467245,0.03372950355740365,0.0145754867691264
0.698131700797732,3.14159265358979,0.523598775598299,1.91986217719376,0.0229373568723713,0.03368272497912675,0.0145040232328763
0.698131700797732,3.14159265358979,0.541052068118242,1.91986217719376,0.02279577823806645,0.033655250128032305,0.014399891561702849
0.698131700797732,3.14159265358979,0.558505360638185,1.91986217719376,0.0224782805117708,0.0337264405840645,0.0142684667548121
0.698131700797732,3.14159265358979,0.575958653158129,1.91986217719376,0.02231818379622975,0.033583277267426,0.01408617148806205
0.698131700797732,3.14159265358979,0.593411945678072,1.91986217719376,0.02268620990436985,0.033536160939154555,0.01409414039443385
0.698131700797732,3.14159265358979,0.610865238198015,1.91986217719376,0.02275608113895185,0.03353024161268155,0.014449948316513452
0.698131700797732,3.14159265358979,0.628318530717959,1.91986217719376,0.0228650042295258,0.0332768242098831,0.014061085947845501
0.698131700797732,3.14159265358979,0.645771823237902,1.91986217719376,0.02300296160368965,0.033523473027960604,0.01392547309421635
0.698131700797732,3.14159265358979,0.663225115757845,1.91986217719376,0.02267967385792835,0.033485645073318845,0.01398400814690045
0.698131700797732,3.14159265358979,0.680678408277788,1.91986217719376,0.02252753168124315,0.033393754430234096,0.0137858657390048
0.698131700797732,3.14159265358979,0.698131700797732,1.91986217719376,0.02239265800890455,0.0338498640389324,0.0140248692424905
0.698131700797732,3.14159265358979,0.715584993317675,1.91986217719376,0.0221916963963552,0.034285128712702145,0.0143027531288632
0.698131700797732,3.14159265358979,0.733038285837618,1.91986217719376,0.022045693382114102,0.0340571009455211,0.0144402771632802
0.698131700797732,3.14159265358979,0.750491578357562,1.91986217719376,0.0220680045883529,0.0336898691429006,0.01440155158270665
0.698131700797732,3.14159265358979,0.767944870877505,1.91986217719376,0.02220313627630275,0.033425656585361355,0.0141485426183401
0.698131700797732,3.14159265358979,0.785398163397448,1.91986217719376,0.0224776448179149,0.03330233420457025,0.01391548655637485
0.698131700797732,3.14159265358979,0.802851455917391,1.91986217719376,0.0228617778963883,0.033440646007315805,0.0139457254104001
0.698131700797732,3.14159265358979,0.820304748437335,1.91986217719376,0.02310575525312935,0.0335128511349286,0.01371725936918425
0.698131700797732,3.14159265358979,0.837758040957278,1.91986217719376,0.0230271322314248,0.03355108026607585,0.0139300169986125
0.698131700797732,3.14159265358979,0.855211333477221,1.91986217719376,0.02300385289264025,0.03322306214139975,0.01422356734847435
0.698131700797732,3.14159265358979,0.872664625997165,1.91986217719376,0.02277300875415815,0.0332107244117231,0.01427482364277665
0.698131700797732,3.14159265358979,0.890117918517108,1.91986217719376,0.02275526450618815,0.03374010114819615,0.01381599343400955
0.698131700797732,3.14159265358979,0.907571211037051,1.91986217719376,0.02269928447893645,0.0335609110027167,0.0135927873883111
0.698131700797732,3.14159265358979,0.925024503556995,1.91986217719376,0.0223315126030051,0.0330769429277036,0.013795580145422849
0.698131700797732,3.14159265358979,0.942477796076938,1.91986217719376,0.0219937813523942,0.032904553872851655,0.01341525266650445
0.698131700797732,3.14159265358979,0.959931088596881,1.91986217719376,0.0223077075817181,0.0327168074568572,0.0130849251043956
0.698131700797732,3.14159265358979,0.977384381116825,1.91986217719376,0.02275038101690975,0.0327124506524963,0.01331202177381435
0.698131700797732,3.14159265358979,0.994837673636768,1.91986217719376,0.0228032612519606,0.03289914195171815,0.013338969002130701
0.698131700797732,3.14159265358979,1.01229096615671,1.91986217719376,0.0224633355809137,0.0331844446173981,0.013348153442601849
0.698131700797732,3.14159265358979,1.02974425867665,1.91986217719376,0.02212140415471215,0.033193788505350805,0.01346354274849635
0.698131700797732,3.14159265358979,1.0471975511966,1.91986217719376,0.021983115688005497,0.032948211444356404,0.01373161302604815
0.698131700797732,3.14159265358979,1.06465084371654,1.91986217719376,0.02193945412097445,0.03284700207468595,0.0138911829004283
0.698131700797732,3.14159265358979,1.08210413623648,1.91986217719376,0.0221675563350046,0.032341903544238146,0.01400096475292115
0.698131700797732,3.14159265358979,1.09955742875643,1.91986217719376,0.0221986902097062,0.03199603916799195,0.013945327286705899
0.698131700797732,3.14159265358979,1.11701072127637,1.91986217719376,0.0222425811585695,0.03181749024799395,0.013224438231687449
0.698131700797732,3.14159265358979,1.13446401379631,1.91986217719376,0.021813378718948652,0.0317065844591629,0.01294858598039475
0.698131700797732,3.14159265358979,1.15191730631626,1.91986217719376,0.0216644117053459,0.03182663707870545,0.0130109761615755
0.698131700797732,3.14159265358979,1.1693705988362,1.91986217719376,0.022161130755422198,0.0321904898004521,0.013140075633180901
0.698131700797732,3.14159265358979,1.18682389135614,1.91986217719376,0.02221954245823745,0.031789932096990645,0.013099441015145749
0.698131700797732,3.14159265358979,1.20427718387609,1.91986217719376,0.022146399475736447,0.0315731392112928,0.01293153021332245
0.698131700797732,3.14159265358979,1.22173047639603,1.91986217719376,0.0223596713268621,0.03136977605810355,0.012477865668698001
0.698131700797732,3.14159265358979,1.23918376891597,1.91986217719376,0.02245667631227465,0.03134075360592105,0.012051858455934449
0.698131700797732,3.14159265358979,1.25663706143592,1.91986217719376,0.02276361472239745,0.03096026632857345,0.0117781884263864
0.698131700797732,3.14159265358979,1.27409035395586,1.91986217719376,0.0224413238655027,0.030770074932439852,0.011113919848027
0.698131700797732,3.14159265358979,1.2915436464758,1.91986217719376,0.021982243456982548,0.030568655240756797,0.011048961061946451
0.698131700797732,3.14159265358979,1.30899693899575,1.91986217719376,0.021498901305455252,0.03003296747053115,0.0111177886510785
0.698131700797732,3.14159265358979,1.32645023151569,1.91986217719376,0.02076269859858415,0.028660935983824798,0.010662991291840201
0.698131700797732,3.14159265358979,1.34390352403563,1.91986217719376,0.01958425058758985,0.026798195759568648,0.010091909803563445
0.698131700797732,3.14159265358979,1.36135681655558,1.91986217719376,0.018107560294773402,0.0247801162392847,0.00940110116802813
0.698131700797732,3.14159265358979,1.37881010907552,1.91986217719376,0.016334651588316047,0.0225305301171089,0.008386738919953667
0.698131700797732,3.14159265358979,1.39626340159546,1.91986217719376,0.015041346918467199,0.020599226647943197,0.00774795091048966
0.698131700797732,3.14159265358979,1.41371669411541,1.91986217719376,0.01332534714271345,0.0184152966105745,0.006855209976717945
0.698131700797732,3.14159265358979,1.43116998663535,1.91986217719376,0.01189341612161425,0.0163941641547713,0.00610826732677929
0.698131700797732,3.14159265358979,1.44862327915529,1.91986217719376,0.0105672541618751,0.01444275231750275,0.005448293835122255
0.698131700797732,3.14159265358979,1.46607657167524,1.91986217719376,0.008923163648926286,0.0122965411165794,0.00458336806080107
0.698131700797732,3.14159265358979,1.48352986419518,1.91986217719376,0.007441140329843345,0.01025085143384568,0.0038227097862762
0.698131700797732,3.14159265358979,1.50098315671512,1.91986217719376,0.006042196227570211,0.00825461640174436,0.00311585648688394
0.698131700797732,3.14159265358979,1.51843644923507,1.91986217719376,0.00449653106681417,0.0061692386499280355,0.0023142903281034447
0.698131700797732,3.14159265358979,1.53588974175501,1.91986217719376,0.0029779852436511104,0.00410081430734122,0.0015301489353682501
0.698131700797732,3.14159265358979,1.55334303427495,1.91986217719376,0.00149739666102303,0.00205436532675946,0.0007706960006055494
0.698131700797732,3.14159265358979,1.5707963267949,1.91986217719376,0.0009390834087626565,0.00129592446912247,0.000482046552870297
0.698131700797732,3.14159265358979,0.0174532925199433,2.0943951023932,0.023341103949550253,0.0348380617640532,0.014488945072705501
0.698131700797732,3.14159265358979,0.0349065850398866,2.0943951023932,0.02342275955053965,0.03490521112823595,0.01480546449244125
0.698131700797732,3.14159265358979,0.0523598775598299,2.0943951023932,0.02345827896650205,0.03484365179872375,0.0149571870913634
0.698131700797732,3.14159265358979,0.0698131700797732,2.0943951023932,0.023353117152245452,0.0349336962506748,0.0149481766230782
0.698131700797732,3.14159265358979,0.0872664625997165,2.0943951023932,0.0233173396252918,0.034845232323373304,0.01505259744334405
0.698131700797732,3.14159265358979,0.10471975511966,2.0943951023932,0.0232267640491742,0.0350349822694294,0.01515035388035105
0.698131700797732,3.14159265358979,0.122173047639603,2.0943951023932,0.0232541709810093,0.0350169874043353,0.014896058194061649
0.698131700797732,3.14159265358979,0.139626340159546,2.0943951023932,0.023425014979622252,0.0343721871861002,0.014941487580465599
0.698131700797732,3.14159265358979,0.15707963267949,2.0943951023932,0.02339321853444375,0.0342823688696889,0.014916907192393952
0.698131700797732,3.14159265358979,0.174532925199433,2.0943951023932,0.023422485639948948,0.034427301558648954,0.014677184627853349
0.698131700797732,3.14159265358979,0.191986217719376,2.0943951023932,0.023566031026731098,0.0344182842895646,0.01446060994243225
0.698131700797732,3.14159265358979,0.20943951023932,2.0943951023932,0.02375356194887995,0.03452173114309745,0.014443128132160352
0.698131700797732,3.14159265358979,0.226892802759263,2.0943951023932,0.02370203370999685,0.0345488624014714,0.01466026865727885
0.698131700797732,3.14159265358979,0.244346095279206,2.0943951023932,0.0236346058625633,0.034280456626223546,0.015040441784365751
0.698131700797732,3.14159265358979,0.261799387799149,2.0943951023932,0.0235553931881828,0.0342496152615561,0.0148430266811305
0.698131700797732,3.14159265358979,0.279252680319093,2.0943951023932,0.0233726157909862,0.0341350560207417,0.0146251403852265
0.698131700797732,3.14159265358979,0.296705972839036,2.0943951023932,0.023273994280146,0.03411040368638005,0.0146086941577698
0.698131700797732,3.14159265358979,0.314159265358979,2.0943951023932,0.02322983103243525,0.0342404513726196,0.0145469163011487
0.698131700797732,3.14159265358979,0.331612557878923,2.0943951023932,0.02322926648721335,0.03435009672127225,0.01469483625929835
0.698131700797732,3.14159265358979,0.349065850398866,2.0943951023932,0.023097615926780453,0.03438824709680935,0.014803710436799601
0.698131700797732,3.14159265358979,0.366519142918809,2.0943951023932,0.0231077374807121,0.034349515069791905,0.014739181057201949
0.698131700797732,3.14159265358979,0.383972435438752,2.0943951023932,0.02308498083474895,0.034442538309743656,0.0145711382572422
0.698131700797732,3.14159265358979,0.401425727958696,2.0943951023932,0.0235449574977254,0.0342246159012271,0.014309312470037
0.698131700797732,3.14159265358979,0.418879020478639,2.0943951023932,0.02345995549074745,0.0341688791761077,0.014239682066064501
0.698131700797732,3.14159265358979,0.436332312998582,2.0943951023932,0.02316998192402275,0.03420708918534525,0.01430657963798845
0.698131700797732,3.14159265358979,0.453785605518526,2.0943951023932,0.023110188507150048,0.0340315477556349,0.0143793137763834
0.698131700797732,3.14159265358979,0.471238898038469,2.0943951023932,0.02312919422610405,0.033946535530816405,0.0146239942949249
0.698131700797732,3.14159265358979,0.488692190558412,2.0943951023932,0.02306905757229255,0.0338693680963739,0.01486806647394095
0.698131700797732,3.14159265358979,0.506145483078356,2.0943951023932,0.02310766000247695,0.03409366111290715,0.0149957607497144
0.698131700797732,3.14159265358979,0.523598775598299,2.0943951023932,0.0229507286463397,0.03388097455122965,0.014995581106844551
0.698131700797732,3.14159265358979,0.541052068118242,2.0943951023932,0.02325879784899375,0.033887160971352345,0.01457933254862075
0.698131700797732,3.14159265358979,0.558505360638185,2.0943951023932,0.02325269173890515,0.034065681848129706,0.014602286392055651
0.698131700797732,3.14159265358979,0.575958653158129,2.0943951023932,0.02320412121210785,0.033985576962336145,0.0143447634818486
0.698131700797732,3.14159265358979,0.593411945678072,2.0943951023932,0.0232872596055477,0.033937697626523905,0.013949342474956699
0.698131700797732,3.14159265358979,0.610865238198015,2.0943951023932,0.02310796573308415,0.03408626644524375,0.0139861608104899
0.698131700797732,3.14159265358979,0.628318530717959,2.0943951023932,0.02292457457277075,0.03425514484543855,0.0143267555634242
0.698131700797732,3.14159265358979,0.645771823237902,2.0943951023932,0.02283700634676445,0.03418851719417245,0.0142739518499779
0.698131700797732,3.14159265358979,0.663225115757845,2.0943951023932,0.0229930636133623,0.0342615211649416,0.01401887923820705
0.698131700797732,3.14159265358979,0.680678408277788,2.0943951023932,0.0230169774173359,0.03402327441453635,0.01415087422200605
0.698131700797732,3.14159265358979,0.698131700797732,2.0943951023932,0.0231064175630779,0.0339193068425517,0.013835901181398502
0.698131700797732,3.14159265358979,0.715584993317675,2.0943951023932,0.023037669286203148,0.0341372016157038,0.013431669279052899
0.698131700797732,3.14159265358979,0.733038285837618,2.0943951023932,0.0227128553580398,0.03413948078475555,0.0132285678708306
0.698131700797732,3.14159265358979,0.750491578357562,2.0943951023932,0.0227919553871045,0.034044687991596795,0.01344172865499945
0.698131700797732,3.14159265358979,0.767944870877505,2.0943951023932,0.022853114907743298,0.034336558760760846,0.01380352275630525
0.698131700797732,3.14159265358979,0.785398163397448,2.0943951023932,0.022350600861148998,0.03452741418123225,0.014419786093400649
0.698131700797732,3.14159265358979,0.802851455917391,2.0943951023932,0.02223855444613245,0.0343550211697025,0.01473435009260025
0.698131700797732,3.14159265358979,0.820304748437335,2.0943951023932,0.0222695399843327,0.03399111994604785,0.01441304841631795
0.698131700797732,3.14159265358979,0.837758040957278,2.0943951023932,0.02212659495694505,0.0338270415162455,0.0143421313928644
0.698131700797732,3.14159265358979,0.855211333477221,2.0943951023932,0.0221792728887351,0.03379633822541295,0.01411573820089005
0.698131700797732,3.14159265358979,0.872664625997165,2.0943951023932,0.0223956817348371,0.0336805187700901,0.013839596632295049
0.698131700797732,3.14159265358979,0.890117918517108,2.0943951023932,0.02270047832897215,0.03377554074979015,0.01457177047996135
0.698131700797732,3.14159265358979,0.907571211037051,2.0943951023932,0.022775866038658353,0.033989115619761104,0.01572988786226175
0.698131700797732,3.14159265358979,0.925024503556995,2.0943951023932,0.022703488422522053,0.0339189632871095,0.01443227847761605
0.698131700797732,3.14159265358979,0.942477796076938,2.0943951023932,0.02265457598228325,0.03389189237528835,0.013312236676112199
0.698131700797732,3.14159265358979,0.959931088596881,2.0943951023932,0.0226805700506595,0.033630293792595606,0.01352306729344775
0.698131700797732,3.14159265358979,0.977384381116825,2.0943951023932,0.022711097115503148,0.0334097884266322,0.01365721919917035
0.698131700797732,3.14159265358979,0.994837673636768,2.0943951023932,0.022755828712648397,0.0333361908289736,0.013649736703444701
0.698131700797732,3.14159265358979,1.01229096615671,2.0943951023932,0.023026699732794552,0.03352652920040455,0.014305893258296499
0.698131700797732,3.14159265358979,1.02974425867665,2.0943951023932,0.022764143547820997,0.033026297237065655,0.0142626723509731
0.698131700797732,3.14159265358979,1.0471975511966,2.0943951023932,0.02262286740347275,0.033202177635310554,0.0140628856992793
0.698131700797732,3.14159265358979,1.06465084371654,2.0943951023932,0.02276711215266185,0.032870551609572154,0.0135430454969463
0.698131700797732,3.14159265358979,1.08210413623648,2.0943951023932,0.02278157316647995,0.033145564137665,0.013595495043841749
0.698131700797732,3.14159265358979,1.09955742875643,2.0943951023932,0.022753935324028203,0.03321074714601775,0.01370450266550275
0.698131700797732,3.14159265358979,1.11701072127637,2.0943951023932,0.022545098251261497,0.03302256198132215,0.01408601797993995
0.698131700797732,3.14159265358979,1.13446401379631,2.0943951023932,0.02261279893765115,0.03318500254930845,0.014456137341217399
0.698131700797732,3.14159265358979,1.15191730631626,2.0943951023932,0.02260547039951255,0.033101102731757356,0.01409455605869175
0.698131700797732,3.14159265358979,1.1693705988362,2.0943951023932,0.02225342276561375,0.0329821854890374,0.013493980823246751
0.698131700797732,3.14159265358979,1.18682389135614,2.0943951023932,0.0222464296660269,0.033062268761831,0.01319889111963185
0.698131700797732,3.14159265358979,1.20427718387609,2.0943951023932,0.022108541375591248,0.0327049801169257,0.01289181779052305
0.698131700797732,3.14159265358979,1.22173047639603,2.0943951023932,0.02178492733107235,0.03218447399197415,0.0123627089466329
0.698131700797732,3.14159265358979,1.23918376891597,2.0943951023932,0.0215859465609188,0.031965572783223956,0.0121289878593967
0.698131700797732,3.14159265358979,1.25663706143592,2.0943951023932,0.0213338662019971,0.0317210560162742,0.011730981021615652
0.698131700797732,3.14159265358979,1.27409035395586,2.0943951023932,0.0214367792214438,0.0317135105137057,0.01209389753767335
0.698131700797732,3.14159265358979,1.2915436464758,2.0943951023932,0.0211602272428107,0.0313703375898747,0.011930775407397
0.698131700797732,3.14159265358979,1.30899693899575,2.0943951023932,0.02125836847035185,0.03121272629896625,0.01274450210003325
0.698131700797732,3.14159265358979,1.32645023151569,2.0943951023932,0.0200854916181877,0.0294275920122714,0.012154928558991949
0.698131700797732,3.14159265358979,1.34390352403563,2.0943951023932,0.018603310310958653,0.027313271967892,0.011140179863273151
0.698131700797732,3.14159265358979,1.36135681655558,2.0943951023932,0.0170527872263978,0.02518458336587915,0.010257802910487241
0.698131700797732,3.14159265358979,1.37881010907552,2.0943951023932,0.015726111953015952,0.0230863226693579,0.00945813352618854
0.698131700797732,3.14159265358979,1.39626340159546,2.0943951023932,0.0143082050025242,0.021008858714883498,0.008629726982730856
0.698131700797732,3.14159265358979,1.41371669411541,2.0943951023932,0.0128705971277857,0.0188954984917589,0.007765158812430674
0.698131700797732,3.14159265358979,1.43116998663535,2.0943951023932,0.011473751391278101,0.016815183987652048,0.00694275330355984
0.698131700797732,3.14159265358979,1.44862327915529,2.0943951023932,0.009999084306749525,0.01470045561945615,0.006001705635179355
0.698131700797732,3.14159265358979,1.46607657167524,2.0943951023932,0.008459534662206515,0.012578202707338,0.0050821565060513
0.698131700797732,3.14159265358979,1.48352986419518,2.0943951023932,0.0071133410744838,0.010495035338478249,0.004245849659777875
0.698131700797732,3.14159265358979,1.50098315671512,2.0943951023932,0.00570216374444429,0.008398340693582394,0.003433437631590795
0.698131700797732,3.14159265358979,1.51843644923507,2.0943951023932,0.00428861868597819,0.006293827814938275,0.00259867351632869
0.698131700797732,3.14159265358979,1.53588974175501,2.0943951023932,0.00286927124398085,0.004203207924240625,0.0017328432643140298
0.698131700797732,3.14159265358979,1.55334303427495,2.0943951023932,0.00142070138001796,0.002095839169135085,0.000855310263059739
0.698131700797732,3.14159265358979,1.5707963267949,2.0943951023932,7.04428446627187e-05,1.4983951918956517e-06,6.43144553350434e-05
0.698131700797732,3.14159265358979,0.0174532925199433,2.26892802759263,0.02336806052485305,0.0348799010968337,0.01442640496505225
0.698131700797732,3.14159265358979,0.0349065850398866,2.26892802759263,0.02351485367921985,0.03497153458168445,0.01466661870694615
0.698131700797732,3.14159265358979,0.0523598775598299,2.26892802759263,0.023659403498291702,0.0349235051431536,0.014871847795510849
0.698131700797732,3.14159265358979,0.0698131700797732,2.26892802759263,0.0233738126557689,0.0347976749040077,0.014923796272088199
0.698131700797732,3.14159265358979,0.0872664625997165,2.26892802759263,0.02335352645427315,0.0345358302234878,0.0149427331753186
0.698131700797732,3.14159265358979,0.10471975511966,2.26892802759263,0.023160920908287898,0.03462896386559975,0.01504023320084465
0.698131700797732,3.14159265358979,0.122173047639603,2.26892802759263,0.02317326062441625,0.03476799492704315,0.014969800586008601
0.698131700797732,3.14159265358979,0.139626340159546,2.26892802759263,0.02320018857112105,0.03442338361903935,0.014897333949932048
0.698131700797732,3.14159265358979,0.15707963267949,2.26892802759263,0.0232927761905849,0.0341030803111662,0.014691904124319349
0.698131700797732,3.14159265358979,0.174532925199433,2.26892802759263,0.02337666231342855,0.034289835105671754,0.0146473309482196
0.698131700797732,3.14159265358979,0.191986217719376,2.26892802759263,0.02344546449904715,0.03440798565953635,0.0145216605935048
0.698131700797732,3.14159265358979,0.20943951023932,2.26892802759263,0.023534535869862948,0.034491252515301454,0.01434338600163295
0.698131700797732,3.14159265358979,0.226892802759263,2.26892802759263,0.023445868478897798,0.0341363506497222,0.014396618350355599
0.698131700797732,3.14159265358979,0.244346095279206,2.26892802759263,0.02341519899086415,0.03415239031935535,0.01462365925324315
0.698131700797732,3.14159265358979,0.261799387799149,2.26892802759263,0.02366424516358195,0.03437882266339885,0.014607061386789001
0.698131700797732,3.14159265358979,0.279252680319093,2.26892802759263,0.0236855452285401,0.03442523130404495,0.014627653371646399
0.698131700797732,3.14159265358979,0.296705972839036,2.26892802759263,0.0234188985531149,0.0341956586464031,0.0147262494403811
0.698131700797732,3.14159265358979,0.314159265358979,2.26892802759263,0.023451734736777648,0.03410428410129855,0.0148989012611441
0.698131700797732,3.14159265358979,0.331612557878923,2.26892802759263,0.02340149422862825,0.03396749537528345,0.0147343937359018
0.698131700797732,3.14159265358979,0.349065850398866,2.26892802759263,0.02337900468591765,0.0338307777458742,0.0145130338603097
0.698131700797732,3.14159265358979,0.366519142918809,2.26892802759263,0.023414317100119653,0.033841171983266846,0.01438265158688135
0.698131700797732,3.14159265358979,0.383972435438752,2.26892802759263,0.0231646185638007,0.03394179613474905,0.0143461043028308
0.698131700797732,3.14159265358979,0.401425727958696,2.26892802759263,0.023130592602186202,0.0340946324582898,0.0145422406002912
0.698131700797732,3.14159265358979,0.418879020478639,2.26892802759263,0.023085811875727398,0.0340619758975984,0.0146418039819964
0.698131700797732,3.14159265358979,0.436332312998582,2.26892802759263,0.0229334794776678,0.0340136836763391,0.01454847036930685
0.698131700797732,3.14159265358979,0.453785605518526,2.26892802759263,0.02308565034530365,0.033856360579053155,0.01436402577557695
0.698131700797732,3.14159265358979,0.471238898038469,2.26892802759263,0.02283707816570615,0.0340708313221846,0.014288623370662
0.698131700797732,3.14159265358979,0.488692190558412,2.26892802759263,0.0230486480930446,0.034248275500091796,0.0140729802726667
0.698131700797732,3.14159265358979,0.506145483078356,2.26892802759263,0.023219261373754303,0.03430478387594045,0.01410788768016215
0.698131700797732,3.14159265358979,0.523598775598299,2.26892802759263,0.02326499881213965,0.0342943359672442,0.014196924628241
0.698131700797732,3.14159265358979,0.541052068118242,2.26892802759263,0.0232196929204926,0.0343101790106982,0.0142930394644582
0.698131700797732,3.14159265358979,0.558505360638185,2.26892802759263,0.02303955600762235,0.03428164494423925,0.0144596994111352
0.698131700797732,3.14159265358979,0.575958653158129,2.26892802759263,0.02299292635454945,0.03412035253415455,0.01434921359481065
0.698131700797732,3.14159265358979,0.593411945678072,2.26892802759263,0.02313934766236405,0.0339120351131693,0.01440720229243625
0.698131700797732,3.14159265358979,0.610865238198015,2.26892802759263,0.02281842023812965,0.0342313183291122,0.01478153580991115
0.698131700797732,3.14159265358979,0.628318530717959,2.26892802759263,0.022927438768286353,0.034600509593556344,0.0148065027892046
0.698131700797732,3.14159265358979,0.645771823237902,2.26892802759263,0.0232012139360441,0.03449345627981115,0.014551193958036
0.698131700797732,3.14159265358979,0.663225115757845,2.26892802759263,0.0234220952619073,0.034504621861736404,0.0146065545478027
0.698131700797732,3.14159265358979,0.680678408277788,2.26892802759263,0.0231390537171171,0.0344776824141418,0.01444430485792445
0.698131700797732,3.14159265358979,0.698131700797732,2.26892802759263,0.023098836703590003,0.0344309348355404,0.014526369615914199
0.698131700797732,3.14159265358979,0.715584993317675,2.26892802759263,0.0231969329980177,0.034524949068744246,0.014365591190532299
0.698131700797732,3.14159265358979,0.733038285837618,2.26892802759263,0.02331322130899595,0.03451592739381295,0.014388707169447349
0.698131700797732,3.14159265358979,0.750491578357562,2.26892802759263,0.02303699029418975,0.03427580528919555,0.014509911488816401
0.698131700797732,3.14159265358979,0.767944870877505,2.26892802759263,0.023024879447558502,0.03424235700662475,0.0144796011417994
0.698131700797732,3.14159265358979,0.785398163397448,2.26892802759263,0.0232454359306021,0.03410566490827095,0.01424866005541045
0.698131700797732,3.14159265358979,0.802851455917391,2.26892802759263,0.0234368373959813,0.0340480173856416,0.0141324793817305
0.698131700797732,3.14159265358979,0.820304748437335,2.26892802759263,0.023256343188365648,0.0343298576082349,0.01382570327618065
0.698131700797732,3.14159265358979,0.837758040957278,2.26892802759263,0.022981490929224302,0.0343895983230874,0.0134359285255454
0.698131700797732,3.14159265358979,0.855211333477221,2.26892802759263,0.022888796488994598,0.0342801759207068,0.0133338078336103
0.698131700797732,3.14159265358979,0.872664625997165,2.26892802759263,0.022696285083944,0.0342733992389024,0.0134447939738405
0.698131700797732,3.14159265358979,0.890117918517108,2.26892802759263,0.022554297676459348,0.034310395782799805,0.0139864788731297
0.698131700797732,3.14159265358979,0.907571211037051,2.26892802759263,0.022762194821649998,0.034236371904518004,0.01393790528865395
0.698131700797732,3.14159265358979,0.925024503556995,2.26892802759263,0.02263599123628835,0.03426172447048765,0.0143334118250952
0.698131700797732,3.14159265358979,0.942477796076938,2.26892802759263,0.02243098179858035,0.03451872277911445,0.015120328198350949
0.698131700797732,3.14159265358979,0.959931088596881,2.26892802759263,0.02281266145536745,0.03473777734156915,0.01496683264918245
0.698131700797732,3.14159265358979,0.977384381116825,2.26892802759263,0.023706736487663548,0.034449029482334054,0.0141263633069721
0.698131700797732,3.14159265358979,0.994837673636768,2.26892802759263,0.02347306644129655,0.0339331300852085,0.01408382358263795
0.698131700797732,3.14159265358979,1.01229096615671,2.26892802759263,0.02328512309054535,0.033708923280931655,0.0140447202325678
0.698131700797732,3.14159265358979,1.02974425867665,2.26892802759263,0.02288834939541845,0.033725850676077654,0.0136171131703564
0.698131700797732,3.14159265358979,1.0471975511966,2.26892802759263,0.022588029979320398,0.0337177039994154,0.0132570155455282
0.698131700797732,3.14159265358979,1.06465084371654,2.26892802759263,0.02250543854349785,0.033464472866086295,0.0134098892758026
0.698131700797732,3.14159265358979,1.08210413623648,2.26892802759263,0.0225817322381845,0.03314289325688785,0.013578312262894951
0.698131700797732,3.14159265358979,1.09955742875643,2.26892802759263,0.02281134399893785,0.0328397945716584,0.0133287844267617
0.698131700797732,3.14159265358979,1.11701072127637,2.26892802759263,0.023121373886600752,0.0328061624381673,0.01318700255801385
0.698131700797732,3.14159265358979,1.13446401379631,2.26892802759263,0.0229435949775037,0.03335120062881885,0.01300001678503245
0.698131700797732,3.14159265358979,1.15191730631626,2.26892802759263,0.022825186011314003,0.033191112553188504,0.0131853117497778
0.698131700797732,3.14159265358979,1.1693705988362,2.26892802759263,0.02291710415876595,0.0329403471323282,0.0132205714888037
0.698131700797732,3.14159265358979,1.18682389135614,2.26892802759263,0.022862989894112652,0.03264862515249345,0.01351661120135965
0.698131700797732,3.14159265358979,1.20427718387609,2.26892802759263,0.02273134469901445,0.0323598575930065,0.0135150790326446
0.698131700797732,3.14159265358979,1.22173047639603,2.26892802759263,0.02253330326068755,0.03235757905245825,0.013927470854765301
0.698131700797732,3.14159265358979,1.23918376891597,2.26892802759263,0.0225017263679419,0.03186727019953675,0.013713348108171451
0.698131700797732,3.14159265358979,1.25663706143592,2.26892802759263,0.0222324311842751,0.0316708946440103,0.01395751992089435
0.698131700797732,3.14159265358979,1.27409035395586,2.26892802759263,0.02211361110702815,0.03156423106672495,0.01348129794522055
0.698131700797732,3.14159265358979,1.2915436464758,2.26892802759263,0.0219930360685949,0.03181729393997895,0.013643351196918101
0.698131700797732,3.14159265358979,1.30899693899575,2.26892802759263,0.0218913000690445,0.0309377525788706,0.01263979085681
0.698131700797732,3.14159265358979,1.32645023151569,2.26892802759263,0.0207576045630062,0.029335540880780553,0.012071833646441751
0.698131700797732,3.14159265358979,1.34390352403563,2.26892802759263,0.01932046338272335,0.027135744329631548,0.011136379130130675
0.698131700797732,3.14159265358979,1.36135681655558,2.26892802759263,0.017766994753304947,0.025349151721766702,0.010453966101817636
0.698131700797732,3.14159265358979,1.37881010907552,2.26892802759263,0.016248370241053148,0.02316332041757355,0.009564168737102804
0.698131700797732,3.14159265358979,1.39626340159546,2.26892802759263,0.0148108456290179,0.0210247877873935,0.00865769863544159
0.698131700797732,3.14159265358979,1.41371669411541,2.26892802759263,0.0133331584624343,0.018988582993401698,0.007814772063825335
0.698131700797732,3.14159265358979,1.43116998663535,2.26892802759263,0.01185584225550785,0.01678577692496945,0.0069093313759681
0.698131700797732,3.14159265358979,1.44862327915529,2.26892802759263,0.010355985720393049,0.0146316071036505,0.00596181387567041
0.698131700797732,3.14159265358979,1.46607657167524,2.26892802759263,0.00890706640760347,0.012579369632074299,0.0051691243527433196
0.698131700797732,3.14159265358979,1.48352986419518,2.26892802759263,0.007416958073480905,0.0104637423329625,0.00430363024832396
0.698131700797732,3.14159265358979,1.50098315671512,2.26892802759263,0.0059196044868320245,0.00844509203218949,0.0034686680086089003
0.698131700797732,3.14159265358979,1.51843644923507,2.26892802759263,0.00444250041891638,0.006324916869727909,0.002603741211171875
0.698131700797732,3.14159265358979,1.53588974175501,2.26892802759263,0.00296095939200736,0.004201669118979795,0.0017299654559034048
0.698131700797732,3.14159265358979,1.55334303427495,2.26892802759263,0.001480149670989545,0.00210513165547324,0.0008663447842952585
0.698131700797732,3.14159265358979,1.5707963267949,2.26892802759263,-5.355307085688752e-06,-3.644140953329435e-05,-1.4970631808081097e-05
0.698131700797732,3.14159265358979,0.0174532925199433,2.44346095279206,0.023388425790879852,0.0349046720207091,0.014357838869955699
0.698131700797732,3.14159265358979,0.0349065850398866,2.44346095279206,0.02357398313933035,0.03503523666548995,0.0145031346017701
0.698131700797732,3.14159265358979,0.0523598775598299,2.44346095279206,0.023807953024778748,0.03497676511920045,0.01485534597582915
0.698131700797732,3.14159265358979,0.0698131700797732,2.44346095279206,0.02356333371616325,0.0348489018125425,0.014973076201108649
0.698131700797732,3.14159265358979,0.0872664625997165,2.44346095279206,0.023274012542441,0.0346125718458747,0.01494120448523185
0.698131700797732,3.14159265358979,0.10471975511966,2.44346095279206,0.02324395606558555,0.034505585908555,0.0149018308836113
0.698131700797732,3.14159265358979,0.122173047639603,2.44346095279206,0.0232527608433135,0.03465082818300155,0.0148769561567569
0.698131700797732,3.14159265358979,0.139626340159546,2.44346095279206,0.0233147810446879,0.034549626123820704,0.014699302729840349
0.698131700797732,3.14159265358979,0.15707963267949,2.44346095279206,0.0231555712483193,0.03456689633621595,0.014431359088801651
0.698131700797732,3.14159265358979,0.174532925199433,2.44346095279206,0.02316557148373725,0.034503679823998754,0.0144382886854521
0.698131700797732,3.14159265358979,0.191986217719376,2.44346095279206,0.023393162819843,0.034195599913955446,0.01450378586993625
0.698131700797732,3.14159265358979,0.20943951023932,2.44346095279206,0.02346131758186145,0.0341470944526813,0.0145146521973291
0.698131700797732,3.14159265358979,0.226892802759263,2.44346095279206,0.023286239934260752,0.03422653488745,0.0142815027629827
0.698131700797732,3.14159265358979,0.244346095279206,2.44346095279206,0.02306437130048985,0.03451408556851,0.01404041664636985
0.698131700797732,3.14159265358979,0.261799387799149,2.44346095279206,0.02320798032622355,0.03435841919241935,0.01428692740490525
0.698131700797732,3.14159265358979,0.279252680319093,2.44346095279206,0.02343194251282405,0.03423014407035045,0.01440874289241815
0.698131700797732,3.14159265358979,0.296705972839036,2.44346095279206,0.0236429087789952,0.034522352975830894,0.014362011867498449
0.698131700797732,3.14159265358979,0.314159265358979,2.44346095279206,0.02343964980236915,0.0344420583004742,0.0143903458147604
0.698131700797732,3.14159265358979,0.331612557878923,2.44346095279206,0.02342861377663255,0.034200162660249944,0.0143881649285421
0.698131700797732,3.14159265358979,0.349065850398866,2.44346095279206,0.0234299260104147,0.0340368759728837,0.0144048291726423
0.698131700797732,3.14159265358979,0.366519142918809,2.44346095279206,0.023413810681300003,0.0340366286784949,0.01453561906643485
0.698131700797732,3.14159265358979,0.383972435438752,2.44346095279206,0.023327935906982802,0.0340764981090156,0.014489041259782249
0.698131700797732,3.14159265358979,0.401425727958696,2.44346095279206,0.0231215938264055,0.03417238671735025,0.0143069687780233
0.698131700797732,3.14159265358979,0.418879020478639,2.44346095279206,0.02309412058180485,0.0341325701988155,0.0142129659933307
0.698131700797732,3.14159265358979,0.436332312998582,2.44346095279206,0.023205900899151997,0.03423913489590105,0.0141730695524198
0.698131700797732,3.14159265358979,0.453785605518526,2.44346095279206,0.02320301180088585,0.034361078165623296,0.01418929844918115
0.698131700797732,3.14159265358979,0.471238898038469,2.44346095279206,0.0232712573136051,0.034514328210335746,0.0143623468757082
0.698131700797732,3.14159265358979,0.488692190558412,2.44346095279206,0.02338900158210215,0.034452051404715106,0.014423217199437451
0.698131700797732,3.14159265358979,0.506145483078356,2.44346095279206,0.02327740243269595,0.03431346694356685,0.0143821670172161
0.698131700797732,3.14159265358979,0.523598775598299,2.44346095279206,0.0233646089632717,0.03449802620468685,0.0145963379588833
0.698131700797732,3.14159265358979,0.541052068118242,2.44346095279206,0.023299123618500547,0.03441541720292535,0.01466466517318565
0.698131700797732,3.14159265358979,0.558505360638185,2.44346095279206,0.02315387761750115,0.034707099256119756,0.01454006487591355
0.698131700797732,3.14159265358979,0.575958653158129,2.44346095279206,0.02327177959921395,0.03501982626671145,0.01450515949193355
0.698131700797732,3.14159265358979,0.593411945678072,2.44346095279206,0.02362662119275715,0.035135069290520196,0.01443603148368075
0.698131700797732,3.14159265358979,0.610865238198015,2.44346095279206,0.0236700622609674,0.0347244988577664,0.0145325166152841
0.698131700797732,3.14159265358979,0.628318530717959,2.44346095279206,0.02374307237062875,0.0345803924575144,0.01460793907959875
0.698131700797732,3.14159265358979,0.645771823237902,2.44346095279206,0.0236814581783604,0.0345647200267185,0.01456050363439935
0.698131700797732,3.14159265358979,0.663225115757845,2.44346095279206,0.023437341469782748,0.0346314981200969,0.01426300164181345
0.698131700797732,3.14159265358979,0.680678408277788,2.44346095279206,0.023062998761034098,0.03479349129783385,0.013876880520191249
0.698131700797732,3.14159265358979,0.698131700797732,2.44346095279206,0.02281501610717805,0.034682322594809745,0.01398336512153555
0.698131700797732,3.14159265358979,0.715584993317675,2.44346095279206,0.022720376176045498,0.034541946374931104,0.0143109440921536
0.698131700797732,3.14159265358979,0.733038285837618,2.44346095279206,0.022714822854255752,0.0345746860708935,0.0145742792750257
0.698131700797732,3.14159265358979,0.750491578357562,2.44346095279206,0.023021766668405053,0.0346879896466676,0.0146168474578172
0.698131700797732,3.14159265358979,0.767944870877505,2.44346095279206,0.02303425346346835,0.03481268702446795,0.01484054491193745
0.698131700797732,3.14159265358979,0.785398163397448,2.44346095279206,0.022900533804481052,0.034883403561908305,0.014950312355022699
0.698131700797732,3.14159265358979,0.802851455917391,2.44346095279206,0.023145023878879248,0.03473669552072535,0.01463102803550085
0.698131700797732,3.14159265358979,0.820304748437335,2.44346095279206,0.0235690927267065,0.034572620114987504,0.014473592246925
0.698131700797732,3.14159265358979,0.837758040957278,2.44346095279206,0.02375536350010695,0.0345667861500195,0.0141081306799305
0.698131700797732,3.14159265358979,0.855211333477221,2.44346095279206,0.0236852056188014,0.03493404233659575,0.0142543038116228
0.698131700797732,3.14159265358979,0.872664625997165,2.44346095279206,0.02385582472280945,0.0352423498794294,0.01450257246729865
0.698131700797732,3.14159265358979,0.890117918517108,2.44346095279206,0.0239173749365204,0.034986535659743495,0.014405493841920351
0.698131700797732,3.14159265358979,0.907571211037051,2.44346095279206,0.02356693583215485,0.034725606901008996,0.0140665571040922
0.698131700797732,3.14159265358979,0.925024503556995,2.44346095279206,0.0236244273868276,0.034437833047689145,0.01460232535164895
0.698131700797732,3.14159265358979,0.942477796076938,2.44346095279206,0.023400739298415803,0.034553615878035654,0.014735273167580349
0.698131700797732,3.14159265358979,0.959931088596881,2.44346095279206,0.0233697921306538,0.03451631722646075,0.0146046120052047
0.698131700797732,3.14159265358979,0.977384381116825,2.44346095279206,0.02320418833939985,0.0341465945091179,0.014865306032819
0.698131700797732,3.14159265358979,0.994837673636768,2.44346095279206,0.02344751276634105,0.034582042327780546,0.0145071895517049
0.698131700797732,3.14159265358979,1.01229096615671,2.44346095279206,0.0235059826813964,0.0346567346625849,0.014106512965737249
0.698131700797732,3.14159265358979,1.02974425867665,2.44346095279206,0.02326339725164015,0.03447837918124815,0.01463303581414005
0.698131700797732,3.14159265358979,1.0471975511966,2.44346095279206,0.0234876612695934,0.034203719369525445,0.01409078392193845
0.698131700797732,3.14159265358979,1.06465084371654,2.44346095279206,0.023510356133528552,0.0340574828679949,0.01398301676032585
0.698131700797732,3.14159265358979,1.08210413623648,2.44346095279206,0.0237780562308156,0.03397076645203505,0.013810561902385051
0.698131700797732,3.14159265358979,1.09955742875643,2.44346095279206,0.0235081221923436,0.03397049050150895,0.01384995088328605
0.698131700797732,3.14159265358979,1.11701072127637,2.44346095279206,0.0232743637512162,0.03352696903208735,0.01410673905382595
0.698131700797732,3.14159265358979,1.13446401379631,2.44346095279206,0.02302076370825845,0.03347756037286445,0.0143582321034556
0.698131700797732,3.14159265358979,1.15191730631626,2.44346095279206,0.02292945509142955,0.0332807239573003,0.0144534703695916
0.698131700797732,3.14159265358979,1.1693705988362,2.44346095279206,0.022703072654434803,0.03312856505823365,0.01428353250895895
0.698131700797732,3.14159265358979,1.18682389135614,2.44346095279206,0.02273911743376665,0.03307214209833495,0.01413577728982365
0.698131700797732,3.14159265358979,1.20427718387609,2.44346095279206,0.0225261608520995,0.03306835850114245,0.013804369078988351
0.698131700797732,3.14159265358979,1.22173047639603,2.44346095279206,0.0224067254999308,0.0329599694866899,0.01359875538022915
0.698131700797732,3.14159265358979,1.23918376891597,2.44346095279206,0.02257376078407595,0.032414485706152296,0.013653049382478851
0.698131700797732,3.14159265358979,1.25663706143592,2.44346095279206,0.0224505410801181,0.0323574483280549,0.013644855645757549
0.698131700797732,3.14159265358979,1.27409035395586,2.44346095279206,0.02265002232046545,0.031950367197989604,0.0134831506816929
0.698131700797732,3.14159265358979,1.2915436464758,2.44346095279206,0.0223203589831511,0.0319601049125264,0.01370364559309735
0.698131700797732,3.14159265358979,1.30899693899575,2.44346095279206,0.02225647157963885,0.03070024922594155,0.0131625704861708
0.698131700797732,3.14159265358979,1.32645023151569,2.44346095279206,0.02115089249603775,0.0291290239057849,0.01244261169409435
0.698131700797732,3.14159265358979,1.34390352403563,2.44346095279206,0.0196886198619335,0.026920111852612047,0.011553674811749699
0.698131700797732,3.14159265358979,1.36135681655558,2.44346095279206,0.018064193494204753,0.02513994679085315,0.010589664466314399
0.698131700797732,3.14159265358979,1.37881010907552,2.44346095279206,0.016550114463987547,0.0230329736055953,0.009784924554785955
0.698131700797732,3.14159265358979,1.39626340159546,2.44346095279206,0.015087398071810549,0.02087279820809615,0.008861678654611231
0.698131700797732,3.14159265358979,1.41371669411541,2.44346095279206,0.013578360215168499,0.01883150911653135,0.007933379783282235
0.698131700797732,3.14159265358979,1.43116998663535,2.44346095279206,0.01207913234170385,0.01666616740556115,0.007101074920722416
0.698131700797732,3.14159265358979,1.44862327915529,2.44346095279206,0.010527248928439401,0.014514522957047301,0.0062241084211319
0.698131700797732,3.14159265358979,1.46607657167524,2.44346095279206,0.009075289927176575,0.0124768564057986,0.005312749336616129
0.698131700797732,3.14159265358979,1.48352986419518,2.44346095279206,0.007558124685562636,0.010388440509338685,0.00444438739083188
0.698131700797732,3.14159265358979,1.50098315671512,2.44346095279206,0.006023101757109345,0.00837205900314811,0.00352170130218201
0.698131700797732,3.14159265358979,1.51843644923507,2.44346095279206,0.004524393257965305,0.006274415745995646,0.00264705545347217
0.698131700797732,3.14159265358979,1.53588974175501,2.44346095279206,0.0030162994327334047,0.004171105514808695,0.001771388055797645
0.698131700797732,3.14159265358979,1.55334303427495,2.44346095279206,0.0015075137905468249,0.0020881526413841353,0.0008818182200979325
0.698131700797732,3.14159265358979,1.5707963267949,2.44346095279206,-3.96144321001405e-06,-3.1160065631530274e-05,9.2066360268123e-06
0.698131700797732,3.14159265358979,0.0174532925199433,2.61799387799149,0.02340158095932755,0.0349116218836921,0.01428533013351925
0.698131700797732,3.14159265358979,0.0349065850398866,2.61799387799149,0.0235983513121466,0.03509438182407085,0.0143199795587219
0.698131700797732,3.14159265358979,0.0523598775598299,2.61799387799149,0.0237486850838648,0.03497305055706425,0.014668178444718
0.698131700797732,3.14159265358979,0.0698131700797732,2.61799387799149,0.0237207447795051,0.03487312476816465,0.0150984147441727
0.698131700797732,3.14159265358979,0.0872664625997165,2.61799387799149,0.023362487018493798,0.0345934372976158,0.01496003984029515
0.698131700797732,3.14159265358979,0.10471975511966,2.61799387799149,0.023146874972477798,0.0346015994777842,0.01472165420346465
0.698131700797732,3.14159265358979,0.122173047639603,2.61799387799149,0.0230421175055282,0.03461083420910395,0.0146474056073805
0.698131700797732,3.14159265358979,0.139626340159546,2.61799387799149,0.02289048788263505,0.03439838479178145,0.0145738206085168
0.698131700797732,3.14159265358979,0.15707963267949,2.61799387799149,0.0230793656916747,0.03472483727952385,0.0144809981358507
0.698131700797732,3.14159265358979,0.174532925199433,2.61799387799149,0.0230809390935614,0.0348071670794584,0.014695711048749852
0.698131700797732,3.14159265358979,0.191986217719376,2.61799387799149,0.02321633632394485,0.034634341799893706,0.0146941545084072
0.698131700797732,3.14159265358979,0.20943951023932,2.61799387799149,0.02327314450925185,0.0346634900593976,0.0147151007238463
0.698131700797732,3.14159265358979,0.226892802759263,2.61799387799149,0.02326562212559745,0.0345535102873738,0.01453463854227625
0.698131700797732,3.14159265358979,0.244346095279206,2.61799387799149,0.02314012352757035,0.034322002003952246,0.01446424209241555
0.698131700797732,3.14159265358979,0.261799387799149,2.61799387799149,0.023244760173939498,0.034354541983916145,0.0143991184851869
0.698131700797732,3.14159265358979,0.279252680319093,2.61799387799149,0.0233229130016111,0.0345138780427435,0.014194190662208901
0.698131700797732,3.14159265358979,0.296705972839036,2.61799387799149,0.02312676954824615,0.03442755609774225,0.01424712482404495
0.698131700797732,3.14159265358979,0.314159265358979,2.61799387799149,0.023023055798311452,0.0341571715887758,0.0143339834206721
0.698131700797732,3.14159265358979,0.331612557878923,2.61799387799149,0.0231580866965426,0.0340132960566601,0.014219611143449551
0.698131700797732,3.14159265358979,0.349065850398866,2.61799387799149,0.02314494117699405,0.034123904762684495,0.01416402924951415
0.698131700797732,3.14159265358979,0.366519142918809,2.61799387799149,0.02322991270428535,0.03446596591432375,0.0141783189431273
0.698131700797732,3.14159265358979,0.383972435438752,2.61799387799149,0.02332189628110675,0.034676254991118455,0.01428714388852265
0.698131700797732,3.14159265358979,0.401425727958696,2.61799387799149,0.02369303035533515,0.034567090643298395,0.0144849108324548
0.698131700797732,3.14159265358979,0.418879020478639,2.61799387799149,0.023716742494406952,0.0345101872440588,0.01459220661015095
0.698131700797732,3.14159265358979,0.436332312998582,2.61799387799149,0.02369068088342565,0.03444487728544485,0.01444059460769415
0.698131700797732,3.14159265358979,0.453785605518526,2.61799387799149,0.0237326511226945,0.0343267091731519,0.01427000908139945
0.698131700797732,3.14159265358979,0.471238898038469,2.61799387799149,0.0236334675355791,0.0342364718635729,0.01430945956353835
0.698131700797732,3.14159265358979,0.488692190558412,2.61799387799149,0.02340802697292835,0.03403122949174675,0.01447564734938245
0.698131700797732,3.14159265358979,0.506145483078356,2.61799387799149,0.02338206057574885,0.03397459151248805,0.01448025576173855
0.698131700797732,3.14159265358979,0.523598775598299,2.61799387799149,0.02379114165949955,0.034043124274011446,0.01481810509485065
0.698131700797732,3.14159265358979,0.541052068118242,2.61799387799149,0.0241691243108377,0.03460579827293375,0.0148451139210432
0.698131700797732,3.14159265358979,0.558505360638185,2.61799387799149,0.0240630898753504,0.03481956941567435,0.01447052405686125
0.698131700797732,3.14159265358979,0.575958653158129,2.61799387799149,0.023825592428570352,0.0348323118758625,0.0142831540440846
0.698131700797732,3.14159265358979,0.593411945678072,2.61799387799149,0.0237430593417652,0.0348332968552833,0.0140912247420321
0.698131700797732,3.14159265358979,0.610865238198015,2.61799387799149,0.023828016444597748,0.03500328124959115,0.01445923401079045
0.698131700797732,3.14159265358979,0.628318530717959,2.61799387799149,0.023968368049056048,0.035223269323148745,0.0147371292888585
0.698131700797732,3.14159265358979,0.645771823237902,2.61799387799149,0.02401794092098865,0.03482125137382875,0.01462390289857365
0.698131700797732,3.14159265358979,0.663225115757845,2.61799387799149,0.024104514663190753,0.03473508421224655,0.01443364228832455
0.698131700797732,3.14159265358979,0.680678408277788,2.61799387799149,0.0236269787303084,0.0346364283526512,0.0144380706962275
0.698131700797732,3.14159265358979,0.698131700797732,2.61799387799149,0.02319768942789345,0.03491262011744005,0.0143518901907068
0.698131700797732,3.14159265358979,0.715584993317675,2.61799387799149,0.0232167093424226,0.03500897177692175,0.0142618176940877
0.698131700797732,3.14159265358979,0.733038285837618,2.61799387799149,0.0231998663624712,0.0348799741637955,0.01443567052870525
0.698131700797732,3.14159265358979,0.750491578357562,2.61799387799149,0.023329414368849,0.035048898918036905,0.014522627080065
0.698131700797732,3.14159265358979,0.767944870877505,2.61799387799149,0.0233776119227053,0.035225456321367796,0.0146699953416476
0.698131700797732,3.14159265358979,0.785398163397448,2.61799387799149,0.0236465887339409,0.03510976451561635,0.014593729433955
0.698131700797732,3.14159265358979,0.802851455917391,2.61799387799149,0.02379142532712725,0.03501157226578805,0.014338005789736749
0.698131700797732,3.14159265358979,0.820304748437335,2.61799387799149,0.02389267146994655,0.03522509783839205,0.014199783024300701
0.698131700797732,3.14159265358979,0.837758040957278,2.61799387799149,0.02414304774509355,0.03539621218308105,0.0144521495589782
0.698131700797732,3.14159265358979,0.855211333477221,2.61799387799149,0.02404677271487715,0.035586933616833294,0.01464636148555085
0.698131700797732,3.14159265358979,0.872664625997165,2.61799387799149,0.024025083252118197,0.035561496148798,0.014696647331908001
0.698131700797732,3.14159265358979,0.890117918517108,2.61799387799149,0.02407136396819965,0.0355318616404293,0.0146686592619485
0.698131700797732,3.14159265358979,0.907571211037051,2.61799387799149,0.0240564149297633,0.035512778005027196,0.0150590147045612
0.698131700797732,3.14159265358979,0.925024503556995,2.61799387799149,0.024172983954800747,0.03505254286141525,0.01461833956060685
0.698131700797732,3.14159265358979,0.942477796076938,2.61799387799149,0.023524927711513148,0.0351723201889945,0.01462398295575765
0.698131700797732,3.14159265358979,0.959931088596881,2.61799387799149,0.02337338440824695,0.035355147978368445,0.0142404081228432
0.698131700797732,3.14159265358979,0.977384381116825,2.61799387799149,0.023670230223244902,0.035307242434716904,0.0140942183207876
0.698131700797732,3.14159265358979,0.994837673636768,2.61799387799149,0.0237824395272027,0.03508205719945325,0.01440858006047085
0.698131700797732,3.14159265358979,1.01229096615671,2.61799387799149,0.023483256204940052,0.03530534305531565,0.01456985775241735
0.698131700797732,3.14159265358979,1.02974425867665,2.61799387799149,0.0234759509735999,0.035223706255908246,0.015286172695669599
0.698131700797732,3.14159265358979,1.0471975511966,2.61799387799149,0.02374102911503325,0.0349183822552325,0.01532595710671345
0.698131700797732,3.14159265358979,1.06465084371654,2.61799387799149,0.0236619368772789,0.0345794854993977,0.01576238981833895
0.698131700797732,3.14159265358979,1.08210413623648,2.61799387799149,0.023520566319693452,0.034641650096361803,0.0156498981723867
0.698131700797732,3.14159265358979,1.09955742875643,2.61799387799149,0.023350497303821,0.03455513059937425,0.0152682841823776
0.698131700797732,3.14159265358979,1.11701072127637,2.61799387799149,0.0232602653435948,0.03434605070575165,0.015277834039928401
0.698131700797732,3.14159265358979,1.13446401379631,2.61799387799149,0.023356752309590202,0.034215856655373605,0.015145408397852101
0.698131700797732,3.14159265358979,1.15191730631626,2.61799387799149,0.0236932860046071,0.0341491990866372,0.01525511067201445
0.698131700797732,3.14159265358979,1.1693705988362,2.61799387799149,0.0230448992144247,0.033654863371560345,0.01528142583741785
0.698131700797732,3.14159265358979,1.18682389135614,2.61799387799149,0.0230534927430746,0.03356462800180965,0.0153722954437887
0.698131700797732,3.14159265358979,1.20427718387609,2.61799387799149,0.022782070476162,0.0335426268788458,0.01522760952171305
0.698131700797732,3.14159265358979,1.22173047639603,2.61799387799149,0.022427399643964452,0.0332841924978822,0.01522957339836895
0.698131700797732,3.14159265358979,1.23918376891597,2.61799387799149,0.02207181814840945,0.0331926529572201,0.01483660745925525
0.698131700797732,3.14159265358979,1.25663706143592,2.61799387799149,0.022018758760086903,0.033194255806471756,0.0150472736545024
0.698131700797732,3.14159265358979,1.27409035395586,2.61799387799149,0.02163228887759085,0.0331420750913593,0.0147036238973466
0.698131700797732,3.14159265358979,1.2915436464758,2.61799387799149,0.02181366620593525,0.033100767213365245,0.014997833748457048
0.698131700797732,3.14159265358979,1.30899693899575,2.61799387799149,0.02137069738945745,0.0323576148763466,0.014579896353386
0.698131700797732,3.14159265358979,1.32645023151569,2.61799387799149,0.0200540368817896,0.03055975078320855,0.0138086904315269
0.698131700797732,3.14159265358979,1.34390352403563,2.61799387799149,0.01869754062133325,0.0284141439102968,0.0128046314048158
0.698131700797732,3.14159265358979,1.36135681655558,2.61799387799149,0.01719382609669255,0.0262363845990972,0.011970732879361401
0.698131700797732,3.14159265358979,1.37881010907552,2.61799387799149,0.01587318974959225,0.0240246315679302,0.0108256736239166
0.698131700797732,3.14159265358979,1.39626340159546,2.61799387799149,0.01433131892390075,0.0218437817877822,0.00989350811782161
0.698131700797732,3.14159265358979,1.41371669411541,2.61799387799149,0.0129083843444505,0.019657908269607352,0.00890926124161236
0.698131700797732,3.14159265358979,1.43116998663535,2.61799387799149,0.0114594195607453,0.01746368737156985,0.00789405490415516
0.698131700797732,3.14159265358979,1.44862327915529,2.61799387799149,0.010047941070601661,0.0152990121574094,0.006925177095407195
0.698131700797732,3.14159265358979,1.46607657167524,2.61799387799149,0.008590847845746201,0.01312807078521095,0.006042390803897955
0.698131700797732,3.14159265358979,1.48352986419518,2.61799387799149,0.007194078693969095,0.010935468235584,0.004953311366272729
0.698131700797732,3.14159265358979,1.50098315671512,2.61799387799149,0.0057318920539167605,0.00874157841202796,0.00397457850391679
0.698131700797732,3.14159265358979,1.51843644923507,2.61799387799149,0.00430206664829796,0.006546686392204746,0.002970670292818625
0.698131700797732,3.14159265358979,1.53588974175501,2.61799387799149,0.002866076215135925,0.0043665944318650556,0.00197194661623611
0.698131700797732,3.14159265358979,1.55334303427495,2.61799387799149,0.00143157335743567,0.0021831374317107946,0.0009951191352244124
0.698131700797732,3.14159265358979,1.5707963267949,2.61799387799149,0.0008108577049819061,0.001223138800548545,0.0005318117412897415
0.698131700797732,3.14159265358979,0.0174532925199433,2.79252680319093,0.023407771478603748,0.0349015611076035,0.01421162018842455
0.698131700797732,3.14159265358979,0.0349065850398866,2.79252680319093,0.02350963009091325,0.034959000624411304,0.0142688137629075
0.698131700797732,3.14159265358979,0.0523598775598299,2.79252680319093,0.0236708186574925,0.034900384431488546,0.01443344220754015
0.698131700797732,3.14159265358979,0.0698131700797732,2.79252680319093,0.0235162717480209,0.03464999676317235,0.01471893556757805
0.698131700797732,3.14159265358979,0.0872664625997165,2.79252680319093,0.023352621788275102,0.0343945406159571,0.014746301745719451
0.698131700797732,3.14159265358979,0.10471975511966,2.79252680319093,0.0233110798214345,0.034355859380557796,0.0145103408619883
0.698131700797732,3.14159265358979,0.122173047639603,2.79252680319093,0.02322545995341435,0.03453620000916965,0.014325427564585099
0.698131700797732,3.14159265358979,0.139626340159546,2.79252680319093,0.0230726494280677,0.03458835777637785,0.01427110906095645
0.698131700797732,3.14159265358979,0.15707963267949,2.79252680319093,0.02306651593049755,0.034672157357676245,0.0144710122903466
0.698131700797732,3.14159265358979,0.174532925199433,2.79252680319093,0.02316482179626355,0.03459803226702335,0.01459985617851225
0.698131700797732,3.14159265358979,0.191986217719376,2.79252680319093,0.0231537417526433,0.03431343458559155,0.014553869495656301
0.698131700797732,3.14159265358979,0.20943951023932,2.79252680319093,0.0229620932013294,0.034212949189551,0.0146695054946865
0.698131700797732,3.14159265358979,0.226892802759263,2.79252680319093,0.022900198667474052,0.0343686182412732,0.01472675907766135
0.698131700797732,3.14159265358979,0.244346095279206,2.79252680319093,0.02286187238992785,0.03436035462768585,0.01460529356031745
0.698131700797732,3.14159265358979,0.261799387799149,2.79252680319093,0.02299166622249965,0.0343436168742229,0.01459304317058015
0.698131700797732,3.14159265358979,0.279252680319093,2.79252680319093,0.02310640846879375,0.034450870346707296,0.01459247669352675
0.698131700797732,3.14159265358979,0.296705972839036,2.79252680319093,0.0231983184080633,0.03436165453400945,0.01439428123445745
0.698131700797732,3.14159265358979,0.314159265358979,2.79252680319093,0.02315543405583915,0.03448219199681005,0.01411618874852095
0.698131700797732,3.14159265358979,0.331612557878923,2.79252680319093,0.0233562496998625,0.0345125494359044,0.014120045380405299
0.698131700797732,3.14159265358979,0.349065850398866,2.79252680319093,0.0235285966231798,0.034572371523800396,0.0142225952512908
0.698131700797732,3.14159265358979,0.366519142918809,2.79252680319093,0.023800795972637047,0.034668590911334354,0.0143369211757001
0.698131700797732,3.14159265358979,0.383972435438752,2.79252680319093,0.023758903729424602,0.03466221520072735,0.0143319107536152
0.698131700797732,3.14159265358979,0.401425727958696,2.79252680319093,0.0236115227653999,0.03451223072920365,0.0142389351984411
0.698131700797732,3.14159265358979,0.418879020478639,2.79252680319093,0.0236394305862532,0.0346484224980926,0.01436329678348
0.698131700797732,3.14159265358979,0.436332312998582,2.79252680319093,0.02375910251662465,0.0349205380453976,0.01436937103672575
0.698131700797732,3.14159265358979,0.453785605518526,2.79252680319093,0.02385252784666005,0.035164217560793354,0.0143367229275067
0.698131700797732,3.14159265358979,0.471238898038469,2.79252680319093,0.0239260673186104,0.03516936153642195,0.01429839570799595
0.698131700797732,3.14159265358979,0.488692190558412,2.79252680319093,0.023930463199464902,0.0350003609249103,0.0140095927109339
0.698131700797732,3.14159265358979,0.506145483078356,2.79252680319093,0.0237149511861573,0.0349306087183333,0.0137032151340525
0.698131700797732,3.14159265358979,0.523598775598299,2.79252680319093,0.023856889802645852,0.035098113424269495,0.0136612026556539
0.698131700797732,3.14159265358979,0.541052068118242,2.79252680319093,0.0243945690829422,0.035044410330117196,0.0139701718071006
0.698131700797732,3.14159265358979,0.558505360638185,2.79252680319093,0.0245940869686962,0.0351916929884004,0.014295324370542751
0.698131700797732,3.14159265358979,0.575958653158129,2.79252680319093,0.02460643999857315,0.035591292689157755,0.0146258107078751
0.698131700797732,3.14159265358979,0.593411945678072,2.79252680319093,0.024530077056064352,0.035437781002069346,0.01480546796728575
0.698131700797732,3.14159265358979,0.610865238198015,2.79252680319093,0.0245828995491777,0.03536755592967105,0.01493004942767135
0.698131700797732,3.14159265358979,0.628318530717959,2.79252680319093,0.0248659422693363,0.0352817242432779,0.0146277441877664
0.698131700797732,3.14159265358979,0.645771823237902,2.79252680319093,0.0249331418438746,0.03532228035654565,0.0147992885054248
0.698131700797732,3.14159265358979,0.663225115757845,2.79252680319093,0.02517832996524565,0.035289444012799154,0.014828707124183448
0.698131700797732,3.14159265358979,0.680678408277788,2.79252680319093,0.02531130093529025,0.035289543391793604,0.014842712520478502
0.698131700797732,3.14159265358979,0.698131700797732,2.79252680319093,0.025364847435313802,0.03548104138981775,0.01499283105411435
0.698131700797732,3.14159265358979,0.715584993317675,2.79252680319093,0.0253639472388308,0.0355387288957614,0.015314384692047898
0.698131700797732,3.14159265358979,0.733038285837618,2.79252680319093,0.025238841364516,0.0355600197155018,0.01519138305999725
0.698131700797732,3.14159265358979,0.750491578357562,2.79252680319093,0.0249456807031711,0.0355500634509352,0.01482179238171815
0.698131700797732,3.14159265358979,0.767944870877505,2.79252680319093,0.02473619263932845,0.035456937996391547,0.014696863258483552
0.698131700797732,3.14159265358979,0.785398163397448,2.79252680319093,0.02462496506574785,0.0352635498084121,0.014991699885960351
0.698131700797732,3.14159265358979,0.802851455917391,2.79252680319093,0.0244377313944037,0.035138026858622246,0.01492771967081955
0.698131700797732,3.14159265358979,0.820304748437335,2.79252680319093,0.02428351310359755,0.0350688941321619,0.014340480463603051
0.698131700797732,3.14159265358979,0.837758040957278,2.79252680319093,0.02421975476213625,0.035282735753835504,0.01430100285142805
0.698131700797732,3.14159265358979,0.855211333477221,2.79252680319093,0.0243338701158506,0.03523994607201145,0.01470083389402065
0.698131700797732,3.14159265358979,0.872664625997165,2.79252680319093,0.0246141394892075,0.034985718698251,0.01473881487973995
0.698131700797732,3.14159265358979,0.890117918517108,2.79252680319093,0.02466525024306595,0.03537055200346145,0.01475783088933465
0.698131700797732,3.14159265358979,0.907571211037051,2.79252680319093,0.0247108337880501,0.03574747502302335,0.01485448362480935
0.698131700797732,3.14159265358979,0.925024503556995,2.79252680319093,0.0245253992089567,0.0351887093103278,0.0147744481959955
0.698131700797732,3.14159265358979,0.942477796076938,2.79252680319093,0.02456155185306345,0.0349481517254989,0.01463680359024065
0.698131700797732,3.14159265358979,0.959931088596881,2.79252680319093,0.0245368025295476,0.0349893304526094,0.0145599203486069
0.698131700797732,3.14159265358979,0.977384381116825,2.79252680319093,0.02444308533807745,0.0351819335811317,0.014681854224022649
0.698131700797732,3.14159265358979,0.994837673636768,2.79252680319093,0.02424542078618525,0.03514998759161795,0.0150060234701733
0.698131700797732,3.14159265358979,1.01229096615671,2.79252680319093,0.02388408821636135,0.03488106042770525,0.015461391983368898
0.698131700797732,3.14159265358979,1.02974425867665,2.79252680319093,0.02375450489084435,0.034579891675999244,0.01554462193972695
0.698131700797732,3.14159265358979,1.0471975511966,2.79252680319093,0.02366708816993835,0.03444579541014635,0.0150970589406819
0.698131700797732,3.14159265358979,1.06465084371654,2.79252680319093,0.0238441920638371,0.0343149772427808,0.01456771686687505
0.698131700797732,3.14159265358979,1.08210413623648,2.79252680319093,0.0236103920805353,0.03418279408836815,0.014428784970430951
0.698131700797732,3.14159265358979,1.09955742875643,2.79252680319093,0.023460196985338702,0.03385987670074655,0.0145011098986004
0.698131700797732,3.14159265358979,1.11701072127637,2.79252680319093,0.02316909478836255,0.033682921267881194,0.014502585519215551
0.698131700797732,3.14159265358979,1.13446401379631,2.79252680319093,0.022780824197681397,0.03375807832287315,0.014573102787991399
0.698131700797732,3.14159265358979,1.15191730631626,2.79252680319093,0.0228251994466473,0.0335550745267503,0.014039722490880951
0.698131700797732,3.14159265358979,1.1693705988362,2.79252680319093,0.0225639186792743,0.03363866271462004,0.01435541533633785
0.698131700797732,3.14159265358979,1.18682389135614,2.79252680319093,0.022944248583758098,0.0335831134220448,0.014390913631345249
0.698131700797732,3.14159265358979,1.20427718387609,2.79252680319093,0.0228231284413982,0.0332032599559257,0.014255312903686299
0.698131700797732,3.14159265358979,1.22173047639603,2.79252680319093,0.0227775383803872,0.0327114758767783,0.01431518267762065
0.698131700797732,3.14159265358979,1.23918376891597,2.79252680319093,0.0230377758192938,0.032268698051300546,0.014480780705880152
0.698131700797732,3.14159265358979,1.25663706143592,2.79252680319093,0.02265805527695295,0.0322578983312099,0.01473536814174175
0.698131700797732,3.14159265358979,1.27409035395586,2.79252680319093,0.02295825222177965,0.03213256141997115,0.0145906064569656
0.698131700797732,3.14159265358979,1.2915436464758,2.79252680319093,0.022837897203936197,0.031889102159841046,0.0145490453155692
0.698131700797732,3.14159265358979,1.30899693899575,2.79252680319093,0.022175640072354202,0.03131256248834545,0.014406379672330601
0.698131700797732,3.14159265358979,1.32645023151569,2.79252680319093,0.02107218832267635,0.02973194898393185,0.0136790848088088
0.698131700797732,3.14159265358979,1.34390352403563,2.79252680319093,0.019384309833291,0.0277614766826196,0.012796993946807049
0.698131700797732,3.14159265358979,1.36135681655558,2.79252680319093,0.017839436022017402,0.0256356804870773,0.01182106811901995
0.698131700797732,3.14159265358979,1.37881010907552,2.79252680319093,0.0165463921340993,0.0233713364904356,0.0107542922834232
0.698131700797732,3.14159265358979,1.39626340159546,2.79252680319093,0.0149244506238029,0.021342677140001952,0.009836327696146214
0.698131700797732,3.14159265358979,1.41371669411541,2.79252680319093,0.013549569507173249,0.019100304747812,0.00878635002204468
0.698131700797732,3.14159265358979,1.43116998663535,2.79252680319093,0.01202531153368605,0.01700416458675165,0.007825554343586314
0.698131700797732,3.14159265358979,1.44862327915529,2.79252680319093,0.01042341755689085,0.01495896980361755,0.006897326950461585
0.698131700797732,3.14159265358979,1.46607657167524,2.79252680319093,0.009015018014943144,0.01275349952533505,0.005869692518120155
0.698131700797732,3.14159265358979,1.48352986419518,2.79252680319093,0.0075105647900454,0.01063120675182715,0.00489328225251404
0.698131700797732,3.14159265358979,1.50098315671512,2.79252680319093,0.005952483316086935,0.00854904447012038,0.0039421949334087995
0.698131700797732,3.14159265358979,1.51843644923507,2.79252680319093,0.004485295540939505,0.00639382963124912,0.002945572832966935
0.698131700797732,3.14159265358979,1.53588974175501,2.79252680319093,0.003002315533123585,0.00425269367805901,0.001957582137558635
0.698131700797732,3.14159265358979,1.55334303427495,2.79252680319093,0.00149352345639577,0.0021291437170623496,0.0009808816313700555
0.698131700797732,3.14159265358979,1.5707963267949,2.79252680319093,0.000952606782738895,0.00134439594043629,0.0006185549682298225
0.698131700797732,3.14159265358979,0.0174532925199433,2.96705972839036,0.02340802175999655,0.0348767153449971,0.014139960330997601
0.698131700797732,3.14159265358979,0.0349065850398866,2.96705972839036,0.023376654964705,0.0347988529913925,0.01424192910086575
0.698131700797732,3.14159265358979,0.0523598775598299,2.96705972839036,0.023477836947136302,0.0347632297347133,0.01442330986546435
0.698131700797732,3.14159265358979,0.0698131700797732,2.96705972839036,0.023248273768712698,0.03447334361107835,0.01454304501940065
0.698131700797732,3.14159265358979,0.0872664625997165,2.96705972839036,0.023164272224792,0.034421669581958705,0.0144309491397792
0.698131700797732,3.14159265358979,0.10471975511966,2.96705972839036,0.0232660487331987,0.03451106605686585,0.01444350316829195
0.698131700797732,3.14159265358979,0.122173047639603,2.96705972839036,0.0234044792392257,0.0344551902525188,0.014427281780370099
0.698131700797732,3.14159265358979,0.139626340159546,2.96705972839036,0.02336694244411735,0.034341647170377354,0.01435675196141935
0.698131700797732,3.14159265358979,0.15707963267949,2.96705972839036,0.0233735721665067,0.0342576991786154,0.0145229899434179
0.698131700797732,3.14159265358979,0.174532925199433,2.96705972839036,0.0234047739631668,0.03415075464567065,0.01447613956261495
0.698131700797732,3.14159265358979,0.191986217719376,2.96705972839036,0.0234065396874578,0.03422354529750065,0.014455330416295549
0.698131700797732,3.14159265358979,0.20943951023932,2.96705972839036,0.0231871681806705,0.034370577171674646,0.0144206839188275
0.698131700797732,3.14159265358979,0.226892802759263,2.96705972839036,0.023106030343848047,0.03439940323518145,0.01444898057595315
0.698131700797732,3.14159265358979,0.244346095279206,2.96705972839036,0.023042979123466,0.0344900503623982,0.014340679218827701
0.698131700797732,3.14159265358979,0.261799387799149,2.96705972839036,0.0231672578278483,0.034582613104001556,0.014186333811213401
0.698131700797732,3.14159265358979,0.279252680319093,2.96705972839036,0.02334097788050895,0.0346830551350333,0.0141682042229636
0.698131700797732,3.14159265358979,0.296705972839036,2.96705972839036,0.02334663636419665,0.03454834358033115,0.01414312176453415
0.698131700797732,3.14159265358979,0.314159265358979,2.96705972839036,0.023467104805735703,0.03449294729970135,0.014031477230993399
0.698131700797732,3.14159265358979,0.331612557878923,2.96705972839036,0.0233982535708931,0.034640348099142695,0.0140836941698076
0.698131700797732,3.14159265358979,0.349065850398866,2.96705972839036,0.023217031496005798,0.03483329793865875,0.0141850212564567
0.698131700797732,3.14159265358979,0.366519142918809,2.96705972839036,0.0233469007781563,0.03506794139167755,0.01412809517740255
0.698131700797732,3.14159265358979,0.383972435438752,2.96705972839036,0.023445012626011,0.0350320600809118,0.014062232949992301
0.698131700797732,3.14159265358979,0.401425727958696,2.96705972839036,0.023674225192697,0.0351843501250451,0.0143950123978193
0.698131700797732,3.14159265358979,0.418879020478639,2.96705972839036,0.0239593228431611,0.0355530680850903,0.014686430024609651
0.698131700797732,3.14159265358979,0.436332312998582,2.96705972839036,0.02404850153358205,0.0358778629850007,0.0146298202035116
0.698131700797732,3.14159265358979,0.453785605518526,2.96705972839036,0.0239968602532459,0.03586719234346955,0.0144880441903675
0.698131700797732,3.14159265358979,0.471238898038469,2.96705972839036,0.0239819114279936,0.0357266544078958,0.01457924694007115
0.698131700797732,3.14159265358979,0.488692190558412,2.96705972839036,0.0240934296442018,0.035630010531082654,0.01470674418583
0.698131700797732,3.14159265358979,0.506145483078356,2.96705972839036,0.024194197499757,0.035825666481458296,0.0147925675252287
0.698131700797732,3.14159265358979,0.523598775598299,2.96705972839036,0.0241480560759618,0.0361416673463397,0.01494109271499685
0.698131700797732,3.14159265358979,0.541052068118242,2.96705972839036,0.024114532345807002,0.03630024963506455,0.0148631598756201
0.698131700797732,3.14159265358979,0.558505360638185,2.96705972839036,0.024338872811725448,0.03630589491556075,0.01458398731872335
0.698131700797732,3.14159265358979,0.575958653158129,2.96705972839036,0.02460986599773335,0.036163205456328396,0.014525295309859399
0.698131700797732,3.14159265358979,0.593411945678072,2.96705972839036,0.024901058844263947,0.0361424313116407,0.014687006433966698
0.698131700797732,3.14159265358979,0.610865238198015,2.96705972839036,0.02521495643569565,0.036384443227540905,0.014569999757276401
0.698131700797732,3.14159265358979,0.628318530717959,2.96705972839036,0.0250860543401872,0.03641321077109505,0.014459422736444901
0.698131700797732,3.14159265358979,0.645771823237902,2.96705972839036,0.02490147607164745,0.036312049595458404,0.01440363236722535
0.698131700797732,3.14159265358979,0.663225115757845,2.96705972839036,0.025169419441596202,0.03638274245045215,0.014155255398371699
0.698131700797732,3.14159265358979,0.680678408277788,2.96705972839036,0.025563992672676603,0.036650273959642946,0.01420064604995845
0.698131700797732,3.14159265358979,0.698131700797732,2.96705972839036,0.02566483268313225,0.036655782932308645,0.014353441449498749
0.698131700797732,3.14159265358979,0.715584993317675,2.96705972839036,0.0254410030061404,0.03639982265249915,0.01445601930046035
0.698131700797732,3.14159265358979,0.733038285837618,2.96705972839036,0.025415181072850998,0.0363239055740133,0.01479526571258995
0.698131700797732,3.14159265358979,0.750491578357562,2.96705972839036,0.025468434422532098,0.036359119663871856,0.0150483950337893
0.698131700797732,3.14159265358979,0.767944870877505,2.96705972839036,0.02556560774574515,0.03623801902337325,0.014902305436020901
0.698131700797732,3.14159265358979,0.785398163397448,2.96705972839036,0.02588457590253205,0.03636839652024325,0.01467821110523275
0.698131700797732,3.14159265358979,0.802851455917391,2.96705972839036,0.025830220229783,0.03631025652247795,0.0149061415715208
0.698131700797732,3.14159265358979,0.820304748437335,2.96705972839036,0.025533725089049747,0.0362605199688857,0.0149438619600392
0.698131700797732,3.14159265358979,0.837758040957278,2.96705972839036,0.0251122011608805,0.0362233626179013,0.01471451175891985
0.698131700797732,3.14159265358979,0.855211333477221,2.96705972839036,0.02509603683876335,0.03619833846384825,0.014467671855420049
0.698131700797732,3.14159265358979,0.872664625997165,2.96705972839036,0.025242247476589152,0.036263507546083706,0.01424231461228085
0.698131700797732,3.14159265358979,0.890117918517108,2.96705972839036,0.025428078580554347,0.035931265763672005,0.014287790011255248
0.698131700797732,3.14159265358979,0.907571211037051,2.96705972839036,0.02551554481112785,0.035723305715577094,0.0146777118926796
0.698131700797732,3.14159265358979,0.925024503556995,2.96705972839036,0.0257174240181888,0.0357903986685871,0.0146783194372846
0.698131700797732,3.14159265358979,0.942477796076938,2.96705972839036,0.02547646309920265,0.0355285079034805,0.01466917096365835
0.698131700797732,3.14159265358979,0.959931088596881,2.96705972839036,0.02501326022163705,0.0353280303536719,0.01464629084084745
0.698131700797732,3.14159265358979,0.977384381116825,2.96705972839036,0.02445004824397015,0.03528712656664085,0.01472164519608285
0.698131700797732,3.14159265358979,0.994837673636768,2.96705972839036,0.0238439528263977,0.0354079158837704,0.01504033646518965
0.698131700797732,3.14159265358979,1.01229096615671,2.96705972839036,0.023713312115265048,0.03518614221129725,0.01504394995361985
0.698131700797732,3.14159265358979,1.02974425867665,2.96705972839036,0.02416206191314035,0.035032923041775396,0.0144760019708073
0.698131700797732,3.14159265358979,1.0471975511966,2.96705972839036,0.024626992077951,0.0349637966013614,0.0140264539371984
0.698131700797732,3.14159265358979,1.06465084371654,2.96705972839036,0.02466752813329155,0.035308959038243354,0.01407767418308415
0.698131700797732,3.14159265358979,1.08210413623648,2.96705972839036,0.024495270291598453,0.03540452839611015,0.014546911248526601
0.698131700797732,3.14159265358979,1.09955742875643,2.96705972839036,0.024102068232068702,0.035037727470341395,0.014491424511291099
0.698131700797732,3.14159265358979,1.11701072127637,2.96705972839036,0.02421136178895835,0.034449848837831795,0.01430446908233385
0.698131700797732,3.14159265358979,1.13446401379631,2.96705972839036,0.0239758382234879,0.0343374768936842,0.0141566856113854
0.698131700797732,3.14159265358979,1.15191730631626,2.96705972839036,0.0239944928611447,0.0340799645970278,0.01406640015042415
0.698131700797732,3.14159265358979,1.1693705988362,2.96705972839036,0.02425382866090935,0.0342947806080862,0.01400863203117685
0.698131700797732,3.14159265358979,1.18682389135614,2.96705972839036,0.02411166173193305,0.0343164959238894,0.0139539956055905
0.698131700797732,3.14159265358979,1.20427718387609,2.96705972839036,0.02411538447831485,0.03402519914206045,0.013789808743325
0.698131700797732,3.14159265358979,1.22173047639603,2.96705972839036,0.0240645550678817,0.03367035200040165,0.013654127907207301
0.698131700797732,3.14159265358979,1.23918376891597,2.96705972839036,0.023937508720554397,0.033548799685544695,0.01345955758066555
0.698131700797732,3.14159265358979,1.25663706143592,2.96705972839036,0.02398037480528245,0.0334688101972595,0.0131854486608547
0.698131700797732,3.14159265358979,1.27409035395586,2.96705972839036,0.024016399465381248,0.0332375156422915,0.01324720443759995
0.698131700797732,3.14159265358979,1.2915436464758,2.96705972839036,0.024167149841704448,0.0329585706914254,0.01367641143149605
0.698131700797732,3.14159265358979,1.30899693899575,2.96705972839036,0.02395419825901405,0.032850580050432204,0.01368189673478815
0.698131700797732,3.14159265358979,1.32645023151569,2.96705972839036,0.02235969977493365,0.0307924039807947,0.0129042733571429
0.698131700797732,3.14159265358979,1.34390352403563,2.96705972839036,0.02064780154955895,0.028493008907671848,0.01198884466730005
0.698131700797732,3.14159265358979,1.36135681655558,2.96705972839036,0.018996260399079402,0.02623958357508565,0.01105470626535475
0.698131700797732,3.14159265358979,1.37881010907552,2.96705972839036,0.0173932990906785,0.02402378808730265,0.0101068289734816
0.698131700797732,3.14159265358979,1.39626340159546,2.96705972839036,0.01581891821260395,0.021830816269084702,0.009153585839467529
0.698131700797732,3.14159265358979,1.41371669411541,2.96705972839036,0.0143963595661555,0.01980390636505205,0.008269506109863335
0.698131700797732,3.14159265358979,1.43116998663535,2.96705972839036,0.012763501919190099,0.017583008680720852,0.00737285344235548
0.698131700797732,3.14159265358979,1.44862327915529,2.96705972839036,0.01111342064484145,0.015336256309169849,0.00645142301389529
0.698131700797732,3.14159265358979,1.46607657167524,2.96705972839036,0.009498643455010954,0.01311764469229285,0.005521838316394636
0.698131700797732,3.14159265358979,1.48352986419518,2.96705972839036,0.007909084026461686,0.01092001031197615,0.0045883540680271995
0.698131700797732,3.14159265358979,1.50098315671512,2.96705972839036,0.006333145326554429,0.008734975454088294,0.003655847287582075
0.698131700797732,3.14159265358979,1.51843644923507,2.96705972839036,0.004784402545198326,0.006586899365406925,0.0027532225492818254
0.698131700797732,3.14159265358979,1.53588974175501,2.96705972839036,0.003187989757668315,0.0043923267569400855,0.00184200183850162
0.698131700797732,3.14159265358979,1.55334303427495,2.96705972839036,0.00158628648770515,0.002188644873569175,0.000920230203208955
0.698131700797732,3.14159265358979,1.5707963267949,2.96705972839036,0.00102118197522326,0.0014100671218877652,0.0005939856003116405
0.698131700797732,3.14159265358979,0.0174532925199433,3.14159265358979,0.023403957805207348,0.0348404262782059,0.014073890911457401
0.698131700797732,3.14159265358979,0.0349065850398866,3.14159265358979,0.02322521211176025,0.03463167547970475,0.01422387737771965
0.698131700797732,3.14159265358979,0.0523598775598299,3.14159265358979,0.0232737211016492,0.034655042120881246,0.0144124772288073
0.698131700797732,3.14159265358979,0.0698131700797732,3.14159265358979,0.02289614445809445,0.034375956494213,0.0147026730688669
0.698131700797732,3.14159265358979,0.0872664625997165,3.14159265358979,0.0228621335514911,0.03437556962101215,0.014524403637972999
0.698131700797732,3.14159265358979,0.10471975511966,3.14159265358979,0.023047564040797552,0.0346366872655197,0.0144398300523133
0.698131700797732,3.14159265358979,0.122173047639603,3.14159265358979,0.02327698670963225,0.034366541953701105,0.0145385066969573
0.698131700797732,3.14159265358979,0.139626340159546,3.14159265358979,0.02334519408608155,0.034208492107897295,0.0146548739446692
0.698131700797732,3.14159265358979,0.15707963267949,3.14159265358979,0.02325399962246175,0.034207917546670547,0.0146682670131852
0.698131700797732,3.14159265358979,0.174532925199433,3.14159265358979,0.0231252374045261,0.0341630452306994,0.0143753780860979
0.698131700797732,3.14159265358979,0.191986217719376,3.14159265358979,0.02297941554800315,0.03397312260009615,0.0141017577426234
0.698131700797732,3.14159265358979,0.20943951023932,3.14159265358979,0.0230168160859522,0.034030480691130655,0.01418965916255
0.698131700797732,3.14159265358979,0.226892802759263,3.14159265358979,0.0229229330736591,0.03397585909201205,0.0143216812677056
0.698131700797732,3.14159265358979,0.244346095279206,3.14159265358979,0.02287854525386475,0.03414169520851175,0.0145148630154148
0.698131700797732,3.14159265358979,0.261799387799149,3.14159265358979,0.02296611380724855,0.0342517446827242,0.0145151678314413
0.698131700797732,3.14159265358979,0.279252680319093,3.14159265358979,0.0230758655219648,0.0343589354303349,0.0143233864923408
0.698131700797732,3.14159265358979,0.296705972839036,3.14159265358979,0.023019347304644548,0.0345574649003813,0.01442882648418235
0.698131700797732,3.14159265358979,0.314159265358979,3.14159265358979,0.02299762864296285,0.0344333912995977,0.0143196550870157
0.698131700797732,3.14159265358979,0.331612557878923,3.14159265358979,0.02319078849087375,0.03458184573243095,0.01407224117283855
0.698131700797732,3.14159265358979,0.349065850398866,3.14159265358979,0.02339594673982035,0.03447042070947645,0.01412195772605365
0.698131700797732,3.14159265358979,0.366519142918809,3.14159265358979,0.02375425197713785,0.0348534585846317,0.0144272028693129
0.698131700797732,3.14159265358979,0.383972435438752,3.14159265358979,0.02375966720850325,0.03483378718045445,0.014391422355470949
0.698131700797732,3.14159265358979,0.401425727958696,3.14159265358979,0.023985736562448248,0.035073694584518894,0.0144271274877155
0.698131700797732,3.14159265358979,0.418879020478639,3.14159265358979,0.023780987467107148,0.035184833302814245,0.01438077570662235
0.698131700797732,3.14159265358979,0.436332312998582,3.14159265358979,0.02374346333927215,0.035520448803631297,0.014320731718506
0.698131700797732,3.14159265358979,0.453785605518526,3.14159265358979,0.024109832322100053,0.03562392832453565,0.0141563985170282
0.698131700797732,3.14159265358979,0.471238898038469,3.14159265358979,0.0242452846266716,0.03571862644745365,0.0142868433060788
0.698131700797732,3.14159265358979,0.488692190558412,3.14159265358979,0.0244359168396365,0.0358048561226424,0.0142299034455682
0.698131700797732,3.14159265358979,0.506145483078356,3.14159265358979,0.024635760879951202,0.03610163777178395,0.01442949278763645
0.698131700797732,3.14159265358979,0.523598775598299,3.14159265358979,0.0245919451417936,0.0362867427691102,0.0148736201993496
0.698131700797732,3.14159265358979,0.541052068118242,3.14159265358979,0.0248288548153482,0.0366007358834457,0.0148564779861112
0.698131700797732,3.14159265358979,0.558505360638185,3.14159265358979,0.0248670790344655,0.036326543789619054,0.01476410138008325
0.698131700797732,3.14159265358979,0.575958653158129,3.14159265358979,0.024673219882318548,0.03656124159770245,0.0145705477297577
0.698131700797732,3.14159265358979,0.593411945678072,3.14159265358979,0.02523408624084435,0.03689126597175835,0.014447707514132699
0.698131700797732,3.14159265358979,0.610865238198015,3.14159265358979,0.0256093482924993,0.0367573209909129,0.0147558735188844
0.698131700797732,3.14159265358979,0.628318530717959,3.14159265358979,0.0254236638222997,0.03648436115518365,0.0151255184172244
0.698131700797732,3.14159265358979,0.645771823237902,3.14159265358979,0.0257467549677343,0.036684083363497655,0.01505915051211935
0.698131700797732,3.14159265358979,0.663225115757845,3.14159265358979,0.0260353218569728,0.03700726637955005,0.0149233796288924
0.698131700797732,3.14159265358979,0.680678408277788,3.14159265358979,0.0256827379784432,0.03740695519754765,0.0149828347210269
0.698131700797732,3.14159265358979,0.698131700797732,3.14159265358979,0.02543741661826745,0.03776936039084005,0.01525989526887735
0.698131700797732,3.14159265358979,0.715584993317675,3.14159265358979,0.0257111516342894,0.03769552816528475,0.01481633696167785
0.698131700797732,3.14159265358979,0.733038285837618,3.14159265358979,0.0261211159773464,0.037748779145665046,0.0145196090589143
0.698131700797732,3.14159265358979,0.750491578357562,3.14159265358979,0.0263156330709703,0.037487736211669356,0.0145720137714453
0.698131700797732,3.14159265358979,0.767944870877505,3.14159265358979,0.02648479141797935,0.0376622672780378,0.0148643643505471
0.698131700797732,3.14159265358979,0.785398163397448,3.14159265358979,0.026846784787612453,0.0380203595490191,0.0146573557438265
0.698131700797732,3.14159265358979,0.802851455917391,3.14159265358979,0.0271060344264596,0.038137054253486596,0.01474181939979105
0.698131700797732,3.14159265358979,0.820304748437335,3.14159265358979,0.02658335520793605,0.037630912024298455,0.014990072240700151
0.698131700797732,3.14159265358979,0.837758040957278,3.14159265358979,0.026529809999150798,0.0369606164971167,0.01505059220225145
0.698131700797732,3.14159265358979,0.855211333477221,3.14159265358979,0.026381847333324097,0.03686228626232735,0.015042425159699651
0.698131700797732,3.14159265358979,0.872664625997165,3.14159265358979,0.02583467081150235,0.037068218938971095,0.01483673499248435
0.698131700797732,3.14159265358979,0.890117918517108,3.14159265358979,0.02535676279577475,0.037283530629578746,0.014456643174323651
0.698131700797732,3.14159265358979,0.907571211037051,3.14159265358979,0.025739330022129747,0.03686753010738285,0.014451865295067399
0.698131700797732,3.14159265358979,0.925024503556995,3.14159265358979,0.0259752546518081,0.0367361470297143,0.013970707448942899
0.698131700797732,3.14159265358979,0.942477796076938,3.14159265358979,0.025321872012714297,0.0365188062712725,0.0135050038613399
0.698131700797732,3.14159265358979,0.959931088596881,3.14159265358979,0.024927076146423248,0.0365448578163919,0.01366058026715945
0.698131700797732,3.14159265358979,0.977384381116825,3.14159265358979,0.0254360171306358,0.0368648568301492,0.0139692657981135
0.698131700797732,3.14159265358979,0.994837673636768,3.14159265358979,0.0255970001956011,0.0365849595139782,0.014352458200493051
0.698131700797732,3.14159265358979,1.01229096615671,3.14159265358979,0.0256567061548486,0.036818646724086204,0.0142638239380866
0.698131700797732,3.14159265358979,1.02974425867665,3.14159265358979,0.025275825432523602,0.03660080489822275,0.01400492463866285
0.698131700797732,3.14159265358979,1.0471975511966,3.14159265358979,0.0251479275150581,0.0362324950951195,0.01384523946653945
0.698131700797732,3.14159265358979,1.06465084371654,3.14159265358979,0.02476136642099555,0.0359736786071455,0.0140580094001528
0.698131700797732,3.14159265358979,1.08210413623648,3.14159265358979,0.024886989890243,0.0355508674055044,0.014012429780207749
0.698131700797732,3.14159265358979,1.09955742875643,3.14159265358979,0.024716548134260052,0.03556660325916315,0.0141373084240346
0.698131700797732,3.14159265358979,1.11701072127637,3.14159265358979,0.024879120997041003,0.03567980197789315,0.01404960379500975
0.698131700797732,3.14159265358979,1.13446401379631,3.14159265358979,0.025094733804843852,0.0353530483492408,0.0140019707713053
0.698131700797732,3.14159265358979,1.15191730631626,3.14159265358979,0.024646145346850203,0.03570998309503155,0.014518966629465651
0.698131700797732,3.14159265358979,1.1693705988362,3.14159265358979,0.02401727744708455,0.03536312877579435,0.0148275136183899
0.698131700797732,3.14159265358979,1.18682389135614,3.14159265358979,0.0241548705455832,0.0352096790980551,0.01503490679300705
0.698131700797732,3.14159265358979,1.20427718387609,3.14159265358979,0.023909534419801648,0.03497212038861325,0.01483779988743085
0.698131700797732,3.14159265358979,1.22173047639603,3.14159265358979,0.023791024609061552,0.03492646041796155,0.014876100907843599
0.698131700797732,3.14159265358979,1.23918376891597,3.14159265358979,0.02356232197266835,0.034601425741871694,0.01499875121487225
0.698131700797732,3.14159265358979,1.25663706143592,3.14159265358979,0.023564558315834698,0.0343019943314635,0.014952514115847998
0.698131700797732,3.14159265358979,1.27409035395586,3.14159265358979,0.023495263427619602,0.03379678937928985,0.01484320004006675
0.698131700797732,3.14159265358979,1.2915436464758,3.14159265358979,0.02350341406906025,0.033544275358634995,0.01477529868568145
0.698131700797732,3.14159265358979,1.30899693899575,3.14159265358979,0.02344802732415115,0.03325004804572305,0.014716353332653049
0.698131700797732,3.14159265358979,1.32645023151569,3.14159265358979,0.021884825502541103,0.0310333781760082,0.0137352631104762
0.698131700797732,3.14159265358979,1.34390352403563,3.14159265358979,0.020321623680930948,0.028816708306293348,0.01275417288829935
0.698131700797732,3.14159265358979,1.36135681655558,3.14159265358979,0.0187584218593209,0.0266000384365784,0.01177308266612245
0.698131700797732,3.14159265358979,1.37881010907552,3.14159265358979,0.01719522003771085,0.0243833685668636,0.010791992443945589
0.698131700797732,3.14159265358979,1.39626340159546,3.14159265358979,0.01563201821610075,0.02216669869714875,0.009810902221768725
0.698131700797732,3.14159265358979,1.41371669411541,3.14159265358979,0.014068816394490698,0.019950028827433852,0.00882981199959184
0.698131700797732,3.14159265358979,1.43116998663535,3.14159265358979,0.012505614572880651,0.01773335895771895,0.00784872177741498
0.698131700797732,3.14159265358979,1.44862327915529,3.14159265358979,0.0109424127512705,0.0155166890880041,0.006867631555238095
0.698131700797732,3.14159265358979,1.46607657167524,3.14159265358979,0.009379210929660455,0.0133000192182892,0.005886541333061225
0.698131700797732,3.14159265358979,1.48352986419518,3.14159265358979,0.0078160091080504,0.01108334934857435,0.00490545111088436
0.698131700797732,3.14159265358979,1.50098315671512,3.14159265358979,0.006252807286440315,0.008866679478859479,0.00392436088870749
0.698131700797732,3.14159265358979,1.51843644923507,3.14159265358979,0.0046896054648302345,0.00665000960914461,0.00294327066653062
0.698131700797732,3.14159265358979,1.53588974175501,3.14159265358979,0.003126403643220165,0.00443333973942975,0.00196218044435375
0.698131700797732,3.14159265358979,1.55334303427495,3.14159265358979,0.00156320182161008,0.0022166698697148653,0.0009810902221768685
0.698131700797732,3.14159265358979,1.5707963267949,3.14159265358979,9.10729824887824e-18,1.0083080204115199e-17,3.0357660829594128e-18
0.698131700797732,3.14159265358979,0.0174532925199433,3.31612557878923,0.02336867519087115,0.03476516670857215,0.014079132786310799
0.698131700797732,3.14159265358979,0.0349065850398866,3.31612557878923,0.02321404931377375,0.0345274184580076,0.01420959846778165
0.698131700797732,3.14159265358979,0.0523598775598299,3.31612557878923,0.0232632317239725,0.0345416929187754,0.01443560385820205
0.698131700797732,3.14159265358979,0.0698131700797732,3.31612557878923,0.0230809259393997,0.0343515558260242,0.01478226802776655
0.698131700797732,3.14159265358979,0.0872664625997165,3.31612557878923,0.02300579434364025,0.03431265660303055,0.014561797799385299
0.698131700797732,3.14159265358979,0.10471975511966,3.31612557878923,0.023093038894175848,0.034448131462972,0.0142817271272166
0.698131700797732,3.14159265358979,0.122173047639603,3.31612557878923,0.0232616490785022,0.0345262894901586,0.0141343504579802
0.698131700797732,3.14159265358979,0.139626340159546,3.31612557878923,0.0234365100147751,0.0346495102907705,0.014237433930217251
0.698131700797732,3.14159265358979,0.15707963267949,3.31612557878923,0.0233545371522469,0.03460801652842935,0.0144301276702755
0.698131700797732,3.14159265358979,0.174532925199433,3.31612557878923,0.0233542030877717,0.03462918789373125,0.01458166789250305
0.698131700797732,3.14159265358979,0.191986217719376,3.31612557878923,0.02313889655462815,0.03452461655261435,0.014362767497636951
0.698131700797732,3.14159265358979,0.20943951023932,3.31612557878923,0.0231695615980902,0.03438774102300575,0.0141689738459001
0.698131700797732,3.14159265358979,0.226892802759263,3.31612557878923,0.0232585390690296,0.03435504487602785,0.01408821887071825
0.698131700797732,3.14159265358979,0.244346095279206,3.31612557878923,0.023338023935430052,0.034156590259052294,0.0142556007307118
0.698131700797732,3.14159265358979,0.261799387799149,3.31612557878923,0.02330088732079275,0.03417019298968145,0.014389429188288099
0.698131700797732,3.14159265358979,0.279252680319093,3.31612557878923,0.02323146645725345,0.03415674370788875,0.01452896523495345
0.698131700797732,3.14159265358979,0.296705972839036,3.31612557878923,0.0233669873040293,0.034223820502618504,0.014408419370689249
0.698131700797732,3.14159265358979,0.314159265358979,3.31612557878923,0.0235672947053992,0.0344329618010275,0.01411005825113895
0.698131700797732,3.14159265358979,0.331612557878923,3.31612557878923,0.0236814686495008,0.0346842459347152,0.014103782170944299
0.698131700797732,3.14159265358979,0.349065850398866,3.31612557878923,0.02384274359656605,0.03493544611788475,0.0142458115384901
0.698131700797732,3.14159265358979,0.366519142918809,3.31612557878923,0.0240098755437483,0.03522458931234005,0.0144161125818344
0.698131700797732,3.14159265358979,0.383972435438752,3.31612557878923,0.02406526789622375,0.03537991158909,0.014617415754311601
0.698131700797732,3.14159265358979,0.401425727958696,3.31612557878923,0.02400759164704825,0.03546774671097235,0.01463749709382955
0.698131700797732,3.14159265358979,0.418879020478639,3.31612557878923,0.0240506811449334,0.0356306296184636,0.014638473063363449
0.698131700797732,3.14159265358979,0.436332312998582,3.31612557878923,0.0241360634831966,0.03580031357286935,0.01464263750039915
0.698131700797732,3.14159265358979,0.453785605518526,3.31612557878923,0.02425748531928225,0.035935574329358747,0.014548275721887851
0.698131700797732,3.14159265358979,0.471238898038469,3.31612557878923,0.0245210397371626,0.03597930996262155,0.0144052608838579
0.698131700797732,3.14159265358979,0.488692190558412,3.31612557878923,0.024917396037674802,0.035830014122038206,0.0144550173872636
0.698131700797732,3.14159265358979,0.506145483078356,3.31612557878923,0.0253002939667209,0.03591998439991605,0.01477011568385185
0.698131700797732,3.14159265358979,0.523598775598299,3.31612557878923,0.0253863054275819,0.0362764000213939,0.01485818968676575
0.698131700797732,3.14159265358979,0.541052068118242,3.31612557878923,0.02541131162799555,0.0364435001772404,0.01465212075877915
0.698131700797732,3.14159265358979,0.558505360638185,3.31612557878923,0.025530288269495598,0.03660419008111965,0.01448437135364215
0.698131700797732,3.14159265358979,0.575958653158129,3.31612557878923,0.02560273560117675,0.036754288402607,0.0143517370651063
0.698131700797732,3.14159265358979,0.593411945678072,3.31612557878923,0.0255958614337597,0.03682046796929575,0.01444432579712365
0.698131700797732,3.14159265358979,0.610865238198015,3.31612557878923,0.025828056180488,0.0369682033034967,0.01478745171680655
0.698131700797732,3.14159265358979,0.628318530717959,3.31612557878923,0.026212232613580598,0.037099547628986554,0.0149754420524953
0.698131700797732,3.14159265358979,0.645771823237902,3.31612557878923,0.02615740095551065,0.0372224837885039,0.01501337746367895
0.698131700797732,3.14159265358979,0.663225115757845,3.31612557878923,0.02602922184724455,0.03759213726035335,0.0148294953428414
0.698131700797732,3.14159265358979,0.680678408277788,3.31612557878923,0.0263378235053262,0.03783231822462995,0.014611599523361999
0.698131700797732,3.14159265358979,0.698131700797732,3.31612557878923,0.02643158433600145,0.0378586911779647,0.01460440495973905
0.698131700797732,3.14159265358979,0.715584993317675,3.31612557878923,0.026439458361164,0.0380325324221066,0.0146712258000292
0.698131700797732,3.14159265358979,0.733038285837618,3.31612557878923,0.026938355005475,0.03840145333752505,0.0146101837581544
0.698131700797732,3.14159265358979,0.750491578357562,3.31612557878923,0.0274068109134262,0.03879571709512745,0.0143543276142141
0.698131700797732,3.14159265358979,0.767944870877505,3.31612557878923,0.027581748588660047,0.0390014569504438,0.013991606010111849
0.698131700797732,3.14159265358979,0.785398163397448,3.31612557878923,0.027572114255893898,0.0389195861832906,0.01377417812061805
0.698131700797732,3.14159265358979,0.802851455917391,3.31612557878923,0.0272002429385931,0.0389503246674066,0.013802057727161851
0.698131700797732,3.14159265358979,0.820304748437335,3.31612557878923,0.026959646099217402,0.03854913751369575,0.01369191080085365
0.698131700797732,3.14159265358979,0.837758040957278,3.31612557878923,0.02698008832663945,0.038301555580896346,0.0135489429142736
0.698131700797732,3.14159265358979,0.855211333477221,3.31612557878923,0.02701960440362685,0.0380726982190566,0.0136759007375904
0.698131700797732,3.14159265358979,0.872664625997165,3.31612557878923,0.027121574406671747,0.0377471675255549,0.013761111576133751
0.698131700797732,3.14159265358979,0.890117918517108,3.31612557878923,0.0269684502436198,0.0369523540223207,0.0136953190980903
0.698131700797732,3.14159265358979,0.907571211037051,3.31612557878923,0.0267813708195291,0.0366191184040682,0.0135448112357134
0.698131700797732,3.14159265358979,0.925024503556995,3.31612557878923,0.0266512280705773,0.0367609218764617,0.0134551063837068
0.698131700797732,3.14159265358979,0.942477796076938,3.31612557878923,0.02658437846103795,0.03683969082799795,0.01337007736940495
0.698131700797732,3.14159265358979,0.959931088596881,3.31612557878923,0.0266503813734206,0.036392892201433755,0.01337690081549505
0.698131700797732,3.14159265358979,0.977384381116825,3.31612557878923,0.0266457288076362,0.036081031588228146,0.013685373109755549
0.698131700797732,3.14159265358979,0.994837673636768,3.31612557878923,0.0268341961490069,0.03649299587043335,0.0139201343682671
0.698131700797732,3.14159265358979,1.01229096615671,3.31612557878923,0.02645101351141835,0.036372850058566095,0.013739488778743699
0.698131700797732,3.14159265358979,1.02974425867665,3.31612557878923,0.0259044265870949,0.036156569129911,0.01361119673112395
0.698131700797732,3.14159265358979,1.0471975511966,3.31612557878923,0.02566057066551655,0.03549844393294445,0.01377408919007965
0.698131700797732,3.14159265358979,1.06465084371654,3.31612557878923,0.0252333084277536,0.0357868830801026,0.014247638953802249
0.698131700797732,3.14159265358979,1.08210413623648,3.31612557878923,0.025180509043995998,0.0359128568428971,0.01464997921148865
0.698131700797732,3.14159265358979,1.09955742875643,3.31612557878923,0.025163949053508,0.03605882113295655,0.014604320702026649
0.698131700797732,3.14159265358979,1.11701072127637,3.31612557878923,0.0248325608336221,0.03565439253416525,0.014394235030403602
0.698131700797732,3.14159265358979,1.13446401379631,3.31612557878923,0.0247570738475193,0.035245121705118995,0.0137760352544178
0.698131700797732,3.14159265358979,1.15191730631626,3.31612557878923,0.02445350728093615,0.035023154493273145,0.0133499301358125
0.698131700797732,3.14159265358979,1.1693705988362,3.31612557878923,0.024633062831303648,0.034951669901565,0.01322881220855775
0.698131700797732,3.14159265358979,1.18682389135614,3.31612557878923,0.02486701047594385,0.03502626412880145,0.0130290046473593
0.698131700797732,3.14159265358979,1.20427718387609,3.31612557878923,0.02463420140653655,0.0348532758453814,0.01304074432815795
0.698131700797732,3.14159265358979,1.22173047639603,3.31612557878923,0.02415367635225455,0.0345959567994331,0.0133580383014583
0.698131700797732,3.14159265358979,1.23918376891597,3.31612557878923,0.023974251255261397,0.03447008521277715,0.013660853293157
0.698131700797732,3.14159265358979,1.25663706143592,3.31612557878923,0.02384036246695835,0.034213628380873495,0.0136509524139938
0.698131700797732,3.14159265358979,1.27409035395586,3.31612557878923,0.02350627553691035,0.03398956825738575,0.013647874855908699
0.698131700797732,3.14159265358979,1.2915436464758,3.31612557878923,0.02327849884285035,0.0339592378969176,0.013714825151262551
0.698131700797732,3.14159265358979,1.30899693899575,3.31612557878923,0.0225405537282591,0.033659625992253556,0.0139257822931961
0.698131700797732,3.14159265358979,1.32645023151569,3.31612557878923,0.02135778309557445,0.03160531984781495,0.01305541824103815
0.698131700797732,3.14159265358979,1.34390352403563,3.31612557878923,0.01999232292727865,0.029321290728516552,0.0120729337870055
0.698131700797732,3.14159265358979,1.36135681655558,3.31612557878923,0.018548301173498,0.0270644100801493,0.01112967910612455
0.698131700797732,3.14159265358979,1.37881010907552,3.31612557878923,0.01704075118639655,0.024828443082184348,0.0102170287574902
0.698131700797732,3.14159265358979,1.39626340159546,3.31612557878923,0.015496933881893899,0.022602874520917998,0.009319384303512505
0.698131700797732,3.14159265358979,1.41371669411541,3.31612557878923,0.01370789437548685,0.020344175800535352,0.00842346602056938
0.698131700797732,3.14159265358979,1.43116998663535,3.31612557878923,0.01222193895821075,0.0180572931424302,0.007455355942225155
0.698131700797732,3.14159265358979,1.44862327915529,3.31612557878923,0.010770429794023699,0.0157892620973432,0.006501771861765455
0.698131700797732,3.14159265358979,1.46607657167524,3.31612557878923,0.009272556030868045,0.01353512817496345,0.005568952526499235
0.698131700797732,3.14159265358979,1.48352986419518,3.31612557878923,0.0077412472288329705,0.01128955330027025,0.004649479980637765
0.698131700797732,3.14159265358979,1.50098315671512,3.31612557878923,0.00619174964832894,0.009046415837258485,0.003734616568156285
0.698131700797732,3.14159265358979,1.51843644923507,3.31612557878923,0.004589168931626895,0.006780462567173,0.002804574673904645
0.698131700797732,3.14159265358979,1.53588974175501,3.31612557878923,0.003056420722973415,0.00451243563982475,0.0018627925612750601
0.698131700797732,3.14159265358979,1.55334303427495,3.31612557878923,0.001536153771357795,0.0022532949550557553,0.00092819243594558
0.698131700797732,3.14159265358979,1.5707963267949,3.31612557878923,0.0009931263811627819,0.00145241783600561,0.000597459370032013
0.698131700797732,3.14159265358979,0.0174532925199433,3.49065850398866,0.0233336132101652,0.034687166452675805,0.014092493923864101
0.698131700797732,3.14159265358979,0.0349065850398866,3.49065850398866,0.0232045303519853,0.03443290560042425,0.0141887200858294
0.698131700797732,3.14159265358979,0.0523598775598299,3.49065850398866,0.0232479030199564,0.034421510713454354,0.014426982807596349
0.698131700797732,3.14159265358979,0.0698131700797732,3.49065850398866,0.0232020836159935,0.0343471063725138,0.0147032061023486
0.698131700797732,3.14159265358979,0.0872664625997165,3.49065850398866,0.0230748416458048,0.0343345945306668,0.014641262997730949
0.698131700797732,3.14159265358979,0.10471975511966,3.49065850398866,0.023033704538208202,0.03450538501936225,0.0144903193046237
0.698131700797732,3.14159265358979,0.122173047639603,3.49065850398866,0.02317786811239035,0.0347114366780495,0.01450145286425945
0.698131700797732,3.14159265358979,0.139626340159546,3.49065850398866,0.023226000561951503,0.0347777421288198,0.014693047047354
0.698131700797732,3.14159265358979,0.15707963267949,3.49065850398866,0.0232270759940663,0.03467736486944645,0.0146534112549901
0.698131700797732,3.14159265358979,0.174532925199433,3.49065850398866,0.0233631429296391,0.03447937589598405,0.0146306680282173
0.698131700797732,3.14159265358979,0.191986217719376,3.49065850398866,0.02336565975900735,0.0344436411351942,0.01460962075157605
0.698131700797732,3.14159265358979,0.20943951023932,3.49065850398866,0.023278785480185603,0.034566900803933154,0.014358271949039249
0.698131700797732,3.14159265358979,0.226892802759263,3.49065850398866,0.02324950478154025,0.034504386157306846,0.014540219893882149
0.698131700797732,3.14159265358979,0.244346095279206,3.49065850398866,0.02325454905692645,0.034293158054523654,0.014799893145984799
0.698131700797732,3.14159265358979,0.261799387799149,3.49065850398866,0.02320555503203435,0.034097933964522,0.01484816597838665
0.698131700797732,3.14159265358979,0.279252680319093,3.49065850398866,0.02330833772977745,0.034356345617620604,0.0147164738671541
0.698131700797732,3.14159265358979,0.296705972839036,3.49065850398866,0.023408919530703502,0.0344013825077289,0.0145400758637208
0.698131700797732,3.14159265358979,0.314159265358979,3.49065850398866,0.02322755488455395,0.034400471418110395,0.014487784155063299
0.698131700797732,3.14159265358979,0.331612557878923,3.49065850398866,0.023141234020788402,0.03456810395282965,0.01443814241739255
0.698131700797732,3.14159265358979,0.349065850398866,3.49065850398866,0.02325868084447715,0.0346461571723544,0.0145423813994549
0.698131700797732,3.14159265358979,0.366519142918809,3.49065850398866,0.0235620591080656,0.0348332812676148,0.014594052872042351
0.698131700797732,3.14159265358979,0.383972435438752,3.49065850398866,0.02371739060011615,0.0350435967918154,0.0146387547177974
0.698131700797732,3.14159265358979,0.401425727958696,3.49065850398866,0.023823596442475448,0.035086464748521604,0.014760133777403501
0.698131700797732,3.14159265358979,0.418879020478639,3.49065850398866,0.024010277087889102,0.03505771203581595,0.014767840865026149
0.698131700797732,3.14159265358979,0.436332312998582,3.49065850398866,0.0239944743801151,0.0351141424474511,0.01467905992516185
0.698131700797732,3.14159265358979,0.453785605518526,3.49065850398866,0.0239455882872768,0.03528518234956155,0.0147471445419886
0.698131700797732,3.14159265358979,0.471238898038469,3.49065850398866,0.0241766416950752,0.03547847649596215,0.014865078076067899
0.698131700797732,3.14159265358979,0.488692190558412,3.49065850398866,0.02439995057354585,0.03572508755140735,0.01474455381018305
0.698131700797732,3.14159265358979,0.506145483078356,3.49065850398866,0.02459534379335425,0.035965868248911,0.0145710913383471
0.698131700797732,3.14159265358979,0.523598775598299,3.49065850398866,0.0249755791232948,0.0362464135371298,0.0145400447606253
0.698131700797732,3.14159265358979,0.541052068118242,3.49065850398866,0.0252381763614815,0.03620727007817795,0.01477080134728495
0.698131700797732,3.14159265358979,0.558505360638185,3.49065850398866,0.025525023063892448,0.03619172352457575,0.014737504034914299
0.698131700797732,3.14159265358979,0.575958653158129,3.49065850398866,0.0258267970037404,0.0363611256980052,0.0143764946114803
0.698131700797732,3.14159265358979,0.593411945678072,3.49065850398866,0.025783003527257,0.03677764647996935,0.0147431966572054
0.698131700797732,3.14159265358979,0.610865238198015,3.49065850398866,0.02553165682901355,0.0370506209547654,0.0149614492400463
0.698131700797732,3.14159265358979,0.628318530717959,3.49065850398866,0.02550862391788245,0.036632100648473,0.014853642707353551
0.698131700797732,3.14159265358979,0.645771823237902,3.49065850398866,0.0255261461535846,0.0366543324609206,0.014559379214711999
0.698131700797732,3.14159265358979,0.663225115757845,3.49065850398866,0.02574875396733015,0.03670882543356705,0.014345696986582699
0.698131700797732,3.14159265358979,0.680678408277788,3.49065850398866,0.025896884743198498,0.036699244494624056,0.014519920033386952
0.698131700797732,3.14159265358979,0.698131700797732,3.49065850398866,0.026000339647098497,0.03648645089230705,0.01475890572914205
0.698131700797732,3.14159265358979,0.715584993317675,3.49065850398866,0.02584650701481815,0.0366197494570144,0.0147525848267499
0.698131700797732,3.14159265358979,0.733038285837618,3.49065850398866,0.025834561715581503,0.03711307213937515,0.01452825675337255
0.698131700797732,3.14159265358979,0.750491578357562,3.49065850398866,0.02597839850229265,0.03734193604940265,0.0145024507066925
0.698131700797732,3.14159265358979,0.767944870877505,3.49065850398866,0.02592146570411455,0.03719993394687405,0.01435496761716935
0.698131700797732,3.14159265358979,0.785398163397448,3.49065850398866,0.0256811512049036,0.036854534569073547,0.01438226022850925
0.698131700797732,3.14159265358979,0.802851455917391,3.49065850398866,0.02594217368141215,0.03679893327683585,0.0146165235484976
0.698131700797732,3.14159265358979,0.820304748437335,3.49065850398866,0.0264685422385688,0.03670469482859015,0.0146550990545294
0.698131700797732,3.14159265358979,0.837758040957278,3.49065850398866,0.02682894641323785,0.036511764534071456,0.0144556888942257
0.698131700797732,3.14159265358979,0.855211333477221,3.49065850398866,0.0266286189483447,0.03655142643729255,0.01445373746114545
0.698131700797732,3.14159265358979,0.872664625997165,3.49065850398866,0.026438049368402,0.03634761994183585,0.01442220951633865
0.698131700797732,3.14159265358979,0.890117918517108,3.49065850398866,0.0262295444309998,0.03649723820910835,0.01466099312877595
0.698131700797732,3.14159265358979,0.907571211037051,3.49065850398866,0.0258129735024424,0.0369705315127031,0.0141482984884545
0.698131700797732,3.14159265358979,0.925024503556995,3.49065850398866,0.02579365449782315,0.03707194396809615,0.01386058946998565
0.698131700797732,3.14159265358979,0.942477796076938,3.49065850398866,0.025997000812513348,0.037252429962460504,0.01394207784404175
0.698131700797732,3.14159265358979,0.959931088596881,3.49065850398866,0.0259072538788394,0.0370437184279194,0.0140516547763009
0.698131700797732,3.14159265358979,0.977384381116825,3.49065850398866,0.025963455859519202,0.03673746350662875,0.01411079931626565
0.698131700797732,3.14159265358979,0.994837673636768,3.49065850398866,0.0260905410503944,0.03626533804075145,0.014004329002477101
0.698131700797732,3.14159265358979,1.01229096615671,3.49065850398866,0.026210228561265148,0.03596319150898105,0.01365256660727765
0.698131700797732,3.14159265358979,1.02974425867665,3.49065850398866,0.02595358019057175,0.0359792147735202,0.01359632686487075
0.698131700797732,3.14159265358979,1.0471975511966,3.49065850398866,0.025486030600800902,0.035881137155874404,0.0137532845199522
0.698131700797732,3.14159265358979,1.06465084371654,3.49065850398866,0.024936424697897898,0.035818195105231404,0.013786701172384199
0.698131700797732,3.14159265358979,1.08210413623648,3.49065850398866,0.02473055533931085,0.03558688325672625,0.0138645249441556
0.698131700797732,3.14159265358979,1.09955742875643,3.49065850398866,0.0249848019066627,0.0354361874548969,0.013952316195229249
0.698131700797732,3.14159265358979,1.11701072127637,3.49065850398866,0.025058661196696898,0.0351477522294663,0.0139544985868869
0.698131700797732,3.14159265358979,1.13446401379631,3.49065850398866,0.02513700688465495,0.03533479393223335,0.01399699939687065
0.698131700797732,3.14159265358979,1.15191730631626,3.49065850398866,0.02498571390967335,0.03543297805704755,0.01411475626068065
0.698131700797732,3.14159265358979,1.1693705988362,3.49065850398866,0.02491542346085155,0.03511637111449845,0.0139018119111392
0.698131700797732,3.14159265358979,1.18682389135614,3.49065850398866,0.02535951843806695,0.0351980140334203,0.0139289881036515
0.698131700797732,3.14159265358979,1.20427718387609,3.49065850398866,0.02504409998314395,0.0350057855101312,0.01396075005805255
0.698131700797732,3.14159265358979,1.22173047639603,3.49065850398866,0.0246150155017902,0.03494624737711535,0.014189213350234
0.698131700797732,3.14159265358979,1.23918376891597,3.49065850398866,0.02459190457792695,0.03464280248001125,0.014092203715385249
0.698131700797732,3.14159265358979,1.25663706143592,3.49065850398866,0.02431460773618975,0.034543770857024744,0.0139664429762796
0.698131700797732,3.14159265358979,1.27409035395586,3.49065850398866,0.02393248601023465,0.0345466714615494,0.014492618576426749
0.698131700797732,3.14159265358979,1.2915436464758,3.49065850398866,0.02406796281981025,0.034224496315840305,0.014253621111325051
0.698131700797732,3.14159265358979,1.30899693899575,3.49065850398866,0.02352018946943995,0.0335925241437975,0.0137906970662455
0.698131700797732,3.14159265358979,1.32645023151569,3.49065850398866,0.0223068622332604,0.03188011420581505,0.01309332005871955
0.698131700797732,3.14159265358979,1.34390352403563,3.49065850398866,0.0206892856280474,0.0295511184753696,0.0119932492598969
0.698131700797732,3.14159265358979,1.36135681655558,3.49065850398866,0.0190894187984558,0.0272489961184251,0.011032389154400999
0.698131700797732,3.14159265358979,1.37881010907552,3.49065850398866,0.017525711277997548,0.02504712821566865,0.010277812458106134
0.698131700797732,3.14159265358979,1.39626340159546,3.49065850398866,0.01591614439406585,0.02273491750290075,0.009237807982340699
0.698131700797732,3.14159265358979,1.41371669411541,3.49065850398866,0.01433845002459335,0.0204895842438362,0.0084222905675901
0.698131700797732,3.14159265358979,1.43116998663535,3.49065850398866,0.012744785027613,0.018213548983988248,0.007467213866792255
0.698131700797732,3.14159265358979,1.44862327915529,3.49065850398866,0.0111379205174093,0.01590723097264555,0.00644522522438341
0.698131700797732,3.14159265358979,1.46607657167524,3.49065850398866,0.009556858147022845,0.0136574177780168,0.005597205721026699
0.698131700797732,3.14159265358979,1.48352986419518,3.49065850398866,0.007964480492878415,0.011381525256114751,0.004662376903471431
0.698131700797732,3.14159265358979,1.50098315671512,3.49065850398866,0.006363178713824505,0.009087632558621505,0.003679863629228655
0.698131700797732,3.14159265358979,1.51843644923507,3.49065850398866,0.00477492155273517,0.006821502348649245,0.00277879465811713
0.698131700797732,3.14159265358979,1.53588974175501,3.49065850398866,0.003184970810502675,0.0045513044924147955,0.001863403260493325
0.698131700797732,3.14159265358979,1.55334303427495,3.49065850398866,0.0015900102090893702,0.00227149997632063,0.0009252751383445419
0.698131700797732,3.14159265358979,1.5707963267949,3.49065850398866,0.0010085187903273905,0.0014413908871849452,0.000591853775589719
0.698131700797732,3.14159265358979,0.0174532925199433,3.66519142918809,0.0233011401672793,0.0346108811628017,0.014112803869960399
0.698131700797732,3.14159265358979,0.0349065850398866,3.66519142918809,0.02318853970030485,0.03434563628539965,0.0141637067842393
0.698131700797732,3.14159265358979,0.0523598775598299,3.66519142918809,0.02331531082018535,0.03439806479959705,0.01440013495993625
0.698131700797732,3.14159265358979,0.0698131700797732,3.66519142918809,0.0232730389586859,0.0343845025670135,0.01454791487665175
0.698131700797732,3.14159265358979,0.0872664625997165,3.66519142918809,0.023346670381929398,0.034399229955987404,0.014654414995152801
0.698131700797732,3.14159265358979,0.10471975511966,3.66519142918809,0.023289006202518697,0.03458419037870175,0.01463250954508585
0.698131700797732,3.14159265358979,0.122173047639603,3.66519142918809,0.023322448960705552,0.034871226021741905,0.0146785092193614
0.698131700797732,3.14159265358979,0.139626340159546,3.66519142918809,0.0235143940665943,0.03494907774073115,0.014979840976856451
0.698131700797732,3.14159265358979,0.15707963267949,3.66519142918809,0.02348624340617355,0.03465031957411375,0.0149104355043676
0.698131700797732,3.14159265358979,0.174532925199433,3.66519142918809,0.02356776486108025,0.0344532528419457,0.0150760349504497
0.698131700797732,3.14159265358979,0.191986217719376,3.66519142918809,0.02353271303940905,0.034521971204050095,0.0150328267119735
0.698131700797732,3.14159265358979,0.20943951023932,3.66519142918809,0.023457769889447,0.03464047565711245,0.01493869260874945
0.698131700797732,3.14159265358979,0.226892802759263,3.66519142918809,0.0232704715424739,0.034524818721652195,0.0149046462708841
0.698131700797732,3.14159265358979,0.244346095279206,3.66519142918809,0.0230797183679417,0.0339712058044832,0.01460094515601665
0.698131700797732,3.14159265358979,0.261799387799149,3.66519142918809,0.0228683535600415,0.034216909783769595,0.0144850606183999
0.698131700797732,3.14159265358979,0.279252680319093,3.66519142918809,0.022860974068686,0.03441572360235005,0.014657216867596
0.698131700797732,3.14159265358979,0.296705972839036,3.66519142918809,0.02322410289120495,0.034474389533563396,0.01463807958144345
0.698131700797732,3.14159265358979,0.314159265358979,3.66519142918809,0.0232445110666158,0.034483529571496405,0.01463647651228175
0.698131700797732,3.14159265358979,0.331612557878923,3.66519142918809,0.02317292206968945,0.034638445839064794,0.014525769610223949
0.698131700797732,3.14159265358979,0.349065850398866,3.66519142918809,0.023202456416463603,0.03477632165929815,0.01430636036163715
0.698131700797732,3.14159265358979,0.366519142918809,3.66519142918809,0.0235043497256275,0.0346431606329258,0.0140899201428591
0.698131700797732,3.14159265358979,0.383972435438752,3.66519142918809,0.023904052440251303,0.034434082776308994,0.01421872594137685
0.698131700797732,3.14159265358979,0.401425727958696,3.66519142918809,0.0237667807949918,0.0347489870305427,0.0143825404862941
0.698131700797732,3.14159265358979,0.418879020478639,3.66519142918809,0.023740896709666198,0.0348696269516794,0.014516797501509849
0.698131700797732,3.14159265358979,0.436332312998582,3.66519142918809,0.02387212077453755,0.034893102468444404,0.0145030308079067
0.698131700797732,3.14159265358979,0.453785605518526,3.66519142918809,0.023943333880218652,0.03488921200504695,0.014285079242887699
0.698131700797732,3.14159265358979,0.471238898038469,3.66519142918809,0.023931807846044352,0.03498701634289545,0.0141528843419374
0.698131700797732,3.14159265358979,0.488692190558412,3.66519142918809,0.02390651686438525,0.03512508837327735,0.014310026819811649
0.698131700797732,3.14159265358979,0.506145483078356,3.66519142918809,0.02416561074147875,0.0352185567811971,0.0144326398551271
0.698131700797732,3.14159265358979,0.523598775598299,3.66519142918809,0.02431441045995035,0.03518423448294255,0.0144754662958695
0.698131700797732,3.14159265358979,0.541052068118242,3.66519142918809,0.024511927187180947,0.035570152259862445,0.014629686863056799
0.698131700797732,3.14159265358979,0.558505360638185,3.66519142918809,0.024711927821117002,0.035591449560338856,0.0146386102541473
0.698131700797732,3.14159265358979,0.575958653158129,3.66519142918809,0.0246852149789505,0.03551427799923165,0.0145407397243264
0.698131700797732,3.14159265358979,0.593411945678072,3.66519142918809,0.024671861017799397,0.03573891138903785,0.01457147161174185
0.698131700797732,3.14159265358979,0.610865238198015,3.66519142918809,0.02461918357307845,0.035962091841531096,0.0145004801073325
0.698131700797732,3.14159265358979,0.628318530717959,3.66519142918809,0.024663598698741948,0.036043516246392154,0.0144225051020806
0.698131700797732,3.14159265358979,0.645771823237902,3.66519142918809,0.0251282143116045,0.03600547697219905,0.0141467604334405
0.698131700797732,3.14159265358979,0.663225115757845,3.66519142918809,0.02546543335443445,0.03570527743818125,0.014284582511659549
0.698131700797732,3.14159265358979,0.680678408277788,3.66519142918809,0.025608774286218453,0.0359825993374152,0.01431894891849495
0.698131700797732,3.14159265358979,0.698131700797732,3.66519142918809,0.025423940266846648,0.0362541047303263,0.014003725903941451
0.698131700797732,3.14159265358979,0.715584993317675,3.66519142918809,0.025070272781577647,0.0363138398631582,0.014198697503681051
0.698131700797732,3.14159265358979,0.733038285837618,3.66519142918809,0.025008361038155902,0.0363750597001789,0.014442766765749949
0.698131700797732,3.14159265358979,0.750491578357562,3.66519142918809,0.0248660965246782,0.036092128924148106,0.014403449668075951
0.698131700797732,3.14159265358979,0.767944870877505,3.66519142918809,0.0244797295215004,0.0359752653305959,0.01425833405906455
0.698131700797732,3.14159265358979,0.785398163397448,3.66519142918809,0.0244490216837428,0.035738707730952904,0.01440512923654845
0.698131700797732,3.14159265358979,0.802851455917391,3.66519142918809,0.0247461816656613,0.035571299023243796,0.0146076577575996
0.698131700797732,3.14159265358979,0.820304748437335,3.66519142918809,0.02506992691288075,0.0358095144129099,0.014459880760610149
0.698131700797732,3.14159265358979,0.837758040957278,3.66519142918809,0.0250272186173923,0.0361276692412032,0.01445168579232435
0.698131700797732,3.14159265358979,0.855211333477221,3.66519142918809,0.0250021787317358,0.0362797285645448,0.0143417452821909
0.698131700797732,3.14159265358979,0.872664625997165,3.66519142918809,0.024811312014529248,0.03638566745449395,0.0140686884769091
0.698131700797732,3.14159265358979,0.890117918517108,3.66519142918809,0.02469880254694705,0.03619426158700545,0.014666797260217801
0.698131700797732,3.14159265358979,0.907571211037051,3.66519142918809,0.02540864699775085,0.0364554540809847,0.01522207707487165
0.698131700797732,3.14159265358979,0.925024503556995,3.66519142918809,0.025762376097357653,0.03612246234079975,0.0147714314467163
0.698131700797732,3.14159265358979,0.942477796076938,3.66519142918809,0.0256543911363207,0.03618133540196585,0.014549042855247999
0.698131700797732,3.14159265358979,0.959931088596881,3.66519142918809,0.025350256533197897,0.036276777215248246,0.0141458947992236
0.698131700797732,3.14159265358979,0.977384381116825,3.66519142918809,0.0248483676004243,0.03619384166895915,0.0139128464744991
0.698131700797732,3.14159265358979,0.994837673636768,3.66519142918809,0.0243872132072307,0.035768795469899,0.0139032928020047
0.698131700797732,3.14159265358979,1.01229096615671,3.66519142918809,0.02406621628538795,0.0351981768650098,0.013766660917860149
0.698131700797732,3.14159265358979,1.02974425867665,3.66519142918809,0.0240252455545066,0.0349517196831022,0.013959541599763849
0.698131700797732,3.14159265358979,1.0471975511966,3.66519142918809,0.02435357589402565,0.03491795820823715,0.0143808272625035
0.698131700797732,3.14159265358979,1.06465084371654,3.66519142918809,0.023980865377759147,0.0352105277968538,0.0140829660468115
0.698131700797732,3.14159265358979,1.08210413623648,3.66519142918809,0.0244099209234837,0.0351988180416743,0.01348641746033645
0.698131700797732,3.14159265358979,1.09955742875643,3.66519142918809,0.0240383659995232,0.035224999331275195,0.013546588319678799
0.698131700797732,3.14159265358979,1.11701072127637,3.66519142918809,0.0236100656969085,0.03539583226394715,0.01358554342602185
0.698131700797732,3.14159265358979,1.13446401379631,3.66519142918809,0.023560336624559898,0.0351766924130482,0.013866278698072249
0.698131700797732,3.14159265358979,1.15191730631626,3.66519142918809,0.02336154940214925,0.03505865170036145,0.013986784192044549
0.698131700797732,3.14159265358979,1.1693705988362,3.66519142918809,0.023072430334618498,0.0346235749317927,0.0138768782042283
0.698131700797732,3.14159265358979,1.18682389135614,3.66519142918809,0.022793298526459997,0.03445046632529745,0.01418099270326965
0.698131700797732,3.14159265358979,1.20427718387609,3.66519142918809,0.0230340180497959,0.034352059843504104,0.01409692843419695
0.698131700797732,3.14159265358979,1.22173047639603,3.66519142918809,0.022812965748233098,0.034143509223763455,0.014271862912499801
0.698131700797732,3.14159265358979,1.23918376891597,3.66519142918809,0.02261517530743315,0.03417586610491385,0.01421345832069255
0.698131700797732,3.14159265358979,1.25663706143592,3.66519142918809,0.0228971382188033,0.0336049724809169,0.01436638195642245
0.698131700797732,3.14159265358979,1.27409035395586,3.66519142918809,0.022891734529301,0.03371668157584095,0.0141903362174144
0.698131700797732,3.14159265358979,1.2915436464758,3.66519142918809,0.02307527285980855,0.033425239030100556,0.0143761358362468
0.698131700797732,3.14159265358979,1.30899693899575,3.66519142918809,0.02295970613085985,0.033605114370428846,0.013922688032793399
0.698131700797732,3.14159265358979,1.32645023151569,3.66519142918809,0.022004380218349398,0.03144828291477245,0.01322361292088365
0.698131700797732,3.14159265358979,1.34390352403563,3.66519142918809,0.0203561871492223,0.029160938678305,0.012261734165169399
0.698131700797732,3.14159265358979,1.36135681655558,3.66519142918809,0.018880964463540997,0.026864637127390047,0.0114576077744856
0.698131700797732,3.14159265358979,1.37881010907552,3.66519142918809,0.0170954937107037,0.024714836060416898,0.010350050118985401
0.698131700797732,3.14159265358979,1.39626340159546,3.66519142918809,0.01571248887125575,0.022439091005611048,0.00947359804189659
0.698131700797732,3.14159265358979,1.41371669411541,3.66519142918809,0.0141005196139137,0.020201589321205998,0.0085274621101972
0.698131700797732,3.14159265358979,1.43116998663535,3.66519142918809,0.012575099499887,0.0179687034069936,0.00755940687379184
0.698131700797732,3.14159265358979,1.44862327915529,3.66519142918809,0.0109806623602108,0.0156935513748122,0.00663106374618804
0.698131700797732,3.14159265358979,1.46607657167524,3.66519142918809,0.009461174716054635,0.013398114409676,0.00578010218747892
0.698131700797732,3.14159265358979,1.48352986419518,3.66519142918809,0.00783281797451214,0.0111919505379756,0.0047413990966018605
0.698131700797732,3.14159265358979,1.50098315671512,3.66519142918809,0.006288667517868755,0.008963915292552516,0.003805029322040735
0.698131700797732,3.14159265358979,1.51843644923507,3.66519142918809,0.00468913618358373,0.006737818839593245,0.002841528759172685
0.698131700797732,3.14159265358979,1.53588974175501,3.66519142918809,0.0031407806261146603,0.00449169535008286,0.001888569776521965
0.698131700797732,3.14159265358979,1.55334303427495,3.66519142918809,0.001568970980027205,0.00223724608264902,0.000952334116040395
0.698131700797732,3.14159265358979,1.5707963267949,3.66519142918809,0.0008677437508782335,0.00126777491199356,0.0005104335709883985
0.698131700797732,3.14159265358979,0.0174532925199433,3.83972435438753,0.02327320983424845,0.0345401767579915,0.0141388780972721
0.698131700797732,3.14159265358979,0.0349065850398866,3.83972435438753,0.02328421422400835,0.0343632734939738,0.0142247529182506
0.698131700797732,3.14159265358979,0.0523598775598299,3.83972435438753,0.02345566145230835,0.034357865612197155,0.014413947649819101
0.698131700797732,3.14159265358979,0.0698131700797732,3.83972435438753,0.0234960989438638,0.0344641720575029,0.014540274550275751
0.698131700797732,3.14159265358979,0.0872664625997165,3.83972435438753,0.0236123239485619,0.03449087017708495,0.0146416658966369
0.698131700797732,3.14159265358979,0.10471975511966,3.83972435438753,0.0234726446596008,0.03469931829928455,0.01449005617296065
0.698131700797732,3.14159265358979,0.122173047639603,3.83972435438753,0.02346062924322095,0.0347986064827975,0.014596639405665999
0.698131700797732,3.14159265358979,0.139626340159546,3.83972435438753,0.02358494927497165,0.0347507958820536,0.01484795666741735
0.698131700797732,3.14159265358979,0.15707963267949,3.83972435438753,0.0236364395034966,0.03453132373470015,0.0149427475495569
0.698131700797732,3.14159265358979,0.174532925199433,3.83972435438753,0.0235522815104813,0.0345269281842508,0.014879710145186499
0.698131700797732,3.14159265358979,0.191986217719376,3.83972435438753,0.0233500019109579,0.034572932528617095,0.014785512303191951
0.698131700797732,3.14159265358979,0.20943951023932,3.83972435438753,0.0233031752866247,0.03466567280515845,0.014805208245699399
0.698131700797732,3.14159265358979,0.226892802759263,3.83972435438753,0.02343391427422295,0.0349749200650663,0.0145822116760814
0.698131700797732,3.14159265358979,0.244346095279206,3.83972435438753,0.02349461592170365,0.03491434671265045,0.01430889189956525
0.698131700797732,3.14159265358979,0.261799387799149,3.83972435438753,0.0231717236143371,0.034540092218936155,0.0143450580603003
0.698131700797732,3.14159265358979,0.279252680319093,3.83972435438753,0.023000875060648053,0.03441500798445925,0.014418453533555899
0.698131700797732,3.14159265358979,0.296705972839036,3.83972435438753,0.0230647636450036,0.034597130284175104,0.014370869388466049
0.698131700797732,3.14159265358979,0.314159265358979,3.83972435438753,0.023125880691369352,0.03446627385475255,0.0141143239819684
0.698131700797732,3.14159265358979,0.331612557878923,3.83972435438753,0.023484503138845703,0.0343752776672654,0.014055129717181751
0.698131700797732,3.14159265358979,0.349065850398866,3.83972435438753,0.0238258520098335,0.03433816157861815,0.01419386186788225
0.698131700797732,3.14159265358979,0.366519142918809,3.83972435438753,0.023727712211182847,0.0344260091747483,0.014280990335330649
0.698131700797732,3.14159265358979,0.383972435438752,3.83972435438753,0.0236838430961454,0.034458862253604255,0.0143698873289293
0.698131700797732,3.14159265358979,0.401425727958696,3.83972435438753,0.02394026067480445,0.0345713597031341,0.0143965153331561
0.698131700797732,3.14159265358979,0.418879020478639,3.83972435438753,0.023954140568561898,0.03490652373487925,0.014372721003730049
0.698131700797732,3.14159265358979,0.436332312998582,3.83972435438753,0.0238042933131449,0.0351207336308706,0.014279238384827
0.698131700797732,3.14159265358979,0.453785605518526,3.83972435438753,0.0237258032197936,0.035196412589828946,0.0142489820095879
0.698131700797732,3.14159265358979,0.471238898038469,3.83972435438753,0.0237460714094652,0.0352124610802931,0.0141735446704026
0.698131700797732,3.14159265358979,0.488692190558412,3.83972435438753,0.02386966239686595,0.0352625155425143,0.01410938893843305
0.698131700797732,3.14159265358979,0.506145483078356,3.83972435438753,0.02405850214462195,0.0352639082417653,0.014323116165611199
0.698131700797732,3.14159265358979,0.523598775598299,3.83972435438753,0.0240619298918568,0.03526930354187005,0.01472035594951155
0.698131700797732,3.14159265358979,0.541052068118242,3.83972435438753,0.02384805656978255,0.0354084390159394,0.0148815899425677
0.698131700797732,3.14159265358979,0.558505360638185,3.83972435438753,0.023910556702795897,0.03522228770559955,0.0147149788505748
0.698131700797732,3.14159265358979,0.575958653158129,3.83972435438753,0.024207612517168853,0.0348726784455285,0.0145647181431102
0.698131700797732,3.14159265358979,0.593411945678072,3.83972435438753,0.02455284071287575,0.0347427021957688,0.014522258909168199
0.698131700797732,3.14159265358979,0.610865238198015,3.83972435438753,0.024283154034993752,0.035007088125219105,0.01418159499364415
0.698131700797732,3.14159265358979,0.628318530717959,3.83972435438753,0.02400596047013825,0.03504785381318435,0.0137319855126041
0.698131700797732,3.14159265358979,0.645771823237902,3.83972435438753,0.0241775221062277,0.03504362673529785,0.013852087252798899
0.698131700797732,3.14159265358979,0.663225115757845,3.83972435438753,0.0243114853429666,0.035234798703655895,0.0143281664319668
0.698131700797732,3.14159265358979,0.680678408277788,3.83972435438753,0.024551523190076148,0.035606630783892396,0.0143260103447693
0.698131700797732,3.14159265358979,0.698131700797732,3.83972435438753,0.024474624045796402,0.0353769191377028,0.0144554031979706
0.698131700797732,3.14159265358979,0.715584993317675,3.83972435438753,0.024089924670408602,0.0351816913597737,0.0143419490954873
0.698131700797732,3.14159265358979,0.733038285837618,3.83972435438753,0.02398229843360575,0.035201207176806346,0.01385518314367535
0.698131700797732,3.14159265358979,0.750491578357562,3.83972435438753,0.023651942702500352,0.0356197716827293,0.0136679836109641
0.698131700797732,3.14159265358979,0.767944870877505,3.83972435438753,0.023424884207119648,0.035750920551055346,0.01391030587712425
0.698131700797732,3.14159265358979,0.785398163397448,3.83972435438753,0.023512296700741647,0.0355405164505781,0.0143456310612355
0.698131700797732,3.14159265358979,0.802851455917391,3.83972435438753,0.023679712861789798,0.03532051995750905,0.0145141178656136
0.698131700797732,3.14159265358979,0.820304748437335,3.83972435438753,0.0237221609767165,0.03536581786428405,0.014345598372840801
0.698131700797732,3.14159265358979,0.837758040957278,3.83972435438753,0.023472649486666948,0.0352546004160984,0.01413102250769345
0.698131700797732,3.14159265358979,0.855211333477221,3.83972435438753,0.0236488283958246,0.03547210461700265,0.01424633213142815
0.698131700797732,3.14159265358979,0.872664625997165,3.83972435438753,0.023897902624321697,0.03554871405981415,0.014203173721343349
0.698131700797732,3.14159265358979,0.890117918517108,3.83972435438753,0.023795216330362197,0.035192252308187705,0.01390151064341855
0.698131700797732,3.14159265358979,0.907571211037051,3.83972435438753,0.023933462868396198,0.035267631437831196,0.014052551732552699
0.698131700797732,3.14159265358979,0.925024503556995,3.83972435438753,0.0238105454677969,0.0355506863284173,0.01409583280653685
0.698131700797732,3.14159265358979,0.942477796076938,3.83972435438753,0.02396137708799205,0.03588257659003685,0.01369709081666735
0.698131700797732,3.14159265358979,0.959931088596881,3.83972435438753,0.023578723004262253,0.035870585774017555,0.0135408479493742
0.698131700797732,3.14159265358979,0.977384381116825,3.83972435438753,0.02288595658488945,0.0353466028604649,0.0137576972500366
0.698131700797732,3.14159265358979,0.994837673636768,3.83972435438753,0.023058603712171548,0.03496378771985765,0.013185608748246251
0.698131700797732,3.14159265358979,1.01229096615671,3.83972435438753,0.023215682580316498,0.035005480805618855,0.012750383184368351
0.698131700797732,3.14159265358979,1.02974425867665,3.83972435438753,0.02347936172639055,0.03496420244924185,0.01293315725659375
0.698131700797732,3.14159265358979,1.0471975511966,3.83972435438753,0.02400213528877155,0.03470856182628055,0.0134833125199056
0.698131700797732,3.14159265358979,1.06465084371654,3.83972435438753,0.024194939423982452,0.03452615815304725,0.0134939330334971
0.698131700797732,3.14159265358979,1.08210413623648,3.83972435438753,0.023677434224458747,0.03433276092431705,0.013473123003221399
0.698131700797732,3.14159265358979,1.09955742875643,3.83972435438753,0.0234011254562242,0.0341024070613934,0.01351889525483615
0.698131700797732,3.14159265358979,1.11701072127637,3.83972435438753,0.02349378299928025,0.03377049941832655,0.013528568749887001
0.698131700797732,3.14159265358979,1.13446401379631,3.83972435438753,0.02365801576993875,0.0339974080007593,0.013618876888918299
0.698131700797732,3.14159265358979,1.15191730631626,3.83972435438753,0.023628263767961552,0.0338136558533792,0.0135797003212368
0.698131700797732,3.14159265358979,1.1693705988362,3.83972435438753,0.023796995286127103,0.033686350016028446,0.0135451465465154
0.698131700797732,3.14159265358979,1.18682389135614,3.83972435438753,0.0233268454882292,0.0333959066273963,0.013623236504348601
0.698131700797732,3.14159265358979,1.20427718387609,3.83972435438753,0.0232729038657534,0.03357094420459565,0.013723553688994802
0.698131700797732,3.14159265358979,1.22173047639603,3.83972435438753,0.0226995976996479,0.0333044303825835,0.01395218462091175
0.698131700797732,3.14159265358979,1.23918376891597,3.83972435438753,0.0224569049871751,0.03306837920246665,0.01389705795125475
0.698131700797732,3.14159265358979,1.25663706143592,3.83972435438753,0.0222906182841573,0.032885565444127296,0.014252395884459899
0.698131700797732,3.14159265358979,1.27409035395586,3.83972435438753,0.022215412565599148,0.0328504034963513,0.01440966424920935
0.698131700797732,3.14159265358979,1.2915436464758,3.83972435438753,0.0223167836735109,0.0327422083088023,0.014396038794934299
0.698131700797732,3.14159265358979,1.30899693899575,3.83972435438753,0.02207601271069085,0.032243386460994256,0.0141684159606655
0.698131700797732,3.14159265358979,1.32645023151569,3.83972435438753,0.020946280733999102,0.030428805593076,0.0134891161478766
0.698131700797732,3.14159265358979,1.34390352403563,3.83972435438753,0.0194826935743052,0.0282147223048024,0.01252788665576335
0.698131700797732,3.14159265358979,1.36135681655558,3.83972435438753,0.01791328223049285,0.0261287941340961,0.0115919405401775
0.698131700797732,3.14159265358979,1.37881010907552,3.83972435438753,0.0164132749000009,0.02396360785620205,0.0105854781550261
0.698131700797732,3.14159265358979,1.39626340159546,3.83972435438753,0.01494422226928815,0.021752091921045998,0.009643715892822726
0.698131700797732,3.14159265358979,1.41371669411541,3.83972435438753,0.01344411607085735,0.0195846011649165,0.00869999085555309
0.698131700797732,3.14159265358979,1.43116998663535,3.83972435438753,0.01196313119843065,0.0173927421165426,0.007710676631191585
0.698131700797732,3.14159265358979,1.44862327915529,3.83972435438753,0.01044080409877075,0.0152660201843168,0.00669700734316295
0.698131700797732,3.14159265358979,1.46607657167524,3.83972435438753,0.008981237335769185,0.01303326680745665,0.00579136256241627
0.698131700797732,3.14159265358979,1.48352986419518,3.83972435438753,0.00748345333282893,0.010861291120998401,0.004816952360532825
0.698131700797732,3.14159265358979,1.50098315671512,3.83972435438753,0.00596699327673967,0.008713203019322236,0.0038608647624937
0.698131700797732,3.14159265358979,1.51843644923507,3.83972435438753,0.004480334737410845,0.00652702231205857,0.0028977761406110353
0.698131700797732,3.14159265358979,1.53588974175501,3.83972435438753,0.002987521332533845,0.00434759957480011,0.001927723485749465
0.698131700797732,3.14159265358979,1.55334303427495,3.83972435438753,0.00149265819892202,0.00217334459653384,0.0009651212811897375
0.698131700797732,3.14159265358979,1.5707963267949,3.83972435438753,-3.18894205300623e-06,-1.5121624905530001e-05,-1.0667518743266031e-05
0.698131700797732,3.14159265358979,0.0174532925199433,4.01425727958696,0.02325118544064125,0.03447802524489285,0.014169622435777799
0.698131700797732,3.14159265358979,0.0349065850398866,4.01425727958696,0.023355480189170198,0.0343832202247771,0.0142905932773091
0.698131700797732,3.14159265358979,0.0523598775598299,4.01425727958696,0.023589743740968,0.03434822837020185,0.01452601887443335
0.698131700797732,3.14159265358979,0.0698131700797732,4.01425727958696,0.02366646990737955,0.03445864913981095,0.01466802808048115
0.698131700797732,3.14159265358979,0.0872664625997165,4.01425727958696,0.0235331951994281,0.034607958813775194,0.0146058628243887
0.698131700797732,3.14159265358979,0.10471975511966,4.01425727958696,0.0234933013673128,0.034593113566533704,0.014714021926899249
0.698131700797732,3.14159265358979,0.122173047639603,4.01425727958696,0.023476924065264748,0.034652154778108804,0.0147571684280764
0.698131700797732,3.14159265358979,0.139626340159546,4.01425727958696,0.02350896007327155,0.034778669430970646,0.014884427353156201
0.698131700797732,3.14159265358979,0.15707963267949,4.01425727958696,0.02348982164123765,0.034709484472576047,0.01510502631678615
0.698131700797732,3.14159265358979,0.174532925199433,4.01425727958696,0.02343597900337835,0.034555533644994155,0.01498064275840525
0.698131700797732,3.14159265358979,0.191986217719376,4.01425727958696,0.02329839349240835,0.03451145070733705,0.01477732979541735
0.698131700797732,3.14159265358979,0.20943951023932,4.01425727958696,0.0233653077999019,0.0346095064749497,0.01462803645444245
0.698131700797732,3.14159265358979,0.226892802759263,4.01425727958696,0.023310920376408847,0.0347821695656321,0.014783087263921
0.698131700797732,3.14159265358979,0.244346095279206,4.01425727958696,0.02354169490104975,0.034530226037353104,0.0147797007080782
0.698131700797732,3.14159265358979,0.261799387799149,4.01425727958696,0.0233384764649151,0.03429027530877745,0.0146697532909395
0.698131700797732,3.14159265358979,0.279252680319093,4.01425727958696,0.02315476968129445,0.034089199562398004,0.014449915815681301
0.698131700797732,3.14159265358979,0.296705972839036,4.01425727958696,0.023286023717361402,0.03413646076300225,0.014323831081969749
0.698131700797732,3.14159265358979,0.314159265358979,4.01425727958696,0.023220117947054197,0.03422541091957385,0.01439463021546205
0.698131700797732,3.14159265358979,0.331612557878923,4.01425727958696,0.0232956892253178,0.03430686148751075,0.01447835645616875
0.698131700797732,3.14159265358979,0.349065850398866,4.01425727958696,0.0236507764125974,0.03454973922928165,0.0144602379111736
0.698131700797732,3.14159265358979,0.366519142918809,4.01425727958696,0.023814633332820148,0.034676337864787604,0.01428610374587265
0.698131700797732,3.14159265358979,0.383972435438752,4.01425727958696,0.023974075890491352,0.03464233922881045,0.0143289248470794
0.698131700797732,3.14159265358979,0.401425727958696,4.01425727958696,0.02415461212601205,0.034422559092617905,0.014146383560469999
0.698131700797732,3.14159265358979,0.418879020478639,4.01425727958696,0.0240427173258997,0.034579061501387,0.0141369367297317
0.698131700797732,3.14159265358979,0.436332312998582,4.01425727958696,0.02394716756718765,0.034895849940836596,0.0143948171860548
0.698131700797732,3.14159265358979,0.453785605518526,4.01425727958696,0.0240250313047337,0.03510199051637035,0.0149352229517557
0.698131700797732,3.14159265358979,0.471238898038469,4.01425727958696,0.0239493117945845,0.0350144400256407,0.014952899009928949
0.698131700797732,3.14159265358979,0.488692190558412,4.01425727958696,0.02382290363110785,0.03491264539521665,0.0146795790303531
0.698131700797732,3.14159265358979,0.506145483078356,4.01425727958696,0.02376316643542935,0.034947696840694,0.0144014713582393
0.698131700797732,3.14159265358979,0.523598775598299,4.01425727958696,0.023873860607518248,0.03510032081187705,0.0142462242387666
0.698131700797732,3.14159265358979,0.541052068118242,4.01425727958696,0.023867918875109903,0.0349007171990523,0.01447292573083765
0.698131700797732,3.14159265358979,0.558505360638185,4.01425727958696,0.024018748282866452,0.0347755772608495,0.0146656374174328
0.698131700797732,3.14159265358979,0.575958653158129,4.01425727958696,0.024106673964233098,0.03465542866850185,0.01451255109349015
0.698131700797732,3.14159265358979,0.593411945678072,4.01425727958696,0.023593133884413947,0.03454633950089915,0.014170591297700649
0.698131700797732,3.14159265358979,0.610865238198015,4.01425727958696,0.02358255001486625,0.034771297031176804,0.0140744778632413
0.698131700797732,3.14159265358979,0.628318530717959,4.01425727958696,0.0236873130448893,0.034961902530303846,0.013942862065070099
0.698131700797732,3.14159265358979,0.645771823237902,4.01425727958696,0.0235776056259763,0.03509786801033555,0.0139912844869016
0.698131700797732,3.14159265358979,0.663225115757845,4.01425727958696,0.02318383097347615,0.0352607897397201,0.014307690414870549
0.698131700797732,3.14159265358979,0.680678408277788,4.01425727958696,0.02303776499300825,0.03505972482130015,0.0144052178680357
0.698131700797732,3.14159265358979,0.698131700797732,4.01425727958696,0.0234337785054966,0.03496532313786095,0.01430097040303465
0.698131700797732,3.14159265358979,0.715584993317675,4.01425727958696,0.0236152168661128,0.034853917524261896,0.0141865304000215
0.698131700797732,3.14159265358979,0.733038285837618,4.01425727958696,0.023593302433941053,0.03479934591967595,0.0139421088187811
0.698131700797732,3.14159265358979,0.750491578357562,4.01425727958696,0.02353885926661335,0.03481663442793195,0.01403250136247625
0.698131700797732,3.14159265358979,0.767944870877505,4.01425727958696,0.023531211537531252,0.03456697136245496,0.014081280855780899
0.698131700797732,3.14159265358979,0.785398163397448,4.01425727958696,0.02329460569307145,0.0344011737739256,0.0140978725904237
0.698131700797732,3.14159265358979,0.802851455917391,4.01425727958696,0.023305225245598048,0.034581531158103945,0.014246729375339051
0.698131700797732,3.14159265358979,0.820304748437335,4.01425727958696,0.02352645765106855,0.0347762910419627,0.0145045995320868
0.698131700797732,3.14159265358979,0.837758040957278,4.01425727958696,0.0238797162186138,0.03483871494119025,0.014312514426212099
0.698131700797732,3.14159265358979,0.855211333477221,4.01425727958696,0.024047472986999,0.0349007647420215,0.0139089590214486
0.698131700797732,3.14159265358979,0.872664625997165,4.01425727958696,0.023818721164744948,0.035021785353666596,0.0138135551283787
0.698131700797732,3.14159265358979,0.890117918517108,4.01425727958696,0.0230981064393081,0.034752274257792606,0.013889918277854199
0.698131700797732,3.14159265358979,0.907571211037051,4.01425727958696,0.02316871320361735,0.03471503172661955,0.013729734660125299
0.698131700797732,3.14159265358979,0.925024503556995,4.01425727958696,0.0228038756847926,0.0345566028386696,0.0140005914678457
0.698131700797732,3.14159265358979,0.942477796076938,4.01425727958696,0.022845048224440702,0.034666465509404096,0.014240173276794051
0.698131700797732,3.14159265358979,0.959931088596881,4.01425727958696,0.02331687574706675,0.03462812824695915,0.01419845253274475
0.698131700797732,3.14159265358979,0.977384381116825,4.01425727958696,0.02396825019374115,0.03431507862170865,0.01418651697638365
0.698131700797732,3.14159265358979,0.994837673636768,4.01425727958696,0.023810639257857598,0.034460179377238,0.01428327572428695
0.698131700797732,3.14159265358979,1.01229096615671,4.01425727958696,0.0236486434190005,0.034517215356766745,0.01418507714694895
0.698131700797732,3.14159265358979,1.02974425867665,4.01425727958696,0.02329870127012765,0.0342658860433246,0.0139403957496958
0.698131700797732,3.14159265358979,1.0471975511966,4.01425727958696,0.0232893177179514,0.034164775413648096,0.01397352518758975
0.698131700797732,3.14159265358979,1.06465084371654,4.01425727958696,0.023733882001170048,0.03421858184299365,0.01398607788777885
0.698131700797732,3.14159265358979,1.08210413623648,4.01425727958696,0.02424193229905275,0.03419278593728775,0.014117887570588
0.698131700797732,3.14159265358979,1.09955742875643,4.01425727958696,0.02425405639388355,0.0340416556609266,0.014018307924649101
0.698131700797732,3.14159265358979,1.11701072127637,4.01425727958696,0.02405379543257575,0.0343101973828495,0.01422711484135185
0.698131700797732,3.14159265358979,1.13446401379631,4.01425727958696,0.02405766940810345,0.034453363461487696,0.01397192621489135
0.698131700797732,3.14159265358979,1.15191730631626,4.01425727958696,0.023749449457015098,0.0344961087407958,0.01379314645713095
0.698131700797732,3.14159265358979,1.1693705988362,4.01425727958696,0.0233922500676467,0.034511366739890595,0.0137697014197264
0.698131700797732,3.14159265358979,1.18682389135614,4.01425727958696,0.02287906220938645,0.0343267888616219,0.01362091775302045
0.698131700797732,3.14159265358979,1.20427718387609,4.01425727958696,0.02235112462941245,0.0341820033499603,0.013566601683762499
0.698131700797732,3.14159265358979,1.22173047639603,4.01425727958696,0.0219680458681569,0.033818307803331144,0.013776450772707
0.698131700797732,3.14159265358979,1.23918376891597,4.01425727958696,0.0216108523734827,0.0337488301384327,0.01370441797527095
0.698131700797732,3.14159265358979,1.25663706143592,4.01425727958696,0.021365384591619,0.033546067459609405,0.014013741130216001
0.698131700797732,3.14159265358979,1.27409035395586,4.01425727958696,0.021165179831831853,0.033601648903901854,0.01410380755096315
0.698131700797732,3.14159265358979,1.2915436464758,4.01425727958696,0.02119507665356835,0.033528761608099755,0.013721439773691349
0.698131700797732,3.14159265358979,1.30899693899575,4.01425727958696,0.02108662832627395,0.0331667480950815,0.0137814507432008
0.698131700797732,3.14159265358979,1.32645023151569,4.01425727958696,0.01984583876868995,0.03136778861813455,0.01295607191739135
0.698131700797732,3.14159265358979,1.34390352403563,4.01425727958696,0.01852572262170515,0.029150988856891852,0.0120842715106098
0.698131700797732,3.14159265358979,1.36135681655558,4.01425727958696,0.01689002300638465,0.02687583102950135,0.01104452652193515
0.698131700797732,3.14159265358979,1.37881010907552,4.01425727958696,0.01548964286066205,0.0246176493001145,0.01012318967863024
0.698131700797732,3.14159265358979,1.39626340159546,4.01425727958696,0.0141112176973163,0.022394102516932503,0.009223694986720505
0.698131700797732,3.14159265358979,1.41371669411541,4.01425727958696,0.0126459690850317,0.020152921683645998,0.008279076957529396
0.698131700797732,3.14159265358979,1.43116998663535,4.01425727958696,0.011318818835938799,0.0179199653396988,0.007393101352634715
0.698131700797732,3.14159265358979,1.44862327915529,4.01425727958696,0.00998345993959618,0.0156959530307334,0.006530148243326836
0.698131700797732,3.14159265358979,1.46607657167524,4.01425727958696,0.008499386391857575,0.0134460064603907,0.00555232864650488
0.698131700797732,3.14159265358979,1.48352986419518,4.01425727958696,0.0070972157096929,0.01120348318672295,0.004631881130795765
0.698131700797732,3.14159265358979,1.50098315671512,4.01425727958696,0.0056197925395621,0.008956058808714425,0.003682215264175585
0.698131700797732,3.14159265358979,1.51843644923507,4.01425727958696,0.00421708323102655,0.006716073260156265,0.002760037630640785
0.698131700797732,3.14159265358979,1.53588974175501,4.01425727958696,0.0028215421772735,0.004476549685155784,0.00184417206966012
0.698131700797732,3.14159265358979,1.55334303427495,4.01425727958696,0.00140581786812606,0.0022371243581591604,0.000919909285000256
0.698131700797732,3.14159265358979,1.5707963267949,4.01425727958696,1.557811476717365e-05,-8.655487768363661e-06,5.4166353312748456e-06
0.698131700797732,3.14159265358979,0.0174532925199433,4.18879020478639,0.0232357361865126,0.034426315065781,0.014204102734309401
0.698131700797732,3.14159265358979,0.0349065850398866,4.18879020478639,0.02340017221550115,0.0344048704064876,0.014359227335421599
0.698131700797732,3.14159265358979,0.0523598775598299,4.18879020478639,0.02358174582519015,0.034410954981712996,0.01467775544698645
0.698131700797732,3.14159265358979,0.0698131700797732,4.18879020478639,0.023671705595496847,0.0345024447158935,0.014721696675508551
0.698131700797732,3.14159265358979,0.0872664625997165,4.18879020478639,0.0235968021203709,0.0345886985952369,0.0146695872082701
0.698131700797732,3.14159265358979,0.10471975511966,4.18879020478639,0.023709002937113498,0.034510973950984944,0.0146962145463949
0.698131700797732,3.14159265358979,0.122173047639603,4.18879020478639,0.023768984105473352,0.034489231818750105,0.0147714019436257
0.698131700797732,3.14159265358979,0.139626340159546,4.18879020478639,0.0233504544310219,0.03465781745563025,0.01496804233445705
0.698131700797732,3.14159265358979,0.15707963267949,4.18879020478639,0.023245688524861897,0.034548897073932355,0.01494556607771145
0.698131700797732,3.14159265358979,0.174532925199433,4.18879020478639,0.023255960892872553,0.03466743569664895,0.0146414059649802
0.698131700797732,3.14159265358979,0.191986217719376,4.18879020478639,0.023202501726112,0.03482281141754395,0.01442633506982915
0.698131700797732,3.14159265358979,0.20943951023932,4.18879020478639,0.02325762721805555,0.03479177793351525,0.01440165899790335
0.698131700797732,3.14159265358979,0.226892802759263,4.18879020478639,0.0232491016979203,0.0344195693181065,0.0146852954927899
0.698131700797732,3.14159265358979,0.244346095279206,4.18879020478639,0.0233482850957558,0.03414900609298965,0.0147052121305631
0.698131700797732,3.14159265358979,0.261799387799149,4.18879020478639,0.02345148260367175,0.0342014441574381,0.014695422597618
0.698131700797732,3.14159265358979,0.279252680319093,4.18879020478639,0.023197549841034698,0.03407529252708105,0.01486239739036875
0.698131700797732,3.14159265358979,0.296705972839036,4.18879020478639,0.0229506291586144,0.034151262485446796,0.01489790050141715
0.698131700797732,3.14159265358979,0.314159265358979,4.18879020478639,0.02296075219173015,0.0343001538745895,0.0146771878508329
0.698131700797732,3.14159265358979,0.331612557878923,4.18879020478639,0.02333063406489835,0.0343316700644587,0.0145729455182703
0.698131700797732,3.14159265358979,0.349065850398866,4.18879020478639,0.0235720641377128,0.0342046851424554,0.014553184446972251
0.698131700797732,3.14159265358979,0.366519142918809,4.18879020478639,0.023604205719627798,0.0342003439075027,0.01435083508525375
0.698131700797732,3.14159265358979,0.383972435438752,4.18879020478639,0.023672173905848047,0.0342992702654735,0.01431635140462005
0.698131700797732,3.14159265358979,0.401425727958696,4.18879020478639,0.0236464802874817,0.034676774017183304,0.01464003997469785
0.698131700797732,3.14159265358979,0.418879020478639,4.18879020478639,0.0236671727480364,0.0347473698253842,0.014848221765681
0.698131700797732,3.14159265358979,0.436332312998582,4.18879020478639,0.02363551673669445,0.0348233007329327,0.0147101990519563
0.698131700797732,3.14159265358979,0.453785605518526,4.18879020478639,0.023608825012144,0.0347313996335478,0.0146316211846364
0.698131700797732,3.14159265358979,0.471238898038469,4.18879020478639,0.023707439116842352,0.034716079919145604,0.014712127878427
0.698131700797732,3.14159265358979,0.488692190558412,4.18879020478639,0.02360665962088985,0.034674542925728746,0.01471850503376235
0.698131700797732,3.14159265358979,0.506145483078356,4.18879020478639,0.02329814417885895,0.0346721266141993,0.01477738925352
0.698131700797732,3.14159265358979,0.523598775598299,4.18879020478639,0.02314376423448035,0.0346246962616423,0.014610142838294649
0.698131700797732,3.14159265358979,0.541052068118242,4.18879020478639,0.023330010492909503,0.035002836071696755,0.014269732415615799
0.698131700797732,3.14159265358979,0.558505360638185,4.18879020478639,0.0231365513208625,0.03526695473485915,0.01412912432965255
0.698131700797732,3.14159265358979,0.575958653158129,4.18879020478639,0.0231960378242273,0.03526597819727355,0.01415589277403005
0.698131700797732,3.14159265358979,0.593411945678072,4.18879020478639,0.02318676365918705,0.035200511191468456,0.0142345557005492
0.698131700797732,3.14159265358979,0.610865238198015,4.18879020478639,0.023039003928773602,0.03498948687152295,0.0139720489013789
0.698131700797732,3.14159265358979,0.628318530717959,4.18879020478639,0.02302697945979635,0.03495860212135455,0.01379273342702255
0.698131700797732,3.14159265358979,0.645771823237902,4.18879020478639,0.02285989044748125,0.03468984269529495,0.014233049703354851
0.698131700797732,3.14159265358979,0.663225115757845,4.18879020478639,0.023128157493473002,0.03427291131214045,0.0144848974860352
0.698131700797732,3.14159265358979,0.680678408277788,4.18879020478639,0.0231249800661733,0.0344244325556909,0.014513863496050699
0.698131700797732,3.14159265358979,0.698131700797732,4.18879020478639,0.02317216422712865,0.034542105738451845,0.014614087446445548
0.698131700797732,3.14159265358979,0.715584993317675,4.18879020478639,0.02321735365423305,0.034629782139159,0.014468595006082951
0.698131700797732,3.14159265358979,0.733038285837618,4.18879020478639,0.023405502126614,0.034583417525885854,0.0146181476451064
0.698131700797732,3.14159265358979,0.750491578357562,4.18879020478639,0.02354892607296745,0.0342480281219648,0.014852525835508949
0.698131700797732,3.14159265358979,0.767944870877505,4.18879020478639,0.0234564465992183,0.0343266211534977,0.01498871434223445
0.698131700797732,3.14159265358979,0.785398163397448,4.18879020478639,0.023422992014701702,0.034563609060787495,0.0147576779427818
0.698131700797732,3.14159265358979,0.802851455917391,4.18879020478639,0.0239037548006506,0.03470155090243425,0.01470021658323415
0.698131700797732,3.14159265358979,0.820304748437335,4.18879020478639,0.023645671299529,0.0346542601651982,0.01438094480271555
0.698131700797732,3.14159265358979,0.837758040957278,4.18879020478639,0.0231812190466705,0.034757296533806645,0.014166318775434249
0.698131700797732,3.14159265358979,0.855211333477221,4.18879020478639,0.0230495732196185,0.034718764211658454,0.01428407860062785
0.698131700797732,3.14159265358979,0.872664625997165,4.18879020478639,0.0231708256010605,0.0349866163718383,0.01443226487434825
0.698131700797732,3.14159265358979,0.890117918517108,4.18879020478639,0.023232433598034202,0.0351360397480473,0.0143131578593788
0.698131700797732,3.14159265358979,0.907571211037051,4.18879020478639,0.02326172024845665,0.03540852589751025,0.01411814080253835
0.698131700797732,3.14159265358979,0.925024503556995,4.18879020478639,0.02299396348324775,0.0345927014930688,0.014044562158147249
0.698131700797732,3.14159265358979,0.942477796076938,4.18879020478639,0.0224852358108333,0.034403613320683396,0.01366958180138235
0.698131700797732,3.14159265358979,0.959931088596881,4.18879020478639,0.02249306230872975,0.03402275423538005,0.0133877227385743
0.698131700797732,3.14159265358979,0.977384381116825,4.18879020478639,0.0221559538724093,0.03409100052906065,0.0135342739304113
0.698131700797732,3.14159265358979,0.994837673636768,4.18879020478639,0.0223487176768286,0.0342593360859932,0.0136167216569475
0.698131700797732,3.14159265358979,1.01229096615671,4.18879020478639,0.022391155928326648,0.033805875476790495,0.01340630292266495
0.698131700797732,3.14159265358979,1.02974425867665,4.18879020478639,0.02273130120413975,0.03394954892097585,0.0136033531987726
0.698131700797732,3.14159265358979,1.0471975511966,4.18879020478639,0.02308965330722635,0.03434942560228785,0.0139009462314892
0.698131700797732,3.14159265358979,1.06465084371654,4.18879020478639,0.022513196302272352,0.034558649412166256,0.013647883307261351
0.698131700797732,3.14159265358979,1.08210413623648,4.18879020478639,0.022071976797538702,0.034465486488716904,0.0136549247972029
0.698131700797732,3.14159265358979,1.09955742875643,4.18879020478639,0.022281318954816,0.0340232961684717,0.01344135037495315
0.698131700797732,3.14159265358979,1.11701072127637,4.18879020478639,0.0222879276289946,0.0337404105110232,0.0134137469435601
0.698131700797732,3.14159265358979,1.13446401379631,4.18879020478639,0.02215054215731585,0.03348969690534365,0.0134738574441529
0.698131700797732,3.14159265358979,1.15191730631626,4.18879020478639,0.02195296081024915,0.03301979741709585,0.01350659837023575
0.698131700797732,3.14159265358979,1.1693705988362,4.18879020478639,0.022233466719674598,0.032728291249551,0.01373167170225335
0.698131700797732,3.14159265358979,1.18682389135614,4.18879020478639,0.02277492464790635,0.032973430915393606,0.0135095954754593
0.698131700797732,3.14159265358979,1.20427718387609,4.18879020478639,0.02281816026555725,0.03287550539620045,0.013528881641968301
0.698131700797732,3.14159265358979,1.22173047639603,4.18879020478639,0.023107877571772552,0.032539835622193855,0.0134308557593244
0.698131700797732,3.14159265358979,1.23918376891597,4.18879020478639,0.02312235130098425,0.03238723858265105,0.01369743536820465
0.698131700797732,3.14159265358979,1.25663706143592,4.18879020478639,0.0234160664213137,0.0323374388565137,0.013321417629809849
0.698131700797732,3.14159265358979,1.27409035395586,4.18879020478639,0.02299380778704905,0.03220234873550745,0.0134575926355627
0.698131700797732,3.14159265358979,1.2915436464758,4.18879020478639,0.022974722252522152,0.0320383255817605,0.01302968230386385
0.698131700797732,3.14159265358979,1.30899693899575,4.18879020478639,0.0219548960445945,0.0315869292090773,0.013674309809426851
0.698131700797732,3.14159265358979,1.32645023151569,4.18879020478639,0.020556916233273097,0.02973387182766995,0.01300535653842585
0.698131700797732,3.14159265358979,1.34390352403563,4.18879020478639,0.0191656482118611,0.02763242105257795,0.0119324927731844
0.698131700797732,3.14159265358979,1.36135681655558,4.18879020478639,0.01772375715269165,0.02549684281531155,0.01101384713263415
0.698131700797732,3.14159265358979,1.37881010907552,4.18879020478639,0.0162328240559619,0.0233891372972154,0.010003432850114836
0.698131700797732,3.14159265358979,1.39626340159546,4.18879020478639,0.01472184642084835,0.0212438387276223,0.009246053717574816
0.698131700797732,3.14159265358979,1.41371669411541,4.18879020478639,0.01327111272697985,0.01912125543255395,0.008290545773800785
0.698131700797732,3.14159265358979,1.43116998663535,4.18879020478639,0.0117486912495972,0.01699113924127245,0.00742922700679934
0.698131700797732,3.14159265358979,1.44862327915529,4.18879020478639,0.01032581498271635,0.0148745571144994,0.0064348612008696855
0.698131700797732,3.14159265358979,1.46607657167524,4.18879020478639,0.008885678847017086,0.01274875515349335,0.00546797473327993
0.698131700797732,3.14159265358979,1.48352986419518,4.18879020478639,0.007389348620514705,0.010628512375740851,0.00455471376886698
0.698131700797732,3.14159265358979,1.50098315671512,4.18879020478639,0.0058994651711998195,0.008497976773882065,0.003683026622505075
0.698131700797732,3.14159265358979,1.51843644923507,4.18879020478639,0.004420994068306065,0.0063712170495309455,0.002760123632351695
0.698131700797732,3.14159265358979,1.53588974175501,4.18879020478639,0.00293979308647696,0.004248018323001189,0.00185491098456319
0.698131700797732,3.14159265358979,1.55334303427495,4.18879020478639,0.0014752679519805848,0.002122089440781665,0.000916377195019944
0.698131700797732,3.14159265358979,1.5707963267949,4.18879020478639,0.0008212397561674376,0.00119213854423359,0.0005229865867518505
0.698131700797732,3.14159265358979,0.0174532925199433,4.36332312998582,0.023226816909098502,0.0343857937191961,0.0142415732442626
0.698131700797732,3.14159265358979,0.0349065850398866,4.36332312998582,0.02344697021721185,0.034461651716323455,0.014416928577639949
0.698131700797732,3.14159265358979,0.0523598775598299,4.36332312998582,0.02353646558165295,0.03446770547117265,0.0148202364453003
0.698131700797732,3.14159265358979,0.0698131700797732,4.36332312998582,0.02359517174498805,0.03461287196903195,0.014786275672326949
0.698131700797732,3.14159265358979,0.0872664625997165,4.36332312998582,0.02364295343719195,0.03455708846890395,0.014826466091279751
0.698131700797732,3.14159265358979,0.10471975511966,4.36332312998582,0.02381095623236515,0.0344661090422727,0.014836768464424551
0.698131700797732,3.14159265358979,0.122173047639603,4.36332312998582,0.02371968624651255,0.03437059977513215,0.01494099841755025
0.698131700797732,3.14159265358979,0.139626340159546,4.36332312998582,0.0233519995907507,0.03428635146654855,0.0148888556521083
0.698131700797732,3.14159265358979,0.15707963267949,4.36332312998582,0.023255681640189853,0.03430767925606905,0.014583490301658099
0.698131700797732,3.14159265358979,0.174532925199433,4.36332312998582,0.023346450354049197,0.034575325818813146,0.014623932038929699
0.698131700797732,3.14159265358979,0.191986217719376,4.36332312998582,0.02312946332560325,0.0347393255289704,0.014806436777281301
0.698131700797732,3.14159265358979,0.20943951023932,4.36332312998582,0.023065683797117,0.0345048637934754,0.0148715837446684
0.698131700797732,3.14159265358979,0.226892802759263,4.36332312998582,0.02322100721960725,0.0342828582573214,0.014784816873620099
0.698131700797732,3.14159265358979,0.244346095279206,4.36332312998582,0.023058533615619548,0.03433428762745505,0.014649595715377599
0.698131700797732,3.14159265358979,0.261799387799149,4.36332312998582,0.022777797442162698,0.03433602128280905,0.0145796392163387
0.698131700797732,3.14159265358979,0.279252680319093,4.36332312998582,0.02281713316014365,0.034001258781379703,0.01437477340653175
0.698131700797732,3.14159265358979,0.296705972839036,4.36332312998582,0.02318088559801865,0.034171592903560796,0.014396310015908749
0.698131700797732,3.14159265358979,0.314159265358979,4.36332312998582,0.023351531014045197,0.0340672686072864,0.014429101799918999
0.698131700797732,3.14159265358979,0.331612557878923,4.36332312998582,0.023494075639828402,0.03382005234837075,0.014412257734045
0.698131700797732,3.14159265358979,0.349065850398866,4.36332312998582,0.023731682186568202,0.0341470416636528,0.014549668700277199
0.698131700797732,3.14159265358979,0.366519142918809,4.36332312998582,0.023479324061811302,0.034359988796207094,0.014685165399735599
0.698131700797732,3.14159265358979,0.383972435438752,4.36332312998582,0.0232226413411219,0.0343995383612358,0.01482812388617285
0.698131700797732,3.14159265358979,0.401425727958696,4.36332312998582,0.02308386738084725,0.0344660175512336,0.014421748470559801
0.698131700797732,3.14159265358979,0.418879020478639,4.36332312998582,0.02323548414131625,0.0343713460119071,0.01422110706446005
0.698131700797732,3.14159265358979,0.436332312998582,4.36332312998582,0.023575682151027302,0.0342574510983178,0.0144151448580286
0.698131700797732,3.14159265358979,0.453785605518526,4.36332312998582,0.02357768101824575,0.0342437471052676,0.0146197740310917
0.698131700797732,3.14159265358979,0.471238898038469,4.36332312998582,0.02327287488029705,0.03437848633234195,0.0146468159228078
0.698131700797732,3.14159265358979,0.488692190558412,4.36332312998582,0.0231637915425894,0.0346230693181076,0.014478962823336949
0.698131700797732,3.14159265358979,0.506145483078356,4.36332312998582,0.02311439553427205,0.03478192361325015,0.0142472130262914
0.698131700797732,3.14159265358979,0.523598775598299,4.36332312998582,0.022935528572531103,0.03455155578197665,0.01417864567269135
0.698131700797732,3.14159265358979,0.541052068118242,4.36332312998582,0.02291767996234445,0.03465364420194295,0.0139756238509937
0.698131700797732,3.14159265358979,0.558505360638185,4.36332312998582,0.0231408907175399,0.035018745161617695,0.01385953995470595
0.698131700797732,3.14159265358979,0.575958653158129,4.36332312998582,0.0231233917755412,0.03490230301784395,0.0140986015299808
0.698131700797732,3.14159265358979,0.593411945678072,4.36332312998582,0.022929293520184302,0.0342942044198154,0.01442908858114935
0.698131700797732,3.14159265358979,0.610865238198015,4.36332312998582,0.0229821127529872,0.0341151107647866,0.0144394930825497
0.698131700797732,3.14159265358979,0.628318530717959,4.36332312998582,0.0231050412525855,0.034387207788975055,0.01467495028279925
0.698131700797732,3.14159265358979,0.645771823237902,4.36332312998582,0.023458062882889,0.0346599767824481,0.01480497500486945
0.698131700797732,3.14159265358979,0.663225115757845,4.36332312998582,0.02349568819629575,0.034503744211276194,0.01443198795868505
0.698131700797732,3.14159265358979,0.680678408277788,4.36332312998582,0.023309784221942798,0.034285584391715904,0.01415080261707145
0.698131700797732,3.14159265358979,0.698131700797732,4.36332312998582,0.023128709214151402,0.034218798298514805,0.01449562881783295
0.698131700797732,3.14159265358979,0.715584993317675,4.36332312998582,0.02338449434123285,0.0343779850952382,0.014660926949193801
0.698131700797732,3.14159265358979,0.733038285837618,4.36332312998582,0.02346422290895775,0.034681590052221906,0.01457146270099005
0.698131700797732,3.14159265358979,0.750491578357562,4.36332312998582,0.023394528714284553,0.03497989516124875,0.0143415770308927
0.698131700797732,3.14159265358979,0.767944870877505,4.36332312998582,0.02360921414984725,0.0351234950483919,0.01420640365768095
0.698131700797732,3.14159265358979,0.785398163397448,4.36332312998582,0.023705525274605198,0.03488819857708075,0.0142093283659451
0.698131700797732,3.14159265358979,0.802851455917391,4.36332312998582,0.023484217541364198,0.03464777297737345,0.01385492359099485
0.698131700797732,3.14159265358979,0.820304748437335,4.36332312998582,0.02334512024194765,0.034491969497352545,0.013896069789123298
0.698131700797732,3.14159265358979,0.837758040957278,4.36332312998582,0.023288655912946953,0.034256655037554554,0.01416326039902445
0.698131700797732,3.14159265358979,0.855211333477221,4.36332312998582,0.0228638923417271,0.034304603691952845,0.013980747062848551
0.698131700797732,3.14159265358979,0.872664625997165,4.36332312998582,0.0226084330687066,0.03395005415233305,0.013694994466700649
0.698131700797732,3.14159265358979,0.890117918517108,4.36332312998582,0.0221320195735856,0.03387576700145705,0.013889753536404
0.698131700797732,3.14159265358979,0.907571211037051,4.36332312998582,0.0225318216045116,0.03399361026957605,0.0137535031193159
0.698131700797732,3.14159265358979,0.925024503556995,4.36332312998582,0.02281037194494685,0.034230482597299994,0.0136777994878952
0.698131700797732,3.14159265358979,0.942477796076938,4.36332312998582,0.02201874618543765,0.0341357925535499,0.013851290881062399
0.698131700797732,3.14159265358979,0.959931088596881,4.36332312998582,0.02179866867524805,0.03375383293170605,0.01398688536084145
0.698131700797732,3.14159265358979,0.977384381116825,4.36332312998582,0.02161411423008795,0.0338858694513703,0.013952169124492899
0.698131700797732,3.14159265358979,0.994837673636768,4.36332312998582,0.0219097211310452,0.033704385288285954,0.01391568222232035
0.698131700797732,3.14159265358979,1.01229096615671,4.36332312998582,0.022002338571439052,0.03309343340933665,0.013952130562302802
0.698131700797732,3.14159265358979,1.02974425867665,4.36332312998582,0.02197907788669275,0.0329042568391579,0.0140287745969697
0.698131700797732,3.14159265358979,1.0471975511966,4.36332312998582,0.0218062393247716,0.032894808458873,0.0140936680597622
0.698131700797732,3.14159265358979,1.06465084371654,4.36332312998582,0.02179333794731505,0.0326309812279918,0.0140136175718133
0.698131700797732,3.14159265358979,1.08210413623648,4.36332312998582,0.02180025044121885,0.03228065913810175,0.013641892308682
0.698131700797732,3.14159265358979,1.09955742875643,4.36332312998582,0.02198060273253995,0.03186233703104035,0.0135198791742125
0.698131700797732,3.14159265358979,1.11701072127637,4.36332312998582,0.021874178779870197,0.031772540841378996,0.0136116278850764
0.698131700797732,3.14159265358979,1.13446401379631,4.36332312998582,0.021610738220611353,0.03184835205920305,0.0138598516032424
0.698131700797732,3.14159265358979,1.15191730631626,4.36332312998582,0.021553987305306,0.031977384626731054,0.01414729351964665
0.698131700797732,3.14159265358979,1.1693705988362,4.36332312998582,0.02148893596229315,0.03212672873761585,0.01451158426418275
0.698131700797732,3.14159265358979,1.18682389135614,4.36332312998582,0.02167013565778935,0.032254521589594604,0.01432214569988845
0.698131700797732,3.14159265358979,1.20427718387609,4.36332312998582,0.02174639136390505,0.032049801864244595,0.01400255059988945
0.698131700797732,3.14159265358979,1.22173047639603,4.36332312998582,0.021713051743061797,0.03209670170750105,0.0140338032226594
0.698131700797732,3.14159265358979,1.23918376891597,4.36332312998582,0.021795539959612552,0.031890912992118006,0.013856634177903001
0.698131700797732,3.14159265358979,1.25663706143592,4.36332312998582,0.021367855294397553,0.0314349441476197,0.0138768320388511
0.698131700797732,3.14159265358979,1.27409035395586,4.36332312998582,0.02096583589576495,0.0316743318098658,0.01389745590045365
0.698131700797732,3.14159265358979,1.2915436464758,4.36332312998582,0.0209297690326972,0.03125004833401935,0.013591861192720149
0.698131700797732,3.14159265358979,1.30899693899575,4.36332312998582,0.0204828030037495,0.0305819193230415,0.013393245023104551
0.698131700797732,3.14159265358979,1.32645023151569,4.36332312998582,0.0194554886927739,0.02896646668791465,0.01270242864331035
0.698131700797732,3.14159265358979,1.34390352403563,4.36332312998582,0.018034354128158,0.02673325964994435,0.0119061034615353
0.698131700797732,3.14159265358979,1.36135681655558,4.36332312998582,0.0166238828745067,0.024665282581484198,0.011008997992227851
0.698131700797732,3.14159265358979,1.37881010907552,4.36332312998582,0.015285628764814551,0.02274784577347825,0.00998752860334802
0.698131700797732,3.14159265358979,1.39626340159546,4.36332312998582,0.01387458219391205,0.020575650810887497,0.009149799023548226
0.698131700797732,3.14159265358979,1.41371669411541,4.36332312998582,0.012503427766238449,0.01863069663225185,0.0081592026829518
0.698131700797732,3.14159265358979,1.43116998663535,4.36332312998582,0.011115270872563449,0.0165364174378934,0.007268660986745714
0.698131700797732,3.14159265358979,1.44862327915529,4.36332312998582,0.009707814117601066,0.0143819276106804,0.00641887195411224
0.698131700797732,3.14159265358979,1.46607657167524,4.36332312998582,0.00833477943141687,0.012398174672837749,0.005452321899442625
0.698131700797732,3.14159265358979,1.48352986419518,4.36332312998582,0.0069458601789607645,0.01033045946721085,0.00454568071707083
0.698131700797732,3.14159265358979,1.50098315671512,4.36332312998582,0.005545972282176105,0.008214480505192155,0.0036690892456620397
0.698131700797732,3.14159265358979,1.51843644923507,4.36332312998582,0.00416299860736395,0.0061791964049770845,0.0027388542533089847
0.698131700797732,3.14159265358979,1.53588974175501,4.36332312998582,0.002777547702747565,0.004130196723947535,0.0018186863306973349
0.698131700797732,3.14159265358979,1.55334303427495,4.36332312998582,0.0013862417489322251,0.002057586953604785,0.0009120502044218429
0.698131700797732,3.14159265358979,1.5707963267949,4.36332312998582,0.000879644236623299,0.00130938652373337,0.0005743889782357465
0.698131700797732,3.14159265358979,0.0174532925199433,4.53785605518526,0.0232237315210709,0.0343561443966382,0.01428146286304625
0.698131700797732,3.14159265358979,0.0349065850398866,4.53785605518526,0.023479481310465698,0.0345430468974487,0.014436687688850449
0.698131700797732,3.14159265358979,0.0523598775598299,4.53785605518526,0.023616978418916502,0.034507094379157846,0.01480688688201035
0.698131700797732,3.14159265358979,0.0698131700797732,4.53785605518526,0.0235932286215083,0.034639050962573595,0.0148204285666497
0.698131700797732,3.14159265358979,0.0872664625997165,4.53785605518526,0.023607262493419552,0.03460542352691315,0.0150726017938459
0.698131700797732,3.14159265358979,0.10471975511966,4.53785605518526,0.02368214965018265,0.0348118267350568,0.0150186603736122
0.698131700797732,3.14159265358979,0.122173047639603,4.53785605518526,0.023640056849554447,0.0347649693301537,0.0150610252771922
0.698131700797732,3.14159265358979,0.139626340159546,4.53785605518526,0.023503129206990353,0.034569110710778256,0.015106849971128
0.698131700797732,3.14159265358979,0.15707963267949,4.53785605518526,0.023694319672148648,0.03449644678880915,0.01483985549646185
0.698131700797732,3.14159265358979,0.174532925199433,4.53785605518526,0.023617775917680002,0.0345813060773726,0.01463016060466135
0.698131700797732,3.14159265358979,0.191986217719376,4.53785605518526,0.02348595341498105,0.03468591580024835,0.014733574254278299
0.698131700797732,3.14159265358979,0.20943951023932,4.53785605518526,0.023658751437503102,0.0346089084613949,0.01472575182529995
0.698131700797732,3.14159265358979,0.226892802759263,4.53785605518526,0.02356382377469455,0.03455850901386375,0.01440403702529795
0.698131700797732,3.14159265358979,0.244346095279206,4.53785605518526,0.0235702344521639,0.0345995477525803,0.01459441186998935
0.698131700797732,3.14159265358979,0.261799387799149,4.53785605518526,0.023425846418023352,0.0346143778332067,0.014679015382187851
0.698131700797732,3.14159265358979,0.279252680319093,4.53785605518526,0.023376794790057852,0.0342347634131589,0.01441481547227915
0.698131700797732,3.14159265358979,0.296705972839036,4.53785605518526,0.02326553670483995,0.033743050265007804,0.014251099316980799
0.698131700797732,3.14159265358979,0.314159265358979,4.53785605518526,0.02314405363440365,0.0337673259299726,0.0141874710197265
0.698131700797732,3.14159265358979,0.331612557878923,4.53785605518526,0.023158013351437252,0.03397367443242305,0.013994849579671401
0.698131700797732,3.14159265358979,0.349065850398866,4.53785605518526,0.02307779330992505,0.0342075519200421,0.014149734810911151
0.698131700797732,3.14159265358979,0.366519142918809,4.53785605518526,0.0232222234764984,0.034331334884339454,0.01426965194410875
0.698131700797732,3.14159265358979,0.383972435438752,4.53785605518526,0.023269348167175,0.034460960437298696,0.014280966981571351
0.698131700797732,3.14159265358979,0.401425727958696,4.53785605518526,0.023391763892459,0.0344655966887005,0.0145285490898501
0.698131700797732,3.14159265358979,0.418879020478639,4.53785605518526,0.02345111362598805,0.0343283820152282,0.01466171612091815
0.698131700797732,3.14159265358979,0.436332312998582,4.53785605518526,0.02335798754893025,0.03427254860052705,0.01455024299289955
0.698131700797732,3.14159265358979,0.453785605518526,4.53785605518526,0.023317395685042652,0.0343719841815995,0.0146688627934077
0.698131700797732,3.14159265358979,0.471238898038469,4.53785605518526,0.02333953095453955,0.034451638424036396,0.0148755846191823
0.698131700797732,3.14159265358979,0.488692190558412,4.53785605518526,0.02329593766869345,0.0344929091105874,0.014886477468184951
0.698131700797732,3.14159265358979,0.506145483078356,4.53785605518526,0.0231270386452186,0.0345282546154206,0.014615834609031899
0.698131700797732,3.14159265358979,0.523598775598299,4.53785605518526,0.023036644381019447,0.03456347004594025,0.0142676865412342
0.698131700797732,3.14159265358979,0.541052068118242,4.53785605518526,0.02306688508706485,0.03455941788146805,0.0143821691991029
0.698131700797732,3.14159265358979,0.558505360638185,4.53785605518526,0.02304597809257545,0.03456382281073345,0.0147446048572618
0.698131700797732,3.14159265358979,0.575958653158129,4.53785605518526,0.023008559972274648,0.0343800246414305,0.01467036335962045
0.698131700797732,3.14159265358979,0.593411945678072,4.53785605518526,0.02296271665157575,0.0342049203575188,0.01461323192608595
0.698131700797732,3.14159265358979,0.610865238198015,4.53785605518526,0.02317948847542395,0.03425819759372385,0.01475877196537595
0.698131700797732,3.14159265358979,0.628318530717959,4.53785605518526,0.02359456096573035,0.0342768487995216,0.01467214716049375
0.698131700797732,3.14159265358979,0.645771823237902,4.53785605518526,0.0236598043532026,0.0342032854509392,0.01460392410760095
0.698131700797732,3.14159265358979,0.663225115757845,4.53785605518526,0.02353868285651635,0.0343673895120327,0.01469613266350325
0.698131700797732,3.14159265358979,0.680678408277788,4.53785605518526,0.0236090565615877,0.03463909965115865,0.0146884998213934
0.698131700797732,3.14159265358979,0.698131700797732,4.53785605518526,0.02361828750971245,0.03480434314663395,0.01458785030145715
0.698131700797732,3.14159265358979,0.715584993317675,4.53785605518526,0.023315876683472098,0.03474273787836135,0.014597650144195552
0.698131700797732,3.14159265358979,0.733038285837618,4.53785605518526,0.0231631462101947,0.03460052459535125,0.01452778644998865
0.698131700797732,3.14159265358979,0.750491578357562,4.53785605518526,0.0231770113845719,0.03455285271475455,0.01435712167026085
0.698131700797732,3.14159265358979,0.767944870877505,4.53785605518526,0.02314484691964135,0.03472812508489505,0.014463676361085951
0.698131700797732,3.14159265358979,0.785398163397448,4.53785605518526,0.02301525724317825,0.034965807738361845,0.01449636454041595
0.698131700797732,3.14159265358979,0.802851455917391,4.53785605518526,0.0228824038706457,0.03492588438683815,0.0144323531345977
0.698131700797732,3.14159265358979,0.820304748437335,4.53785605518526,0.0228317127785564,0.03466620443622225,0.014493400823107301
0.698131700797732,3.14159265358979,0.837758040957278,4.53785605518526,0.02301261984489745,0.034608259163296295,0.01434006365326005
0.698131700797732,3.14159265358979,0.855211333477221,4.53785605518526,0.0230721227879344,0.0343302292930172,0.01430675938397055
0.698131700797732,3.14159265358979,0.872664625997165,4.53785605518526,0.02310840620576465,0.0342344368796706,0.0142391626668228
0.698131700797732,3.14159265358979,0.890117918517108,4.53785605518526,0.022981029993841648,0.03416702602747105,0.01420178507399795
0.698131700797732,3.14159265358979,0.907571211037051,4.53785605518526,0.022427458074112,0.03405890499200355,0.01407103846156065
0.698131700797732,3.14159265358979,0.925024503556995,4.53785605518526,0.02208621536972925,0.0338548720429525,0.014115560226861
0.698131700797732,3.14159265358979,0.942477796076938,4.53785605518526,0.022267714861111898,0.033502245321209004,0.01410083914124365
0.698131700797732,3.14159265358979,0.959931088596881,4.53785605518526,0.022303893082333548,0.0333379750681721,0.0138050442611635
0.698131700797732,3.14159265358979,0.977384381116825,4.53785605518526,0.02183607073612475,0.0334688285029469,0.0140293931441942
0.698131700797732,3.14159265358979,0.994837673636768,4.53785605518526,0.02178599914635055,0.0336378973363718,0.014470562461370299
0.698131700797732,3.14159265358979,1.01229096615671,4.53785605518526,0.02231177527598265,0.03314733970530065,0.014579162904916551
0.698131700797732,3.14159265358979,1.02974425867665,4.53785605518526,0.02234324358952445,0.03303028499145505,0.01446330821044545
0.698131700797732,3.14159265358979,1.0471975511966,4.53785605518526,0.02207989132622545,0.0331942038812543,0.0142909746379913
0.698131700797732,3.14159265358979,1.06465084371654,4.53785605518526,0.02212563663672425,0.033585708458536354,0.0142679182598233
0.698131700797732,3.14159265358979,1.08210413623648,4.53785605518526,0.022030870605972502,0.03351036076014885,0.014476019788975801
0.698131700797732,3.14159265358979,1.09955742875643,4.53785605518526,0.02190684878164545,0.03339782970982575,0.01449144154701575
0.698131700797732,3.14159265358979,1.11701072127637,4.53785605518526,0.02196252012470925,0.03309023324251695,0.014382758761672249
0.698131700797732,3.14159265358979,1.13446401379631,4.53785605518526,0.0216783750284359,0.03318550562395965,0.0142739153948631
0.698131700797732,3.14159265358979,1.15191730631626,4.53785605518526,0.02174046472420575,0.033595772822224604,0.01423646754847395
0.698131700797732,3.14159265358979,1.1693705988362,4.53785605518526,0.02149257741301725,0.033448588961710796,0.0141797628942716
0.698131700797732,3.14159265358979,1.18682389135614,4.53785605518526,0.021155403418238,0.03339094712093475,0.0142403230424335
0.698131700797732,3.14159265358979,1.20427718387609,4.53785605518526,0.02061848903202215,0.0332395579587942,0.014341621810847301
0.698131700797732,3.14159265358979,1.22173047639603,4.53785605518526,0.020488537503682902,0.03287651017871865,0.0144771906542914
0.698131700797732,3.14159265358979,1.23918376891597,4.53785605518526,0.020776243550341703,0.0325980401628504,0.014611642963882149
0.698131700797732,3.14159265358979,1.25663706143592,4.53785605518526,0.0205957484546039,0.0324383658486322,0.014543851106684349
0.698131700797732,3.14159265358979,1.27409035395586,4.53785605518526,0.02030801864405245,0.032132406046945394,0.0146167743169699
0.698131700797732,3.14159265358979,1.2915436464758,4.53785605518526,0.02016800709108995,0.031747944861444354,0.01478975351242895
0.698131700797732,3.14159265358979,1.30899693899575,4.53785605518526,0.0201351422143122,0.0311436114554811,0.01461557138114125
0.698131700797732,3.14159265358979,1.32645023151569,4.53785605518526,0.0191295844175105,0.029342769085267548,0.01367582142602965
0.698131700797732,3.14159265358979,1.34390352403563,4.53785605518526,0.01792159243334955,0.0273222945560506,0.0126547103430446
0.698131700797732,3.14159265358979,1.36135681655558,4.53785605518526,0.0166851345735502,0.02528143977642055,0.0116542616872913
0.698131700797732,3.14159265358979,1.37881010907552,4.53785605518526,0.015421605824473349,0.0232227866817089,0.01067066854507815
0.698131700797732,3.14159265358979,1.39626340159546,4.53785605518526,0.014133101283335552,0.0211516779405812,0.00969766091702711
0.698131700797732,3.14159265358979,1.41371669411541,4.53785605518526,0.012355458103182351,0.01887965665313665,0.0087959449280732
0.698131700797732,3.14159265358979,1.43116998663535,4.53785605518526,0.010952696183466702,0.01677628442237975,0.007809171697322304
0.698131700797732,3.14159265358979,1.44862327915529,4.53785605518526,0.00966733677579837,0.01471761921290445,0.00681142289607973
0.698131700797732,3.14159265358979,1.46607657167524,4.53785605518526,0.008356462800135411,0.0126441920358568,0.0058262612740926
0.698131700797732,3.14159265358979,1.48352986419518,4.53785605518526,0.007021258449796175,0.010558243839986,0.00485043267837631
0.698131700797732,3.14159265358979,1.50098315671512,4.53785605518526,0.00566302545302208,0.00846256156985287,0.003880238269241645
0.698131700797732,3.14159265358979,1.51843644923507,4.53785605518526,0.004149984670733475,0.00630599419350307,0.0029256627457458348
0.698131700797732,3.14159265358979,1.53588974175501,4.53785605518526,0.00274080300712252,0.00419384545612777,0.0019507820161182299
0.698131700797732,3.14159265358979,1.55334303427495,4.53785605518526,0.00137965622601915,0.0021000145073633803,0.0009720659517534624
0.698131700797732,3.14159265358979,1.5707963267949,4.53785605518526,0.0008908570006190459,0.0013550445045698652,0.0006262629680238074
0.698131700797732,3.14159265358979,0.0174532925199433,4.71238898038469,0.0232252708067354,0.0343361823237906,0.014323324047532199
0.698131700797732,3.14159265358979,0.0349065850398866,4.71238898038469,0.02349639605771275,0.0346291171404731,0.0144327710109296
0.698131700797732,3.14159265358979,0.0523598775598299,4.71238898038469,0.0237074522374598,0.0345302220051204,0.0147381736377832
0.698131700797732,3.14159265358979,0.0698131700797732,4.71238898038469,0.0236384673401639,0.03454465155667255,0.01480290548944265
0.698131700797732,3.14159265358979,0.0872664625997165,4.71238898038469,0.02368270217865005,0.0346515061050691,0.01503824215703115
0.698131700797732,3.14159265358979,0.10471975511966,4.71238898038469,0.0237346968680143,0.03497064486987235,0.0151020748024107
0.698131700797732,3.14159265358979,0.122173047639603,4.71238898038469,0.0236512767121093,0.034847854834555256,0.01508602148859345
0.698131700797732,3.14159265358979,0.139626340159546,4.71238898038469,0.0235874022493313,0.03442580656457145,0.01520161366278705
0.698131700797732,3.14159265358979,0.15707963267949,4.71238898038469,0.02370332689184685,0.034441353062520094,0.01513929501127935
0.698131700797732,3.14159265358979,0.174532925199433,4.71238898038469,0.023552117154956,0.0345528921218899,0.01498372290334245
0.698131700797732,3.14159265358979,0.191986217719376,4.71238898038469,0.0232825964268426,0.034885867452691996,0.014901951747794951
0.698131700797732,3.14159265358979,0.20943951023932,4.71238898038469,0.02350637863228065,0.0345227694267052,0.0153038175697414
0.698131700797732,3.14159265358979,0.226892802759263,4.71238898038469,0.02342272000050445,0.034317460082475354,0.01513557176832005
0.698131700797732,3.14159265358979,0.244346095279206,4.71238898038469,0.0234917018589612,0.0345218029766916,0.015068516339156651
0.698131700797732,3.14159265358979,0.261799387799149,4.71238898038469,0.02378402845692465,0.03454766935300265,0.01497513918545055
0.698131700797732,3.14159265358979,0.279252680319093,4.71238898038469,0.024032409896784998,0.034522501912634854,0.01476811282444715
0.698131700797732,3.14159265358979,0.296705972839036,4.71238898038469,0.0235744164584935,0.0342291855269647,0.01496315720832315
0.698131700797732,3.14159265358979,0.314159265358979,4.71238898038469,0.0233641617153873,0.03399892482790285,0.015013243302340301
0.698131700797732,3.14159265358979,0.331612557878923,4.71238898038469,0.0234718307331186,0.0344800743795122,0.014910123935785401
0.698131700797732,3.14159265358979,0.349065850398866,4.71238898038469,0.0232691884085698,0.0347247168078847,0.0150571112854354
0.698131700797732,3.14159265358979,0.366519142918809,4.71238898038469,0.0235119163434694,0.0346521532057667,0.014881502936052199
0.698131700797732,3.14159265358979,0.383972435438752,4.71238898038469,0.023248222262759452,0.03450049501907265,0.0145488940672514
0.698131700797732,3.14159265358979,0.401425727958696,4.71238898038469,0.023163896827553,0.0345929841899145,0.014962593337148899
0.698131700797732,3.14159265358979,0.418879020478639,4.71238898038469,0.0230894752115715,0.03452826928607165,0.0148060599446691
0.698131700797732,3.14159265358979,0.436332312998582,4.71238898038469,0.02325580106797085,0.03430360633220304,0.01407323324206125
0.698131700797732,3.14159265358979,0.453785605518526,4.71238898038469,0.023230566309648,0.03434935858311035,0.014373509318910651
0.698131700797732,3.14159265358979,0.471238898038469,4.71238898038469,0.0227167897276856,0.03464327632658975,0.014600779846356451
0.698131700797732,3.14159265358979,0.488692190558412,4.71238898038469,0.023112518920309202,0.034522609033681206,0.014521039101247
0.698131700797732,3.14159265358979,0.506145483078356,4.71238898038469,0.0232746668481794,0.034567872015374396,0.01441372495744885
0.698131700797732,3.14159265358979,0.523598775598299,4.71238898038469,0.02338600464930225,0.034662063798594545,0.01461277994118055
0.698131700797732,3.14159265358979,0.541052068118242,4.71238898038469,0.02304753939872015,0.03514507009264085,0.0146146684055743
0.698131700797732,3.14159265358979,0.558505360638185,4.71238898038469,0.023016929102673847,0.0349540906738997,0.01440592769070795
0.698131700797732,3.14159265358979,0.575958653158129,4.71238898038469,0.0230380949755765,0.0345987044000916,0.0144162805691704
0.698131700797732,3.14159265358979,0.593411945678072,4.71238898038469,0.0228604613316681,0.0342768383235576,0.0143819332045782
0.698131700797732,3.14159265358979,0.610865238198015,4.71238898038469,0.022796401541508048,0.0341141813904826,0.01441714976308615
0.698131700797732,3.14159265358979,0.628318530717959,4.71238898038469,0.022914838271013947,0.0339522594308424,0.0149135018508572
0.698131700797732,3.14159265358979,0.645771823237902,4.71238898038469,0.022967805383268,0.034578088672209004,0.014925414079269301
0.698131700797732,3.14159265358979,0.663225115757845,4.71238898038469,0.02308192567149345,0.03433193104604665,0.0145692029083048
0.698131700797732,3.14159265358979,0.680678408277788,4.71238898038469,0.0233194048990521,0.0343344407129978,0.01437537518004495
0.698131700797732,3.14159265358979,0.698131700797732,4.71238898038469,0.023271151782932202,0.03387443734511755,0.014032894579579
0.698131700797732,3.14159265358979,0.715584993317675,4.71238898038469,0.023377464266891503,0.034020061438008,0.01436730224595685
0.698131700797732,3.14159265358979,0.733038285837618,4.71238898038469,0.023580799581366,0.03424391716522455,0.0144437779940997
0.698131700797732,3.14159265358979,0.750491578357562,4.71238898038469,0.0235374178408429,0.034691539385200906,0.01389573524998175
0.698131700797732,3.14159265358979,0.767944870877505,4.71238898038469,0.0236896686278072,0.0347666258458451,0.0142970495641754
0.698131700797732,3.14159265358979,0.785398163397448,4.71238898038469,0.023522981604171,0.034541602868771296,0.01439698875079935
0.698131700797732,3.14159265358979,0.802851455917391,4.71238898038469,0.022883282955655948,0.03470975027602115,0.014317835889220951
0.698131700797732,3.14159265358979,0.820304748437335,4.71238898038469,0.0228654666484302,0.034175143482628303,0.0142087964795628
0.698131700797732,3.14159265358979,0.837758040957278,4.71238898038469,0.02316474198870795,0.0339251809375192,0.01420799388927965
0.698131700797732,3.14159265358979,0.855211333477221,4.71238898038469,0.0226195529175945,0.033551893771982796,0.01423292117554625
0.698131700797732,3.14159265358979,0.872664625997165,4.71238898038469,0.022300048408819398,0.033333031837201446,0.0139132329062483
0.698131700797732,3.14159265358979,0.890117918517108,4.71238898038469,0.02210478887754225,0.03338122363295855,0.0138914319493619
0.698131700797732,3.14159265358979,0.907571211037051,4.71238898038469,0.022639854872571898,0.033492545250610545,0.0141809537179987
0.698131700797732,3.14159265358979,0.925024503556995,4.71238898038469,0.0230265946798673,0.033356817995377555,0.0135830716586984
0.698131700797732,3.14159265358979,0.942477796076938,4.71238898038469,0.02315237243535625,0.033551392047843395,0.0140569790571561
0.698131700797732,3.14159265358979,0.959931088596881,4.71238898038469,0.0225902696057497,0.0330495683983631,0.014584950096256249
0.698131700797732,3.14159265358979,0.977384381116825,4.71238898038469,0.022375201040925448,0.03334435702628525,0.01399374889806595
0.698131700797732,3.14159265358979,0.994837673636768,4.71238898038469,0.0226837786594026,0.033778164522893256,0.0135241770278299
0.698131700797732,3.14159265358979,1.01229096615671,4.71238898038469,0.022552738459385747,0.03362967234388155,0.01332309841107785
0.698131700797732,3.14159265358979,1.02974425867665,4.71238898038469,0.02218905517928335,0.033086929332099696,0.0134256539679719
0.698131700797732,3.14159265358979,1.0471975511966,4.71238898038469,0.02222212825712025,0.033082597057768254,0.0135380911321153
0.698131700797732,3.14159265358979,1.06465084371654,4.71238898038469,0.02205762924519395,0.033169871230286446,0.01394935170289905
0.698131700797732,3.14159265358979,1.08210413623648,4.71238898038469,0.02178103323818605,0.03327553502727375,0.01408596399320185
0.698131700797732,3.14159265358979,1.09955742875643,4.71238898038469,0.02198327707783715,0.033266253304803,0.01454809559682625
0.698131700797732,3.14159265358979,1.11701072127637,4.71238898038469,0.022093249804460702,0.03294453688934135,0.01445365398660255
0.698131700797732,3.14159265358979,1.13446401379631,4.71238898038469,0.02194425437901175,0.0319534726926584,0.0140867616755682
0.698131700797732,3.14159265358979,1.15191730631626,4.71238898038469,0.02200612443085775,0.031648967925584304,0.013847427915086051
0.698131700797732,3.14159265358979,1.1693705988362,4.71238898038469,0.0220704572064574,0.0312629746857954,0.013652953153012948
0.698131700797732,3.14159265358979,1.18682389135614,4.71238898038469,0.02207461188938195,0.030458053540992402,0.013979744457603801
0.698131700797732,3.14159265358979,1.20427718387609,4.71238898038469,0.0226355696931317,0.0304334795392909,0.0138743890876785
0.698131700797732,3.14159265358979,1.22173047639603,4.71238898038469,0.02317167522846655,0.0305552611237841,0.0142188927018462
0.698131700797732,3.14159265358979,1.23918376891597,4.71238898038469,0.023603382605381848,0.0306734240504956,0.01477157926305365
0.698131700797732,3.14159265358979,1.25663706143592,4.71238898038469,0.0238036441623685,0.0305840190505739,0.0146939593893981
0.698131700797732,3.14159265358979,1.27409035395586,4.71238898038469,0.0238809135703379,0.030408926704752898,0.014458838524129651
0.698131700797732,3.14159265358979,1.2915436464758,4.71238898038469,0.02397809150397785,0.03034545776394735,0.01429431235560905
0.698131700797732,3.14159265358979,1.30899693899575,4.71238898038469,0.0239490527395254,0.030149504701970448,0.014166603335552051
0.698131700797732,3.14159265358979,1.32645023151569,4.71238898038469,0.02235244922355705,0.028139537721839053,0.0132221631131819
0.698131700797732,3.14159265358979,1.34390352403563,4.71238898038469,0.020755845707588698,0.0261295707417077,0.0122777228908118
0.698131700797732,3.14159265358979,1.36135681655558,4.71238898038469,0.01915924219162035,0.02411960376157635,0.01133328266844165
0.698131700797732,3.14159265358979,1.37881010907552,4.71238898038469,0.017562638675651998,0.022109636781445,0.010388842446071501
0.698131700797732,3.14159265358979,1.39626340159546,4.71238898038469,0.015966035159683603,0.0200996698013136,0.00944440222370136
0.698131700797732,3.14159265358979,1.41371669411541,4.71238898038469,0.01436943164371525,0.01808970282118225,0.008499962001331225
0.698131700797732,3.14159265358979,1.43116998663535,4.71238898038469,0.0127728281277469,0.0160797358410509,0.007555521778961086
0.698131700797732,3.14159265358979,1.44862327915529,4.71238898038469,0.01117622461177855,0.0140697688609195,0.006611081556590945
0.698131700797732,3.14159265358979,1.46607657167524,4.71238898038469,0.009579621095810176,0.01205980188078815,0.00566664133422081
0.698131700797732,3.14159265358979,1.48352986419518,4.71238898038469,0.00798301757984181,0.010049834900656794,0.0047222011118506855
0.698131700797732,3.14159265358979,1.50098315671512,4.71238898038469,0.00638641406387345,0.008039867920525436,0.003777760889480545
0.698131700797732,3.14159265358979,1.51843644923507,4.71238898038469,0.004789810547905085,0.006029900940394095,0.0028333206671104097
0.698131700797732,3.14159265358979,1.53588974175501,4.71238898038469,0.003193207031936725,0.004019933960262715,0.001888880444740275
0.698131700797732,3.14159265358979,1.55334303427495,4.71238898038469,0.0015966035159683599,0.002009966980131355,0.0009444402223701374
0.698131700797732,3.14159265358979,1.5707963267949,4.71238898038469,-5.204170427930452e-18,-7.480994990149959e-18,-3.901433755053305e-18
0.698131700797732,3.14159265358979,0.0174532925199433,4.88692190558412,0.023276864510519198,0.03438016680123385,0.0143540323694966
0.698131700797732,3.14159265358979,0.0349065850398866,4.88692190558412,0.02353069860668475,0.03461936239114595,0.0144709041987448
0.698131700797732,3.14159265358979,0.0523598775598299,4.88692190558412,0.02370359991254105,0.034519854844021605,0.01464842172839525
0.698131700797732,3.14159265358979,0.0698131700797732,4.88692190558412,0.023775087200714848,0.0347087813671298,0.0146311915782336
0.698131700797732,3.14159265358979,0.0872664625997165,4.88692190558412,0.023961962161173703,0.034911885396249745,0.0148109240178354
0.698131700797732,3.14159265358979,0.10471975511966,4.88692190558412,0.02405712376824895,0.034952761451662304,0.015000453408181149
0.698131700797732,3.14159265358979,0.122173047639603,4.88692190558412,0.024081590557345302,0.03487027233680945,0.015127078192231299
0.698131700797732,3.14159265358979,0.139626340159546,4.88692190558412,0.024179006058790198,0.034710218823490555,0.01524560274365
0.698131700797732,3.14159265358979,0.15707963267949,4.88692190558412,0.0241403810351542,0.03497557427903445,0.0152580689639659
0.698131700797732,3.14159265358979,0.174532925199433,4.88692190558412,0.0239235641324376,0.0351178388562548,0.0152816123271604
0.698131700797732,3.14159265358979,0.191986217719376,4.88692190558412,0.02395118403586435,0.035212552641971304,0.01519491183660965
0.698131700797732,3.14159265358979,0.20943951023932,4.88692190558412,0.024203957049349648,0.03512081937156255,0.0150194165763833
0.698131700797732,3.14159265358979,0.226892802759263,4.88692190558412,0.0242584650597391,0.03515622811437455,0.01522298112031095
0.698131700797732,3.14159265358979,0.244346095279206,4.88692190558412,0.02415418513786475,0.03527344638253575,0.01549012934677865
0.698131700797732,3.14159265358979,0.261799387799149,4.88692190558412,0.02413767113018745,0.0353585446534776,0.015381908914317049
0.698131700797732,3.14159265358979,0.279252680319093,4.88692190558412,0.02413114323076405,0.035476559922329495,0.0151717826763078
0.698131700797732,3.14159265358979,0.296705972839036,4.88692190558412,0.023979320769355453,0.03494431648105835,0.01486175667635025
0.698131700797732,3.14159265358979,0.314159265358979,4.88692190558412,0.02376194135655845,0.0346229767869819,0.01471201253091855
0.698131700797732,3.14159265358979,0.331612557878923,4.88692190558412,0.02381026847533495,0.03476099355073555,0.0147016314908874
0.698131700797732,3.14159265358979,0.349065850398866,4.88692190558412,0.023879652943743848,0.03490936769495635,0.01498596334848815
0.698131700797732,3.14159265358979,0.366519142918809,4.88692190558412,0.02384779940374495,0.034878783823185794,0.01526008266205165
0.698131700797732,3.14159265358979,0.383972435438752,4.88692190558412,0.023680442168097,0.0348890332947408,0.01517835761586615
0.698131700797732,3.14159265358979,0.401425727958696,4.88692190558412,0.02364998388604545,0.034895768375730093,0.0150926513295976
0.698131700797732,3.14159265358979,0.418879020478639,4.88692190558412,0.023764145067263848,0.0348611943383184,0.0150878071469162
0.698131700797732,3.14159265358979,0.436332312998582,4.88692190558412,0.02367426004294585,0.0346856621947384,0.01497050502812505
0.698131700797732,3.14159265358979,0.453785605518526,4.88692190558412,0.023556317368358053,0.03470173343127765,0.0148998131318268
0.698131700797732,3.14159265358979,0.471238898038469,4.88692190558412,0.02351741452697165,0.0347310336873201,0.014829306051206099
0.698131700797732,3.14159265358979,0.488692190558412,4.88692190558412,0.0235189410574718,0.034719153198503896,0.01464732468175695
0.698131700797732,3.14159265358979,0.506145483078356,4.88692190558412,0.02343551574109705,0.034839685200911255,0.014374039816095401
0.698131700797732,3.14159265358979,0.523598775598299,4.88692190558412,0.023378760953564,0.03500617217364385,0.014258213376183
0.698131700797732,3.14159265358979,0.541052068118242,4.88692190558412,0.0235173490638972,0.03485893114656005,0.01464599606111015
0.698131700797732,3.14159265358979,0.558505360638185,4.88692190558412,0.023618491652256303,0.0347022830228822,0.01497883330484195
0.698131700797732,3.14159265358979,0.575958653158129,4.88692190558412,0.023583769630783652,0.034782084851382455,0.0146787586300977
0.698131700797732,3.14159265358979,0.593411945678072,4.88692190558412,0.023629533340028402,0.034785357959383506,0.01449661662621785
0.698131700797732,3.14159265358979,0.610865238198015,4.88692190558412,0.023600581366475498,0.0345867036122708,0.014641174324949501
0.698131700797732,3.14159265358979,0.628318530717959,4.88692190558412,0.023513004678013448,0.034502322364342544,0.0145809771474239
0.698131700797732,3.14159265358979,0.645771823237902,4.88692190558412,0.023389878055506103,0.03448559837475045,0.0146350208860097
0.698131700797732,3.14159265358979,0.663225115757845,4.88692190558412,0.0231932363537449,0.034513278760415406,0.01498652769490925
0.698131700797732,3.14159265358979,0.680678408277788,4.88692190558412,0.02334666250256265,0.034551303308391554,0.01520493586982195
0.698131700797732,3.14159265358979,0.698131700797732,4.88692190558412,0.0238326902353244,0.03461172146248885,0.01506960813923755
0.698131700797732,3.14159265358979,0.715584993317675,4.88692190558412,0.02385619143318205,0.034709738584219205,0.01475748228092225
0.698131700797732,3.14159265358979,0.733038285837618,4.88692190558412,0.023671761211203547,0.034674804686687,0.01436628690675475
0.698131700797732,3.14159265358979,0.750491578357562,4.88692190558412,0.0237746150152544,0.0344995795733488,0.0140442936080342
0.698131700797732,3.14159265358979,0.767944870877505,4.88692190558412,0.023938045808020898,0.03462376838222635,0.014210074234972399
0.698131700797732,3.14159265358979,0.785398163397448,4.88692190558412,0.0238311348298003,0.0349025762091449,0.0146552536508214
0.698131700797732,3.14159265358979,0.802851455917391,4.88692190558412,0.023492695508033103,0.03488251479672705,0.014638179091520449
0.698131700797732,3.14159265358979,0.820304748437335,4.88692190558412,0.023146282798663098,0.0345641763953968,0.01438931808421275
0.698131700797732,3.14159265358979,0.837758040957278,4.88692190558412,0.02303828424955235,0.0343731344966269,0.014380439853212149
0.698131700797732,3.14159265358979,0.855211333477221,4.88692190558412,0.0231702164189587,0.0345071696207197,0.0145911278724051
0.698131700797732,3.14159265358979,0.872664625997165,4.88692190558412,0.0233294659802342,0.03463832742454665,0.01457679660381875
0.698131700797732,3.14159265358979,0.890117918517108,4.88692190558412,0.023654607513209,0.034725449486096,0.0143575906455802
0.698131700797732,3.14159265358979,0.907571211037051,4.88692190558412,0.0239817422005143,0.0345525325010502,0.01412395873322345
0.698131700797732,3.14159265358979,0.925024503556995,4.88692190558412,0.023353073451371102,0.0339723686493437,0.0139668303384425
0.698131700797732,3.14159265358979,0.942477796076938,4.88692190558412,0.0230292638763295,0.03391950014507525,0.013518927163192501
0.698131700797732,3.14159265358979,0.959931088596881,4.88692190558412,0.02273403467364495,0.03417756397354735,0.0138933207378561
0.698131700797732,3.14159265358979,0.977384381116825,4.88692190558412,0.022654293403842,0.0338423554223581,0.0146512716093066
0.698131700797732,3.14159265358979,0.994837673636768,4.88692190558412,0.022665305512912,0.033337386166855804,0.01466190564248095
0.698131700797732,3.14159265358979,1.01229096615671,4.88692190558412,0.0227240627387469,0.033668633887796645,0.0148279754770325
0.698131700797732,3.14159265358979,1.02974425867665,4.88692190558412,0.022811123738336,0.03384676596970085,0.014780432518636599
0.698131700797732,3.14159265358979,1.0471975511966,4.88692190558412,0.022897291616802,0.0336589264459541,0.0141784809554607
0.698131700797732,3.14159265358979,1.06465084371654,4.88692190558412,0.02287106914436005,0.03377366863270695,0.0141644615884946
0.698131700797732,3.14159265358979,1.08210413623648,4.88692190558412,0.02271859892275075,0.03361246360392295,0.013703842418133699
0.698131700797732,3.14159265358979,1.09955742875643,4.88692190558412,0.022406707757477197,0.0333127661849495,0.01390772328200925
0.698131700797732,3.14159265358979,1.11701072127637,4.88692190558412,0.0227720402955588,0.03284319220731785,0.01400274492911025
0.698131700797732,3.14159265358979,1.13446401379631,4.88692190558412,0.02242947275116615,0.03276199138556815,0.014038711705432
0.698131700797732,3.14159265358979,1.15191730631626,4.88692190558412,0.0225422348715392,0.0328014297766603,0.01395628937059665
0.698131700797732,3.14159265358979,1.1693705988362,4.88692190558412,0.02274822072914055,0.03258905450216215,0.013679397215265399
0.698131700797732,3.14159265358979,1.18682389135614,4.88692190558412,0.02274548935095415,0.0326852666316231,0.0137124816449359
0.698131700797732,3.14159265358979,1.20427718387609,4.88692190558412,0.02232623507219495,0.0328510055839377,0.01398234259823645
0.698131700797732,3.14159265358979,1.22173047639603,4.88692190558412,0.022100409166677,0.03305060706522785,0.01414392946494875
0.698131700797732,3.14159265358979,1.23918376891597,4.88692190558412,0.0221871707838733,0.0328253477248143,0.0141022380673552
0.698131700797732,3.14159265358979,1.25663706143592,4.88692190558412,0.0220328703560356,0.0326290221045233,0.014256315161159001
0.698131700797732,3.14159265358979,1.27409035395586,4.88692190558412,0.02166949835950925,0.0323433791801419,0.014389386813589401
0.698131700797732,3.14159265358979,1.2915436464758,4.88692190558412,0.0213615306219803,0.03233666760596785,0.0142863966964955
0.698131700797732,3.14159265358979,1.30899693899575,4.88692190558412,0.0207782321800402,0.0318256475770819,0.0141773615796035
0.698131700797732,3.14159265358979,1.32645023151569,4.88692190558412,0.01967184628121295,0.02988393055259345,0.01332768715440695
0.698131700797732,3.14159265358979,1.34390352403563,4.88692190558412,0.0183821180060871,0.02777364282221395,0.012360867670019149
0.698131700797732,3.14159265358979,1.36135681655558,4.88692190558412,0.0170236981169135,0.02569052213543255,0.011399856523858349
0.698131700797732,3.14159265358979,1.37881010907552,4.88692190558412,0.0156107719883425,0.0236261945426032,0.0104437060088823
0.698131700797732,3.14159265358979,1.39626340159546,4.88692190558412,0.01416869434568575,0.0215667929404337,0.009491265304422274
0.698131700797732,3.14159265358979,1.41371669411541,4.88692190558412,0.0126107583339084,0.01927087459370165,0.008567416109358031
0.698131700797732,3.14159265358979,1.43116998663535,4.88692190558412,0.011252513184556199,0.01708155973079755,0.00761356100893757
0.698131700797732,3.14159265358979,1.44862327915529,4.88692190558412,0.00989880578130415,0.0149640055313222,0.006654280421838511
0.698131700797732,3.14159265358979,1.46607657167524,4.88692190558412,0.008506734762509315,0.0128558646687473,0.00569884856827058
0.698131700797732,3.14159265358979,1.48352986419518,4.88692190558412,0.00708848876596801,0.010749975711551351,0.004746468377523235
0.698131700797732,3.14159265358979,1.50098315671512,4.88692190558412,0.00565835981583758,0.008638182231905496,0.00379632400611526
0.698131700797732,3.14159265358979,1.51843644923507,4.88692190558412,0.004214913543628255,0.006435189297347325,0.002853162732839845
0.698131700797732,3.14159265358979,1.53588974175501,4.88692190558412,0.0028131517892384097,0.004270124702349265,0.001902303808392075
0.698131700797732,3.14159265358979,1.55334303427495,4.88692190558412,0.0014117480636781149,0.002135785146875965,0.000949516249947808
0.698131700797732,3.14159265358979,1.5707963267949,4.88692190558412,0.0009125371031025625,0.0013767402711987202,0.000612177704329861
0.698131700797732,3.14159265358979,0.0174532925199433,5.06145483078356,0.023331067513386948,0.03442594804358265,0.0143876386790314
0.698131700797732,3.14159265358979,0.0349065850398866,5.06145483078356,0.023557963492511,0.0346072309944644,0.01450445645880085
0.698131700797732,3.14159265358979,0.0523598775598299,5.06145483078356,0.0236952965866704,0.0345248060469061,0.01458040543118145
0.698131700797732,3.14159265358979,0.0698131700797732,5.06145483078356,0.0238468437368394,0.0347660098943693,0.01459803111204835
0.698131700797732,3.14159265358979,0.0872664625997165,5.06145483078356,0.02406006533715745,0.0349067743512517,0.014870189392135701
0.698131700797732,3.14159265358979,0.10471975511966,5.06145483078356,0.0241882184172162,0.0349486670311317,0.0151355722018268
0.698131700797732,3.14159265358979,0.122173047639603,5.06145483078356,0.0241459789610742,0.0349425903821919,0.01517659624306605
0.698131700797732,3.14159265358979,0.139626340159546,5.06145483078356,0.024102635369144303,0.03489281563588595,0.01515124329574995
0.698131700797732,3.14159265358979,0.15707963267949,5.06145483078356,0.024086422096004298,0.034868027953864,0.01504114047983295
0.698131700797732,3.14159265358979,0.174532925199433,5.06145483078356,0.02402458119476185,0.035130630648493255,0.014949642505901601
0.698131700797732,3.14159265358979,0.191986217719376,5.06145483078356,0.02396692003886,0.03558899645224835,0.01521132909054145
0.698131700797732,3.14159265358979,0.20943951023932,5.06145483078356,0.02404976635266455,0.03559878722497245,0.015422559956308
0.698131700797732,3.14159265358979,0.226892802759263,5.06145483078356,0.02427655605726645,0.03520551676910455,0.0152386156671439
0.698131700797732,3.14159265358979,0.244346095279206,5.06145483078356,0.0243649121962008,0.035204749021440454,0.01527342299004065
0.698131700797732,3.14159265358979,0.261799387799149,5.06145483078356,0.02453702250747105,0.03532413280613715,0.015253332311337
0.698131700797732,3.14159265358979,0.279252680319093,5.06145483078356,0.02465680842842935,0.035359069716693045,0.0152327407809093
0.698131700797732,3.14159265358979,0.296705972839036,5.06145483078356,0.02493446381413575,0.03559615328548095,0.015146381750342
0.698131700797732,3.14159265358979,0.314159265358979,5.06145483078356,0.0247196009377201,0.03533604929082395,0.01499785537198915
0.698131700797732,3.14159265358979,0.331612557878923,5.06145483078356,0.0243257581560963,0.0352109367583467,0.0149188815029371
0.698131700797732,3.14159265358979,0.349065850398866,5.06145483078356,0.02419891633170705,0.035185450265666704,0.01500388037952535
0.698131700797732,3.14159265358979,0.366519142918809,5.06145483078356,0.0241051473368728,0.0352369094448845,0.0153380863328353
0.698131700797732,3.14159265358979,0.383972435438752,5.06145483078356,0.0240516263483372,0.03512945226817085,0.01541196682697025
0.698131700797732,3.14159265358979,0.401425727958696,5.06145483078356,0.0238618342035668,0.035002950688128254,0.0150905940867629
0.698131700797732,3.14159265358979,0.418879020478639,5.06145483078356,0.023808640094728953,0.035013768102266,0.01507413166795795
0.698131700797732,3.14159265358979,0.436332312998582,5.06145483078356,0.0239869085644144,0.035125765861640096,0.0151821040409556
0.698131700797732,3.14159265358979,0.453785605518526,5.06145483078356,0.0239629825052944,0.03534786588984725,0.015082953701721
0.698131700797732,3.14159265358979,0.471238898038469,5.06145483078356,0.02388006127746315,0.03548040049218815,0.0149253205612108
0.698131700797732,3.14159265358979,0.488692190558412,5.06145483078356,0.0240153015630319,0.03558174353849515,0.01500322729897235
0.698131700797732,3.14159265358979,0.506145483078356,5.06145483078356,0.024059949728813097,0.03552078513364415,0.01510281568940565
0.698131700797732,3.14159265358979,0.523598775598299,5.06145483078356,0.02396287529834765,0.0354144970481767,0.014919542740194549
0.698131700797732,3.14159265358979,0.541052068118242,5.06145483078356,0.02382662867961005,0.0353253851084227,0.014652123059776999
0.698131700797732,3.14159265358979,0.558505360638185,5.06145483078356,0.0238268306459342,0.0351112963704174,0.01458785278539465
0.698131700797732,3.14159265358979,0.575958653158129,5.06145483078356,0.0235984988283863,0.0346886429619703,0.0146095123511093
0.698131700797732,3.14159265358979,0.593411945678072,5.06145483078356,0.02368977445208785,0.034350225565752804,0.014561240514039099
0.698131700797732,3.14159265358979,0.610865238198015,5.06145483078356,0.0238725119006149,0.03446502962800175,0.0143306052899678
0.698131700797732,3.14159265358979,0.628318530717959,5.06145483078356,0.02395923342887125,0.03467779394251895,0.01437797396733105
0.698131700797732,3.14159265358979,0.645771823237902,5.06145483078356,0.02407778488464895,0.034789708910943004,0.0142958146163383
0.698131700797732,3.14159265358979,0.663225115757845,5.06145483078356,0.02403098392008815,0.0348411891872165,0.01429181582709585
0.698131700797732,3.14159265358979,0.680678408277788,5.06145483078356,0.02396047689651945,0.0347500589268298,0.01505951783939445
0.698131700797732,3.14159265358979,0.698131700797732,5.06145483078356,0.0239125782169909,0.034762972267099804,0.0153030633535047
0.698131700797732,3.14159265358979,0.715584993317675,5.06145483078356,0.023956140895254552,0.03495801724543875,0.01524053803126085
0.698131700797732,3.14159265358979,0.733038285837618,5.06145483078356,0.02393898996443665,0.0350347006469085,0.015271120789670651
0.698131700797732,3.14159265358979,0.750491578357562,5.06145483078356,0.02400055316276145,0.03508674725410135,0.01506050701890385
0.698131700797732,3.14159265358979,0.767944870877505,5.06145483078356,0.0240410731551811,0.03517853418319156,0.014606378046323351
0.698131700797732,3.14159265358979,0.785398163397448,5.06145483078356,0.02390385819709365,0.0350012395069286,0.0144571055526935
0.698131700797732,3.14159265358979,0.802851455917391,5.06145483078356,0.02378037608755275,0.0350131077119381,0.0148046506305437
0.698131700797732,3.14159265358979,0.820304748437335,5.06145483078356,0.023657946847607497,0.0350676712376157,0.01486650726643895
0.698131700797732,3.14159265358979,0.837758040957278,5.06145483078356,0.02356879859916055,0.0351630776034617,0.014820223723363949
0.698131700797732,3.14159265358979,0.855211333477221,5.06145483078356,0.02344880878606085,0.03514264270563625,0.014753692570936651
0.698131700797732,3.14159265358979,0.872664625997165,5.06145483078356,0.0236641206561021,0.035114207289729304,0.01462956207836865
0.698131700797732,3.14159265358979,0.890117918517108,5.06145483078356,0.0235993207972484,0.0351510076967178,0.01469169598343625
0.698131700797732,3.14159265358979,0.907571211037051,5.06145483078356,0.023800051682635902,0.03492344446623065,0.0151218251201727
0.698131700797732,3.14159265358979,0.925024503556995,5.06145483078356,0.023658722425883398,0.03493523734992,0.014738562886042
0.698131700797732,3.14159265358979,0.942477796076938,5.06145483078356,0.0236777673123148,0.035039888114372295,0.014128708396246751
0.698131700797732,3.14159265358979,0.959931088596881,5.06145483078356,0.02410632576136185,0.035027061154566455,0.014019360901019549
0.698131700797732,3.14159265358979,0.977384381116825,5.06145483078356,0.02420685389186075,0.034599005738686905,0.014165081922808
0.698131700797732,3.14159265358979,0.994837673636768,5.06145483078356,0.0239511126724989,0.03405820834923075,0.01412673072630135
0.698131700797732,3.14159265358979,1.01229096615671,5.06145483078356,0.02376060530887805,0.0339470268374827,0.01403944243451215
0.698131700797732,3.14159265358979,1.02974425867665,5.06145483078356,0.02327986741055925,0.033860789810259195,0.013970247155244
0.698131700797732,3.14159265358979,1.0471975511966,5.06145483078356,0.02290577611567115,0.033918590963450956,0.014148528507048098
0.698131700797732,3.14159265358979,1.06465084371654,5.06145483078356,0.0228554531191416,0.0338112016849383,0.0141168345148108
0.698131700797732,3.14159265358979,1.08210413623648,5.06145483078356,0.02279213587930675,0.033522398221850644,0.01389034569558815
0.698131700797732,3.14159265358979,1.09955742875643,5.06145483078356,0.0229458283388708,0.03329904669137225,0.013450210689325299
0.698131700797732,3.14159265358979,1.11701072127637,5.06145483078356,0.02308772574762715,0.0333765654626609,0.01342828528252785
0.698131700797732,3.14159265358979,1.13446401379631,5.06145483078356,0.02327829760389525,0.0336752767329238,0.01376350301021375
0.698131700797732,3.14159265358979,1.15191730631626,5.06145483078356,0.023393455682264253,0.0339692386227276,0.0138803693442971
0.698131700797732,3.14159265358979,1.1693705988362,5.06145483078356,0.0231486748512275,0.03389051633821075,0.013976788632311901
0.698131700797732,3.14159265358979,1.18682389135614,5.06145483078356,0.02301872851740695,0.0338825169224814,0.0140552853938211
0.698131700797732,3.14159265358979,1.20427718387609,5.06145483078356,0.022787085989072198,0.033943465141575,0.01408685082231265
0.698131700797732,3.14159265358979,1.22173047639603,5.06145483078356,0.02236529127455125,0.0338169012188792,0.01403658690321655
0.698131700797732,3.14159265358979,1.23918376891597,5.06145483078356,0.022238996305776047,0.033489394655567745,0.0140882290138339
0.698131700797732,3.14159265358979,1.25663706143592,5.06145483078356,0.0224388636666446,0.0335036898532614,0.01422326428690635
0.698131700797732,3.14159265358979,1.27409035395586,5.06145483078356,0.022254828260787403,0.033680122204316695,0.01431732182844585
0.698131700797732,3.14159265358979,1.2915436464758,5.06145483078356,0.02222393106708965,0.0333082225004775,0.0145171802473129
0.698131700797732,3.14159265358979,1.30899693899575,5.06145483078356,0.02179661779996415,0.032652556073498304,0.0142476190210278
0.698131700797732,3.14159265358979,1.32645023151569,5.06145483078356,0.0207234233083593,0.0309902448198823,0.0135645418065251
0.698131700797732,3.14159265358979,1.34390352403563,5.06145483078356,0.0192878087368334,0.0287960341712243,0.01244835551421035
0.698131700797732,3.14159265358979,1.36135681655558,5.06145483078356,0.01778571428392515,0.02656755000634605,0.01143677614823995
0.698131700797732,3.14159265358979,1.37881010907552,5.06145483078356,0.01628699367224095,0.02435196518078405,0.010650280393663149
0.698131700797732,3.14159265358979,1.39626340159546,5.06145483078356,0.01483300412525815,0.0221486558462154,0.009586654539594834
0.698131700797732,3.14159265358979,1.41371669411541,5.06145483078356,0.0133132493288255,0.01991512916757045,0.008720598578076895
0.698131700797732,3.14159265358979,1.43116998663535,5.06145483078356,0.01184696980632725,0.01771124108509535,0.007738830515044235
0.698131700797732,3.14159265358979,1.44862327915529,5.06145483078356,0.01038834150543695,0.01550601236196995,0.00669146766722994
0.698131700797732,3.14159265358979,1.46607657167524,5.06145483078356,0.008884571949858741,0.013281782332932701,0.005801122680502525
0.698131700797732,3.14159265358979,1.48352986419518,5.06145483078356,0.00740517514617838,0.01106951704114445,0.00483256087016376
0.698131700797732,3.14159265358979,1.50098315671512,5.06145483078356,0.00593595791282426,0.008859511798880226,0.0038208018979189948
0.698131700797732,3.14159265358979,1.51843644923507,5.06145483078356,0.0044467509856483105,0.006642147723509965,0.00288263430366093
0.698131700797732,3.14159265358979,1.53588974175501,5.06145483078356,0.00296177052256443,0.0044270335678161955,0.001931576813610055
0.698131700797732,3.14159265358979,1.55334303427495,5.06145483078356,0.00148074990053905,0.002211795554941435,0.000959857414269254
0.698131700797732,3.14159265358979,1.5707963267949,5.06145483078356,0.000937055619265189,0.00140119257058136,0.000613241643354935
0.698131700797732,3.14159265358979,0.0174532925199433,5.23598775598299,0.02338718325372655,0.034467923759905206,0.01442511109806085
0.698131700797732,3.14159265358979,0.0349065850398866,5.23598775598299,0.0235865787787991,0.034606395170965254,0.014535247603506399
0.698131700797732,3.14159265358979,0.0523598775598299,5.23598775598299,0.02365659846140425,0.0345954603169313,0.014676399281767349
0.698131700797732,3.14159265358979,0.0698131700797732,5.23598775598299,0.023841117665239053,0.034744059346067446,0.0147150018500155
0.698131700797732,3.14159265358979,0.0872664625997165,5.23598775598299,0.02392490766365435,0.0348087753045684,0.0148891750401768
0.698131700797732,3.14159265358979,0.10471975511966,5.23598775598299,0.02405935010461665,0.03480540188583855,0.0153309153409103
0.698131700797732,3.14159265358979,0.122173047639603,5.23598775598299,0.02417261357537465,0.0349504337088987,0.015417410727329748
0.698131700797732,3.14159265358979,0.139626340159546,5.23598775598299,0.02417319133079005,0.0349955099387476,0.01534629269118715
0.698131700797732,3.14159265358979,0.15707963267949,5.23598775598299,0.02425793412877325,0.03490744889163955,0.015213571470815899
0.698131700797732,3.14159265358979,0.174532925199433,5.23598775598299,0.02410941445854475,0.03517341109012495,0.01509469694276055
0.698131700797732,3.14159265358979,0.191986217719376,5.23598775598299,0.024146038517803302,0.035598891458107296,0.015294932859651651
0.698131700797732,3.14159265358979,0.20943951023932,5.23598775598299,0.024138714788822152,0.03579880103141105,0.015517806004810251
0.698131700797732,3.14159265358979,0.226892802759263,5.23598775598299,0.0242753710417987,0.03572972044916535,0.01562864046646915
0.698131700797732,3.14159265358979,0.244346095279206,5.23598775598299,0.0245744594057167,0.03556087154070755,0.01571889438613545
0.698131700797732,3.14159265358979,0.261799387799149,5.23598775598299,0.024752935751805948,0.0356648378012477,0.0156525789513688
0.698131700797732,3.14159265358979,0.279252680319093,5.23598775598299,0.0247650142054011,0.0359361108602712,0.0153187249117532
0.698131700797732,3.14159265358979,0.296705972839036,5.23598775598299,0.024887801447463498,0.0358951889938529,0.015406978749379751
0.698131700797732,3.14159265358979,0.314159265358979,5.23598775598299,0.0250390907029871,0.0358790811735325,0.01542365396094195
0.698131700797732,3.14159265358979,0.331612557878923,5.23598775598299,0.02502671484383305,0.03586748802233395,0.0152952519563792
0.698131700797732,3.14159265358979,0.349065850398866,5.23598775598299,0.02474860963753665,0.03580291922496235,0.0153071058657311
0.698131700797732,3.14159265358979,0.366519142918809,5.23598775598299,0.024729581741565303,0.035727529854311005,0.01554701843772845
0.698131700797732,3.14159265358979,0.383972435438752,5.23598775598299,0.0245701205130079,0.0358354613686766,0.015678729288089648
0.698131700797732,3.14159265358979,0.401425727958696,5.23598775598299,0.02439433986935935,0.0356975360594992,0.0157546181293145
0.698131700797732,3.14159265358979,0.418879020478639,5.23598775598299,0.02434582632486365,0.035669677903419905,0.015807488517886548
0.698131700797732,3.14159265358979,0.436332312998582,5.23598775598299,0.0244679767855196,0.03554626861163885,0.015743824763738402
0.698131700797732,3.14159265358979,0.453785605518526,5.23598775598299,0.02443737389301475,0.03552787305698685,0.0154752986641434
0.698131700797732,3.14159265358979,0.471238898038469,5.23598775598299,0.024442094179116948,0.035595488755128954,0.015287790509764549
0.698131700797732,3.14159265358979,0.488692190558412,5.23598775598299,0.0246257077489673,0.03568681585612775,0.015215842759702
0.698131700797732,3.14159265358979,0.506145483078356,5.23598775598299,0.0245862810647286,0.0356914203583715,0.01510131389600705
0.698131700797732,3.14159265358979,0.523598775598299,5.23598775598299,0.02466226111257545,0.0355340030896557,0.01457665288189575
0.698131700797732,3.14159265358979,0.541052068118242,5.23598775598299,0.0245517359949627,0.03565701895863395,0.0151334156980445
0.698131700797732,3.14159265358979,0.558505360638185,5.23598775598299,0.0246420167782276,0.035775526744153505,0.015588288113309149
0.698131700797732,3.14159265358979,0.575958653158129,5.23598775598299,0.02435878499361835,0.0358563105234957,0.0156273283878968
0.698131700797732,3.14159265358979,0.593411945678072,5.23598775598299,0.0240563724262794,0.03577891169287465,0.0154770024183479
0.698131700797732,3.14159265358979,0.610865238198015,5.23598775598299,0.024058414114886052,0.03554479779741135,0.0152222491382014
0.698131700797732,3.14159265358979,0.628318530717959,5.23598775598299,0.02415626036871455,0.0353689328880812,0.014816505234832751
0.698131700797732,3.14159265358979,0.645771823237902,5.23598775598299,0.02414633742168805,0.03535768065847785,0.015147144945970251
0.698131700797732,3.14159265358979,0.663225115757845,5.23598775598299,0.0239115645998507,0.0353523169975835,0.015382033224356249
0.698131700797732,3.14159265358979,0.680678408277788,5.23598775598299,0.0241703116537485,0.03531813046587515,0.01553376820477475
0.698131700797732,3.14159265358979,0.698131700797732,5.23598775598299,0.02411069570526465,0.0352713732587085,0.015610952353654249
0.698131700797732,3.14159265358979,0.715584993317675,5.23598775598299,0.02405495877217775,0.03531049452092146,0.01511387579404615
0.698131700797732,3.14159265358979,0.733038285837618,5.23598775598299,0.02411547874590525,0.035100937099064256,0.01477216295056805
0.698131700797732,3.14159265358979,0.750491578357562,5.23598775598299,0.02437291884334375,0.0350710007081498,0.0148823216563914
0.698131700797732,3.14159265358979,0.767944870877505,5.23598775598299,0.024138046726488498,0.035155436856869296,0.01510011992860495
0.698131700797732,3.14159265358979,0.785398163397448,5.23598775598299,0.0239365086644694,0.03524882850922425,0.0153116422208557
0.698131700797732,3.14159265358979,0.802851455917391,5.23598775598299,0.023911426096723552,0.035471410632220896,0.0153983650547024
0.698131700797732,3.14159265358979,0.820304748437335,5.23598775598299,0.023976814579776302,0.0352547596679889,0.0151026350635208
0.698131700797732,3.14159265358979,0.837758040957278,5.23598775598299,0.024232524115357548,0.03528639058466445,0.01462432166033555
0.698131700797732,3.14159265358979,0.855211333477221,5.23598775598299,0.02418235209701125,0.0354345617412018,0.014472517615648751
0.698131700797732,3.14159265358979,0.872664625997165,5.23598775598299,0.02388900025985375,0.03539425892441795,0.0143827085715076
0.698131700797732,3.14159265358979,0.890117918517108,5.23598775598299,0.023845367609194548,0.0352284209410388,0.014428821229062201
0.698131700797732,3.14159265358979,0.907571211037051,5.23598775598299,0.0242039287590421,0.03483757973634745,0.01441722590313735
0.698131700797732,3.14159265358979,0.925024503556995,5.23598775598299,0.024530172330950152,0.0350842157664914,0.0145660679320328
0.698131700797732,3.14159265358979,0.942477796076938,5.23598775598299,0.02426909442719615,0.035334398206551196,0.014901325556871101
0.698131700797732,3.14159265358979,0.959931088596881,5.23598775598299,0.0240220212289689,0.0356463066940987,0.01486807621517415
0.698131700797732,3.14159265358979,0.977384381116825,5.23598775598299,0.02420808815979665,0.0359326803411265,0.01475043450161065
0.698131700797732,3.14159265358979,0.994837673636768,5.23598775598299,0.024049326623323,0.035802445840110095,0.0146090725595358
0.698131700797732,3.14159265358979,1.01229096615671,5.23598775598299,0.02412586808563405,0.035333188572781504,0.0150154983737076
0.698131700797732,3.14159265358979,1.02974425867665,5.23598775598299,0.024300749399940452,0.035433954150714056,0.0148661464263756
0.698131700797732,3.14159265358979,1.0471975511966,5.23598775598299,0.0240781409507762,0.035261158415128,0.01460240786573065
0.698131700797732,3.14159265358979,1.06465084371654,5.23598775598299,0.02413986557557355,0.0351292777709479,0.01428159162502345
0.698131700797732,3.14159265358979,1.08210413623648,5.23598775598299,0.02417123397324725,0.03525706029241115,0.014049289571913301
0.698131700797732,3.14159265358979,1.09955742875643,5.23598775598299,0.024120569601513597,0.03536651082277485,0.0141063835561665
0.698131700797732,3.14159265358979,1.11701072127637,5.23598775598299,0.023931519289550403,0.0354802318470981,0.01404084476820815
0.698131700797732,3.14159265358979,1.13446401379631,5.23598775598299,0.02367547323393225,0.035093314295994854,0.0140471669915153
0.698131700797732,3.14159265358979,1.15191730631626,5.23598775598299,0.02328231231668875,0.0347148915260693,0.0141014910778837
0.698131700797732,3.14159265358979,1.1693705988362,5.23598775598299,0.023335699595994998,0.0343213539621783,0.0139403262961454
0.698131700797732,3.14159265358979,1.18682389135614,5.23598775598299,0.02372548108993385,0.034449742610411546,0.01414439681295185
0.698131700797732,3.14159265358979,1.20427718387609,5.23598775598299,0.0235075689279486,0.033958769300752645,0.013942736553920199
0.698131700797732,3.14159265358979,1.22173047639603,5.23598775598299,0.024091152346160202,0.03396221552652535,0.01385597250806345
0.698131700797732,3.14159265358979,1.23918376891597,5.23598775598299,0.024121684059911302,0.0336999217766343,0.0135694529837058
0.698131700797732,3.14159265358979,1.25663706143592,5.23598775598299,0.0249790722281483,0.0333861547811803,0.01382479708406915
0.698131700797732,3.14159265358979,1.27409035395586,5.23598775598299,0.02444010980233295,0.03319204212891855,0.013884736008453299
0.698131700797732,3.14159265358979,1.2915436464758,5.23598775598299,0.0250830833870301,0.03334019158572875,0.014228526271550551
0.698131700797732,3.14159265358979,1.30899693899575,5.23598775598299,0.0236344321596098,0.03247555313889075,0.013897722120193
0.698131700797732,3.14159265358979,1.32645023151569,5.23598775598299,0.022062668311769153,0.030503010858066504,0.013061556177615851
0.698131700797732,3.14159265358979,1.34390352403563,5.23598775598299,0.02060731236376255,0.02845450556884315,0.012043253959051651
0.698131700797732,3.14159265358979,1.36135681655558,5.23598775598299,0.019191376625175352,0.02626027170357055,0.011220883997220599
0.698131700797732,3.14159265358979,1.37881010907552,5.23598775598299,0.017399360090876802,0.024185594163621302,0.010020866290458199
0.698131700797732,3.14159265358979,1.39626340159546,5.23598775598299,0.01584105650223995,0.02182258462037905,0.00933902023180969
0.698131700797732,3.14159265358979,1.41371669411541,5.23598775598299,0.0142695604463056,0.0196652808540594,0.008381155832109535
0.698131700797732,3.14159265358979,1.43116998663535,5.23598775598299,0.01261319936445695,0.01743285461792945,0.007464275077576215
0.698131700797732,3.14159265358979,1.44862327915529,5.23598775598299,0.011124568864385849,0.01530672907469505,0.006519643664587475
0.698131700797732,3.14159265358979,1.46607657167524,5.23598775598299,0.009689229141910585,0.0131667117448079,0.005616193922920955
0.698131700797732,3.14159265358979,1.48352986419518,5.23598775598299,0.007985486264042285,0.010974498478284751,0.004625475531984211
0.698131700797732,3.14159265358979,1.50098315671512,5.23598775598299,0.0063693641727537,0.008741994788534595,0.003738097176309425
0.698131700797732,3.14159265358979,1.51843644923507,5.23598775598299,0.00474684651781817,0.0065573628373643295,0.0027810892710665
0.698131700797732,3.14159265358979,1.53588974175501,5.23598775598299,0.0031551680038543802,0.0043589639249359356,0.00186658559619975
0.698131700797732,3.14159265358979,1.55334303427495,5.23598775598299,0.00159503194338556,0.00218578047150847,0.00093236441280415
0.698131700797732,3.14159265358979,1.5707963267949,5.23598775598299,0.000860739164834326,0.00121854417534893,0.000514965485864001
0.698131700797732,3.14159265358979,0.0174532925199433,5.41052068118242,0.02344421207303455,0.034501692834231296,0.014466787508660501
0.698131700797732,3.14159265358979,0.0349065850398866,5.41052068118242,0.02355475094586685,0.034607776602350496,0.0145884045317698
0.698131700797732,3.14159265358979,0.0523598775598299,5.41052068118242,0.023575370689868348,0.03466423448784805,0.0147570095593319
0.698131700797732,3.14159265358979,0.0698131700797732,5.41052068118242,0.023731816401382298,0.0346879962104734,0.0148566119136148
0.698131700797732,3.14159265358979,0.0872664625997165,5.41052068118242,0.02370826781101945,0.0346890699315795,0.01487286111993155
0.698131700797732,3.14159265358979,0.10471975511966,5.41052068118242,0.0239050777182169,0.0347518392091481,0.015124449010472451
0.698131700797732,3.14159265358979,0.122173047639603,5.41052068118242,0.02420264155090475,0.0349396356599571,0.0154599894340217
0.698131700797732,3.14159265358979,0.139626340159546,5.41052068118242,0.02439692778429635,0.03509610899042635,0.0155651255113453
0.698131700797732,3.14159265358979,0.15707963267949,5.41052068118242,0.024392385415065547,0.0351376506904635,0.01564563109360175
0.698131700797732,3.14159265358979,0.174532925199433,5.41052068118242,0.024393870792481752,0.0352125937359192,0.01568689670463675
0.698131700797732,3.14159265358979,0.191986217719376,5.41052068118242,0.024551843665661148,0.0353981759519671,0.015689168370868648
0.698131700797732,3.14159265358979,0.20943951023932,5.41052068118242,0.02467600344533305,0.0354940849285944,0.0156779277669946
0.698131700797732,3.14159265358979,0.226892802759263,5.41052068118242,0.02473838033441815,0.03585177557907675,0.0156363060921634
0.698131700797732,3.14159265358979,0.244346095279206,5.41052068118242,0.024791548422194748,0.036060368960718,0.01592267475236175
0.698131700797732,3.14159265358979,0.261799387799149,5.41052068118242,0.0250424489784725,0.036298573879305795,0.0160550967563735
0.698131700797732,3.14159265358979,0.279252680319093,5.41052068118242,0.02522429609882495,0.03633887644693585,0.01599609742281715
0.698131700797732,3.14159265358979,0.296705972839036,5.41052068118242,0.0250320728053711,0.036545217477269853,0.015986449553132602
0.698131700797732,3.14159265358979,0.314159265358979,5.41052068118242,0.0250665741744398,0.0363962887340648,0.01604831763185735
0.698131700797732,3.14159265358979,0.331612557878923,5.41052068118242,0.02530357349998235,0.036277028900010305,0.0160058949675859
0.698131700797732,3.14159265358979,0.349065850398866,5.41052068118242,0.02555209171071035,0.03634865268986935,0.0157800478082846
0.698131700797732,3.14159265358979,0.366519142918809,5.41052068118242,0.0257599670502332,0.036307377860048354,0.015602200956465199
0.698131700797732,3.14159265358979,0.383972435438752,5.41052068118242,0.025470078640690452,0.0360802277189943,0.0157960501369192
0.698131700797732,3.14159265358979,0.401425727958696,5.41052068118242,0.02521489835101725,0.035994257029550544,0.015878589209588602
0.698131700797732,3.14159265358979,0.418879020478639,5.41052068118242,0.025246762907642002,0.036064128338988755,0.015805895884095547
0.698131700797732,3.14159265358979,0.436332312998582,5.41052068118242,0.02535743648484895,0.0362720041719831,0.0158085557009895
0.698131700797732,3.14159265358979,0.453785605518526,5.41052068118242,0.0254447383808232,0.0365089020370242,0.015875115668693297
0.698131700797732,3.14159265358979,0.471238898038469,5.41052068118242,0.02557371479849795,0.0365600621839664,0.015966660580072352
0.698131700797732,3.14159265358979,0.488692190558412,5.41052068118242,0.025551138982492602,0.03657774326997695,0.01570638972013775
0.698131700797732,3.14159265358979,0.506145483078356,5.41052068118242,0.025364976036453747,0.0365168755859503,0.015567577107758551
0.698131700797732,3.14159265358979,0.523598775598299,5.41052068118242,0.025245910667583298,0.03653210979888515,0.0154457961650633
0.698131700797732,3.14159265358979,0.541052068118242,5.41052068118242,0.025347061582094897,0.036646384633578194,0.0158138888382056
0.698131700797732,3.14159265358979,0.558505360638185,5.41052068118242,0.025697452651866848,0.03660042451705295,0.015932833478538452
0.698131700797732,3.14159265358979,0.575958653158129,5.41052068118242,0.02573428588165265,0.03653310700251885,0.01585037968179765
0.698131700797732,3.14159265358979,0.593411945678072,5.41052068118242,0.02564703445115345,0.0367524032039446,0.0153086236084932
0.698131700797732,3.14159265358979,0.610865238198015,5.41052068118242,0.0254092158999455,0.036563040965384805,0.0153101827736449
0.698131700797732,3.14159265358979,0.628318530717959,5.41052068118242,0.02520951631832425,0.0365042757224799,0.015811932454182
0.698131700797732,3.14159265358979,0.645771823237902,5.41052068118242,0.025239490749450103,0.0365527464157681,0.0160813587740799
0.698131700797732,3.14159265358979,0.663225115757845,5.41052068118242,0.0251441482161742,0.0364999760085429,0.016104259622866
0.698131700797732,3.14159265358979,0.680678408277788,5.41052068118242,0.0249578419642731,0.036456621988726595,0.0157770167179502
0.698131700797732,3.14159265358979,0.698131700797732,5.41052068118242,0.025215911851946347,0.03642242932569195,0.015658374697676
0.698131700797732,3.14159265358979,0.715584993317675,5.41052068118242,0.025359107222294952,0.03655302688760925,0.0155582175763586
0.698131700797732,3.14159265358979,0.733038285837618,5.41052068118242,0.025700118884379952,0.036635651734670496,0.0157181928041299
0.698131700797732,3.14159265358979,0.750491578357562,5.41052068118242,0.025625517312631102,0.0363713662909079,0.01604038719652865
0.698131700797732,3.14159265358979,0.767944870877505,5.41052068118242,0.0255637937192578,0.03647793285938885,0.015659045880195552
0.698131700797732,3.14159265358979,0.785398163397448,5.41052068118242,0.0253041989279335,0.03635380640940865,0.015462088314626851
0.698131700797732,3.14159265358979,0.802851455917391,5.41052068118242,0.02503992952156795,0.03592096763535475,0.0155032622711675
0.698131700797732,3.14159265358979,0.820304748437335,5.41052068118242,0.02487910340636085,0.0356714539709809,0.015438299365813101
0.698131700797732,3.14159265358979,0.837758040957278,5.41052068118242,0.0247942344761887,0.036005960069000656,0.0150575338150131
0.698131700797732,3.14159265358979,0.855211333477221,5.41052068118242,0.025069457650158,0.036151013441842156,0.01486235658638705
0.698131700797732,3.14159265358979,0.872664625997165,5.41052068118242,0.0252337783632898,0.036056255110785446,0.014811625177981649
0.698131700797732,3.14159265358979,0.890117918517108,5.41052068118242,0.02549872833385425,0.03558947737006145,0.0155857642849126
0.698131700797732,3.14159265358979,0.907571211037051,5.41052068118242,0.0253548071212017,0.03588463025967245,0.0155177795468696
0.698131700797732,3.14159265358979,0.925024503556995,5.41052068118242,0.0251945742427544,0.0359725651725836,0.0147273770201612
0.698131700797732,3.14159265358979,0.942477796076938,5.41052068118242,0.0245347396313203,0.0357038998014655,0.014376821998480949
0.698131700797732,3.14159265358979,0.959931088596881,5.41052068118242,0.0239818559868685,0.0357489304229913,0.01473303905295555
0.698131700797732,3.14159265358979,0.977384381116825,5.41052068118242,0.02463649491346325,0.0354789376923295,0.01567315368928095
0.698131700797732,3.14159265358979,0.994837673636768,5.41052068118242,0.0244683630803297,0.03475770075133205,0.01526166667744335
0.698131700797732,3.14159265358979,1.01229096615671,5.41052068118242,0.024407665503435552,0.03469428446226195,0.01511361725158005
0.698131700797732,3.14159265358979,1.02974425867665,5.41052068118242,0.02396783524269675,0.034917066167693495,0.0151593819368657
0.698131700797732,3.14159265358979,1.0471975511966,5.41052068118242,0.02409948713018745,0.0351729716238947,0.01484713955370845
0.698131700797732,3.14159265358979,1.06465084371654,5.41052068118242,0.024376326701085152,0.0350177941616944,0.014810861487313049
0.698131700797732,3.14159265358979,1.08210413623648,5.41052068118242,0.02439892735953325,0.03510555872707315,0.0146957547015113
0.698131700797732,3.14159265358979,1.09955742875643,5.41052068118242,0.0243686271859962,0.03527018302022085,0.01507897025792275
0.698131700797732,3.14159265358979,1.11701072127637,5.41052068118242,0.024236042092443302,0.0356064227967288,0.01561114426108135
0.698131700797732,3.14159265358979,1.13446401379631,5.41052068118242,0.024087468302665102,0.0354881396689687,0.0154592103994785
0.698131700797732,3.14159265358979,1.15191730631626,5.41052068118242,0.0239687015593631,0.0354101672884915,0.01553352928362405
0.698131700797732,3.14159265358979,1.1693705988362,5.41052068118242,0.0239638842221545,0.0354194420113387,0.0154215138630215
0.698131700797732,3.14159265358979,1.18682389135614,5.41052068118242,0.0241548560534042,0.0351783783960704,0.01540015499747935
0.698131700797732,3.14159265358979,1.20427718387609,5.41052068118242,0.0240953586110691,0.0349907498722712,0.0152964462096863
0.698131700797732,3.14159265358979,1.22173047639603,5.41052068118242,0.023876945770076,0.035065710485107204,0.0153505644018293
0.698131700797732,3.14159265358979,1.23918376891597,5.41052068118242,0.02414192480700365,0.034920952256344104,0.01534705142496005
0.698131700797732,3.14159265358979,1.25663706143592,5.41052068118242,0.02378179788680895,0.03489074295466655,0.01525626982097475
0.698131700797732,3.14159265358979,1.27409035395586,5.41052068118242,0.023556040288546548,0.034648782946065604,0.015040541330467151
0.698131700797732,3.14159265358979,1.2915436464758,5.41052068118242,0.023662030445095752,0.0347295818780229,0.0152260903730401
0.698131700797732,3.14159265358979,1.30899693899575,5.41052068118242,0.0232595950192468,0.03361413552453815,0.01456789551628505
0.698131700797732,3.14159265358979,1.32645023151569,5.41052068118242,0.0220093839992802,0.031784729745028,0.013883848855590401
0.698131700797732,3.14159265358979,1.34390352403563,5.41052068118242,0.02044430511554125,0.02938291036218485,0.01281368036225845
0.698131700797732,3.14159265358979,1.36135681655558,5.41052068118242,0.0188860821679893,0.027418945853303497,0.012013414630652149
0.698131700797732,3.14159265358979,1.37881010907552,5.41052068118242,0.0172838067667609,0.0251324353574954,0.010992176891273901
0.698131700797732,3.14159265358979,1.39626340159546,5.41052068118242,0.015718641432788,0.0227695229874032,0.009962886261136006
0.698131700797732,3.14159265358979,1.41371669411541,5.41052068118242,0.0141499121535451,0.0205332376521596,0.009004796171192035
0.698131700797732,3.14159265358979,1.43116998663535,5.41052068118242,0.0125755125531158,0.018183537706961198,0.007948354050754145
0.698131700797732,3.14159265358979,1.44862327915529,5.41052068118242,0.011003518286760949,0.01590460610264555,0.00688198491550061
0.698131700797732,3.14159265358979,1.46607657167524,5.41052068118242,0.009434474818380546,0.01361044848462105,0.0059513501421288445
0.698131700797732,3.14159265358979,1.48352986419518,5.41052068118242,0.0078599650075168,0.011336020883563499,0.004949669875905135
0.698131700797732,3.14159265358979,1.50098315671512,5.41052068118242,0.00628842986686238,0.009137210951096389,0.004000185235604425
0.698131700797732,3.14159265358979,1.51843644923507,5.41052068118242,0.00471535514835856,0.0068420846709696444,0.0029992891198749603
0.698131700797732,3.14159265358979,1.53588974175501,5.41052068118242,0.003142048170297065,0.0045501608508159395,0.001990793638456835
0.698131700797732,3.14159265358979,1.55334303427495,5.41052068118242,0.0015705608559993499,0.00227713863684606,0.0009979502405673534
0.698131700797732,3.14159265358979,1.5707963267949,5.41052068118242,-7.9717551378783e-06,-3.0875956501239e-05,-2.0773959508585398e-05
0.698131700797732,3.14159265358979,0.0174532925199433,5.58505360638185,0.02350079650960495,0.03452456605739575,0.0145121872035058
0.698131700797732,3.14159265358979,0.0349065850398866,5.58505360638185,0.0235400829359108,0.03459404765984265,0.0146347547422085
0.698131700797732,3.14159265358979,0.0523598775598299,5.58505360638185,0.023494049940898452,0.0347487539730828,0.0146616790249381
0.698131700797732,3.14159265358979,0.0698131700797732,5.58505360638185,0.0236363732938714,0.03481519806248825,0.014690610680456049
0.698131700797732,3.14159265358979,0.0872664625997165,5.58505360638185,0.02382454084008775,0.03480985025398435,0.014855030002685
0.698131700797732,3.14159265358979,0.10471975511966,5.58505360638185,0.02374878859410045,0.034771880472564,0.015075839055417949
0.698131700797732,3.14159265358979,0.122173047639603,5.58505360638185,0.02408642148398095,0.034952296356307755,0.01540708248675055
0.698131700797732,3.14159265358979,0.139626340159546,5.58505360638185,0.0243237115909852,0.03512335330667975,0.01559507589030095
0.698131700797732,3.14159265358979,0.15707963267949,5.58505360638185,0.024312198281767748,0.035200602703470404,0.01567228490358235
0.698131700797732,3.14159265358979,0.174532925199433,5.58505360638185,0.0246251463025613,0.03547625252794675,0.0156343186101984
0.698131700797732,3.14159265358979,0.191986217719376,5.58505360638185,0.0249270173542798,0.0358225439492098,0.0156590190360403
0.698131700797732,3.14159265358979,0.20943951023932,5.58505360638185,0.02514362428440465,0.036065233744368,0.0157818744221339
0.698131700797732,3.14159265358979,0.226892802759263,5.58505360638185,0.02535747536760065,0.036376688809207,0.0158712558236677
0.698131700797732,3.14159265358979,0.244346095279206,5.58505360638185,0.025289959445128553,0.0363347618040043,0.016087581379768102
0.698131700797732,3.14159265358979,0.261799387799149,5.58505360638185,0.0253368126898722,0.036553285017060205,0.01617137462844255
0.698131700797732,3.14159265358979,0.279252680319093,5.58505360638185,0.025470980460471797,0.036638679583872846,0.01637185359820805
0.698131700797732,3.14159265358979,0.296705972839036,5.58505360638185,0.025592846501449648,0.0369979847977635,0.0166138419029879
0.698131700797732,3.14159265358979,0.314159265358979,5.58505360638185,0.02590729640573325,0.03707570434231505,0.01639561290906615
0.698131700797732,3.14159265358979,0.331612557878923,5.58505360638185,0.02612726104501885,0.037130494399200104,0.016258722667077452
0.698131700797732,3.14159265358979,0.349065850398866,5.58505360638185,0.026258199544623648,0.03714998480278355,0.01631949939032265
0.698131700797732,3.14159265358979,0.366519142918809,5.58505360638185,0.0262841750685449,0.037382449567721854,0.01646675029690365
0.698131700797732,3.14159265358979,0.383972435438752,5.58505360638185,0.026276628273483,0.03751046493307455,0.01665877002393385
0.698131700797732,3.14159265358979,0.401425727958696,5.58505360638185,0.02655103049749135,0.03754737471079815,0.0167609271463883
0.698131700797732,3.14159265358979,0.418879020478639,5.58505360638185,0.0265428881801953,0.0374710011986677,0.01664926471284115
0.698131700797732,3.14159265358979,0.436332312998582,5.58505360638185,0.02664375163418515,0.03744625828095835,0.01648868990038095
0.698131700797732,3.14159265358979,0.453785605518526,5.58505360638185,0.02697093393902095,0.0376199136376443,0.01668308289473705
0.698131700797732,3.14159265358979,0.471238898038469,5.58505360638185,0.02725671927768995,0.03787308890525275,0.0168745555543596
0.698131700797732,3.14159265358979,0.488692190558412,5.58505360638185,0.02749440025695455,0.0378984906511391,0.0167355556991517
0.698131700797732,3.14159265358979,0.506145483078356,5.58505360638185,0.0274717631815587,0.0382166590637752,0.0166066687618869
0.698131700797732,3.14159265358979,0.523598775598299,5.58505360638185,0.02747474120423695,0.0383452953201237,0.016684904871687348
0.698131700797732,3.14159265358979,0.541052068118242,5.58505360638185,0.027589775883284852,0.0380314378552495,0.0166419824622656
0.698131700797732,3.14159265358979,0.558505360638185,5.58505360638185,0.027507663427394802,0.03810796243991875,0.016567361188180148
0.698131700797732,3.14159265358979,0.575958653158129,5.58505360638185,0.027491194456114497,0.03827327569005525,0.01662417840216525
0.698131700797732,3.14159265358979,0.593411945678072,5.58505360638185,0.0275137943966606,0.03816497274193805,0.0168642314873564
0.698131700797732,3.14159265358979,0.610865238198015,5.58505360638185,0.02743890317295835,0.03809213763170455,0.016904339348834
0.698131700797732,3.14159265358979,0.628318530717959,5.58505360638185,0.027391202780595952,0.03809237046097265,0.0168699079330435
0.698131700797732,3.14159265358979,0.645771823237902,5.58505360638185,0.02710905690643245,0.038121550612101845,0.0168065089864727
0.698131700797732,3.14159265358979,0.663225115757845,5.58505360638185,0.0270431195498399,0.038243272626706404,0.0168918659011142
0.698131700797732,3.14159265358979,0.680678408277788,5.58505360638185,0.02713361912194805,0.038206592428308456,0.016904897535258548
0.698131700797732,3.14159265358979,0.698131700797732,5.58505360638185,0.02715898115341335,0.03828353712012865,0.01678835330485615
0.698131700797732,3.14159265358979,0.715584993317675,5.58505360638185,0.02725255863235585,0.03846565211522525,0.0162706848408668
0.698131700797732,3.14159265358979,0.733038285837618,5.58505360638185,0.0271906658771606,0.03836663469267115,0.0158677014389559
0.698131700797732,3.14159265358979,0.750491578357562,5.58505360638185,0.026995343002803603,0.037738419856104904,0.01610818237777485
0.698131700797732,3.14159265358979,0.767944870877505,5.58505360638185,0.02706724302012175,0.03755485126097525,0.0163229248808942
0.698131700797732,3.14159265358979,0.785398163397448,5.58505360638185,0.0269332321569955,0.03771583987565575,0.01628370618392505
0.698131700797732,3.14159265358979,0.802851455917391,5.58505360638185,0.02643365186766115,0.03791051637288455,0.01619042531950765
0.698131700797732,3.14159265358979,0.820304748437335,5.58505360638185,0.0258719115774349,0.03784381369735705,0.0158473159900201
0.698131700797732,3.14159265358979,0.837758040957278,5.58505360638185,0.02599535008153875,0.0373321012679287,0.015529468774871949
0.698131700797732,3.14159265358979,0.855211333477221,5.58505360638185,0.02594391332335195,0.036984244035029354,0.015592005806849052
0.698131700797732,3.14159265358979,0.872664625997165,5.58505360638185,0.02578896044855375,0.03673844445418085,0.0156795615960461
0.698131700797732,3.14159265358979,0.890117918517108,5.58505360638185,0.02574723656617665,0.03631569057028595,0.016033058116235302
0.698131700797732,3.14159265358979,0.907571211037051,5.58505360638185,0.02603194493675185,0.03666647459908505,0.0160963088491054
0.698131700797732,3.14159265358979,0.925024503556995,5.58505360638185,0.02593510076911565,0.036570000575128145,0.01654525966009035
0.698131700797732,3.14159265358979,0.942477796076938,5.58505360638185,0.02576278182036145,0.0367728867739438,0.01624656135528205
0.698131700797732,3.14159265358979,0.959931088596881,5.58505360638185,0.02560505653922875,0.03683934834008105,0.01652379105645925
0.698131700797732,3.14159265358979,0.977384381116825,5.58505360638185,0.0261721338396558,0.03658439253405365,0.016009344155363397
0.698131700797732,3.14159265358979,0.994837673636768,5.58505360638185,0.0259410682645706,0.03629981088858515,0.0152122436907472
0.698131700797732,3.14159265358979,1.01229096615671,5.58505360638185,0.0256842194375515,0.03628696886087935,0.015186699819977001
0.698131700797732,3.14159265358979,1.02974425867665,5.58505360638185,0.025209777863665503,0.0363313280962798,0.01589703942312065
0.698131700797732,3.14159265358979,1.0471975511966,5.58505360638185,0.024927903133625598,0.036512635410511654,0.0158676187000684
0.698131700797732,3.14159265358979,1.06465084371654,5.58505360638185,0.0244507637095927,0.03600048298435375,0.01589396920356585
0.698131700797732,3.14159265358979,1.08210413623648,5.58505360638185,0.0245780516888531,0.0356447087809883,0.01566373415420185
0.698131700797732,3.14159265358979,1.09955742875643,5.58505360638185,0.0244613019429317,0.03561623524567465,0.015215477267414849
0.698131700797732,3.14159265358979,1.11701072127637,5.58505360638185,0.024771910462659502,0.03554254610607815,0.0149450353748777
0.698131700797732,3.14159265358979,1.13446401379631,5.58505360638185,0.024886648731582348,0.03587065366076995,0.01514783190360865
0.698131700797732,3.14159265358979,1.15191730631626,5.58505360638185,0.024979394586503,0.035841926930800905,0.0151342672774281
0.698131700797732,3.14159265358979,1.1693705988362,5.58505360638185,0.02493562481291375,0.0359666665402339,0.01482648724651525
0.698131700797732,3.14159265358979,1.18682389135614,5.58505360638185,0.024950667002235048,0.03573331621347975,0.01475759705037985
0.698131700797732,3.14159265358979,1.20427718387609,5.58505360638185,0.02516905135649565,0.03576650989606295,0.01448546121945175
0.698131700797732,3.14159265358979,1.22173047639603,5.58505360638185,0.025130175653812648,0.0358585975261094,0.01462139487547855
0.698131700797732,3.14159265358979,1.23918376891597,5.58505360638185,0.02532782312984665,0.0356649630462665,0.014431774125939299
0.698131700797732,3.14159265358979,1.25663706143592,5.58505360638185,0.0256250776854414,0.0354987498661804,0.0145678371756973
0.698131700797732,3.14159265358979,1.27409035395586,5.58505360638185,0.025975229781442948,0.035287392601784554,0.0149125083948401
0.698131700797732,3.14159265358979,1.2915436464758,5.58505360638185,0.025831835959506798,0.035348120011072,0.0148000875729036
0.698131700797732,3.14159265358979,1.30899693899575,5.58505360638185,0.025513249273081247,0.034274874517981196,0.01507752708495705
0.698131700797732,3.14159265358979,1.32645023151569,5.58505360638185,0.0243105621426643,0.032553307237692,0.0141999611126089
0.698131700797732,3.14159265358979,1.34390352403563,5.58505360638185,0.022549855532166,0.0301242532714752,0.01321251259660905
0.698131700797732,3.14159265358979,1.36135681655558,5.58505360638185,0.02090189343120475,0.02799407966386835,0.0121438536991646
0.698131700797732,3.14159265358979,1.37881010907552,5.58505360638185,0.019108569240060103,0.02569145503614805,0.011128088754975951
0.698131700797732,3.14159265358979,1.39626340159546,5.58505360638185,0.0173967129529283,0.023300725384912548,0.010134254391967891
0.698131700797732,3.14159265358979,1.41371669411541,5.58505360638185,0.0157068612758801,0.021002532750207747,0.00912149931430518
0.698131700797732,3.14159265358979,1.43116998663535,5.58505360638185,0.01390185803712375,0.01861690930086815,0.008111154324456141
0.698131700797732,3.14159265358979,1.44862327915529,5.58505360638185,0.0120620599957255,0.0162064106018692,0.00714716676770304
0.698131700797732,3.14159265358979,1.46607657167524,5.58505360638185,0.01043738506617445,0.01394379545047265,0.006090292476986664
0.698131700797732,3.14159265358979,1.48352986419518,5.58505360638185,0.008678321051186086,0.01161433057593555,0.00507291194500647
0.698131700797732,3.14159265358979,1.50098315671512,5.58505360638185,0.0069706115225208806,0.009329640254427155,0.004058306644329085
0.698131700797732,3.14159265358979,1.51843644923507,5.58505360638185,0.005231095056929015,0.006998562149325385,0.00303948619140119
0.698131700797732,3.14159265358979,1.53588974175501,5.58505360638185,0.003477253179719615,0.0046566825067588195,0.002025935178941445
0.698131700797732,3.14159265358979,1.55334303427495,5.58505360638185,0.0017418872818207149,0.00232971486347905,0.0010125890862437486
0.698131700797732,3.14159265358979,1.5707963267949,5.58505360638185,-2.47050599026244e-05,-2.6292224594076625e-05,-3.6884094807079855e-06
0.698131700797732,3.14159265358979,0.0174532925199433,5.75958653158129,0.02355521727396575,0.0345358484380871,0.014559930735842351
0.698131700797732,3.14159265358979,0.0349065850398866,5.75958653158129,0.02354302042899115,0.03456562549041265,0.014672889907132749
0.698131700797732,3.14159265358979,0.0523598775598299,5.75958653158129,0.023427020840504097,0.0347437943096241,0.01460254932033935
0.698131700797732,3.14159265358979,0.0698131700797732,5.75958653158129,0.02364690315414925,0.03491548195531615,0.0142956049072747
0.698131700797732,3.14159265358979,0.0872664625997165,5.75958653158129,0.02387510108924355,0.03493227628871865,0.0146018862077292
0.698131700797732,3.14159265358979,0.10471975511966,5.75958653158129,0.0239217266376614,0.035043649095405804,0.0151624297131428
0.698131700797732,3.14159265358979,0.122173047639603,5.75958653158129,0.02414891545082645,0.0352032983429718,0.015363486985450599
0.698131700797732,3.14159265358979,0.139626340159546,5.75958653158129,0.0245621191914712,0.035279685810588796,0.015612675366262551
0.698131700797732,3.14159265358979,0.15707963267949,5.75958653158129,0.0244933008131573,0.03542232076843245,0.0157724753121431
0.698131700797732,3.14159265358979,0.174532925199433,5.75958653158129,0.02465646446027835,0.03564728211138375,0.01583888273434135
0.698131700797732,3.14159265358979,0.191986217719376,5.75958653158129,0.025327149643636353,0.036081218561971246,0.01605363728764605
0.698131700797732,3.14159265358979,0.20943951023932,5.75958653158129,0.02599517027255845,0.036537772023344,0.01622384440774505
0.698131700797732,3.14159265358979,0.226892802759263,5.75958653158129,0.0261777867320973,0.036864078194837696,0.016133202904553598
0.698131700797732,3.14159265358979,0.244346095279206,5.75958653158129,0.0261868278751659,0.0371651980455775,0.01619206428199605
0.698131700797732,3.14159265358979,0.261799387799149,5.75958653158129,0.0263907081807672,0.037208836583063246,0.01665488639107525
0.698131700797732,3.14159265358979,0.279252680319093,5.75958653158129,0.026531812576187398,0.03728943831719175,0.0165257704953736
0.698131700797732,3.14159265358979,0.296705972839036,5.75958653158129,0.02674604423001245,0.03757001461756995,0.01657583343927985
0.698131700797732,3.14159265358979,0.314159265358979,5.75958653158129,0.02701544482435525,0.0378268977203476,0.0168267829703964
0.698131700797732,3.14159265358979,0.331612557878923,5.75958653158129,0.026998568860400703,0.038001963741367994,0.016941072111816502
0.698131700797732,3.14159265358979,0.349065850398866,5.75958653158129,0.026912761801617453,0.0381370523526928,0.0170224763698513
0.698131700797732,3.14159265358979,0.366519142918809,5.75958653158129,0.0271863611480704,0.038116784860276295,0.01743039234853215
0.698131700797732,3.14159265358979,0.383972435438752,5.75958653158129,0.0275961130140673,0.03826938226776115,0.0178673584377026
0.698131700797732,3.14159265358979,0.401425727958696,5.75958653158129,0.0280771104125719,0.03876267432136845,0.018030636307495802
0.698131700797732,3.14159265358979,0.418879020478639,5.75958653158129,0.0285299612063348,0.0391313796079821,0.018244366386270798
0.698131700797732,3.14159265358979,0.436332312998582,5.75958653158129,0.02906204266418795,0.039679749825517655,0.0183786809681364
0.698131700797732,3.14159265358979,0.453785605518526,5.75958653158129,0.02977420741950235,0.0401549288192414,0.0184707142772728
0.698131700797732,3.14159265358979,0.471238898038469,5.75958653158129,0.0303129102178665,0.040519568809161105,0.01876906289614965
0.698131700797732,3.14159265358979,0.488692190558412,5.75958653158129,0.0306892427084973,0.04083068956401225,0.018864292641706103
0.698131700797732,3.14159265358979,0.506145483078356,5.75958653158129,0.030826952664044102,0.0411224969622919,0.01895525458369315
0.698131700797732,3.14159265358979,0.523598775598299,5.75958653158129,0.03073024907523985,0.0412240406176044,0.019481022558462
0.698131700797732,3.14159265358979,0.541052068118242,5.75958653158129,0.03098727568283845,0.041695680546844,0.019579062080825847
0.698131700797732,3.14159265358979,0.558505360638185,5.75958653158129,0.03115557656217635,0.041889317207040005,0.0192431937589093
0.698131700797732,3.14159265358979,0.575958653158129,5.75958653158129,0.03150872354040245,0.041585428003193745,0.019414232291356852
0.698131700797732,3.14159265358979,0.593411945678072,5.75958653158129,0.03169955432015805,0.041541598325305296,0.01934523861692615
0.698131700797732,3.14159265358979,0.610865238198015,5.75958653158129,0.031594763191102104,0.0417969617990816,0.01939210746347165
0.698131700797732,3.14159265358979,0.628318530717959,5.75958653158129,0.03146817632352585,0.04208042993514015,0.01972272437355195
0.698131700797732,3.14159265358979,0.645771823237902,5.75958653158129,0.03123746776595275,0.0417586530278955,0.0192762814250391
0.698131700797732,3.14159265358979,0.663225115757845,5.75958653158129,0.031111060598056302,0.04180419002151135,0.0189120163660505
0.698131700797732,3.14159265358979,0.680678408277788,5.75958653158129,0.030764839302081,0.041827687837373145,0.01822528093047035
0.698131700797732,3.14159265358979,0.698131700797732,5.75958653158129,0.03059787531802,0.0416239860108905,0.0178199370531303
0.698131700797732,3.14159265358979,0.715584993317675,5.75958653158129,0.030491180553095652,0.0415446418974686,0.0181559950357177
0.698131700797732,3.14159265358979,0.733038285837618,5.75958653158129,0.03027950594279635,0.041295184793031695,0.01829747188393635
0.698131700797732,3.14159265358979,0.750491578357562,5.75958653158129,0.0303696214788046,0.040966349902218646,0.018038030531091702
0.698131700797732,3.14159265358979,0.767944870877505,5.75958653158129,0.0304753654486586,0.040695552041692146,0.01808167498859145
0.698131700797732,3.14159265358979,0.785398163397448,5.75958653158129,0.030025812556053952,0.04043596841252565,0.0182507624463363
0.698131700797732,3.14159265358979,0.802851455917391,5.75958653158129,0.029411463838884253,0.03986918750683515,0.0180037254480739
0.698131700797732,3.14159265358979,0.820304748437335,5.75958653158129,0.0290115683768329,0.03988560905758495,0.01767197689631015
0.698131700797732,3.14159265358979,0.837758040957278,5.75958653158129,0.028549650662690898,0.039751039629748,0.017305348269282247
0.698131700797732,3.14159265358979,0.855211333477221,5.75958653158129,0.028400054577607,0.03925324306939565,0.01713957948822185
0.698131700797732,3.14159265358979,0.872664625997165,5.75958653158129,0.0283685268875368,0.0387919555772207,0.0173122739564828
0.698131700797732,3.14159265358979,0.890117918517108,5.75958653158129,0.0280830597150251,0.03853133197190685,0.01724724080396105
0.698131700797732,3.14159265358979,0.907571211037051,5.75958653158129,0.0279558347156061,0.0381071718461454,0.0168000285809616
0.698131700797732,3.14159265358979,0.925024503556995,5.75958653158129,0.0281562014596368,0.0384015498569629,0.01621373948768925
0.698131700797732,3.14159265358979,0.942477796076938,5.75958653158129,0.0278257333046072,0.03882078986506495,0.0168178282057119
0.698131700797732,3.14159265358979,0.959931088596881,5.75958653158129,0.02786665809514605,0.0383466620498088,0.01664564744490235
0.698131700797732,3.14159265358979,0.977384381116825,5.75958653158129,0.027825648290001802,0.03810563147566355,0.0160695913856091
0.698131700797732,3.14159265358979,0.994837673636768,5.75958653158129,0.027164663210734748,0.038386624931381494,0.0159729096520008
0.698131700797732,3.14159265358979,1.01229096615671,5.75958653158129,0.0269520208232069,0.03833368336572465,0.016117009298181502
0.698131700797732,3.14159265358979,1.02974425867665,5.75958653158129,0.02688969102850305,0.0380864135758595,0.015976582052780353
0.698131700797732,3.14159265358979,1.0471975511966,5.75958653158129,0.02638599501584605,0.03787170809661625,0.0153725110670202
0.698131700797732,3.14159265358979,1.06465084371654,5.75958653158129,0.026159701459289197,0.0381981470778872,0.01542057309981955
0.698131700797732,3.14159265358979,1.08210413623648,5.75958653158129,0.02591087224607115,0.03783107044408715,0.0154403404322205
0.698131700797732,3.14159265358979,1.09955742875643,5.75958653158129,0.0262307392443433,0.03741200016459224,0.015484056350242
0.698131700797732,3.14159265358979,1.11701072127637,5.75958653158129,0.026090439977058802,0.0371592206929146,0.015607380666224099
0.698131700797732,3.14159265358979,1.13446401379631,5.75958653158129,0.02598807957849405,0.03691859243033565,0.01597910237922915
0.698131700797732,3.14159265358979,1.15191730631626,5.75958653158129,0.026006842711225102,0.036991387401531656,0.016156285241059852
0.698131700797732,3.14159265358979,1.1693705988362,5.75958653158129,0.0255279957953794,0.0369979046102206,0.016287456481168902
0.698131700797732,3.14159265358979,1.18682389135614,5.75958653158129,0.025255659062933748,0.03654105790870965,0.01609514149167525
0.698131700797732,3.14159265358979,1.20427718387609,5.75958653158129,0.02531260195384055,0.03658388856456465,0.01619955214604905
0.698131700797732,3.14159265358979,1.22173047639603,5.75958653158129,0.0250573993822333,0.0364349926139077,0.0160422556590613
0.698131700797732,3.14159265358979,1.23918376891597,5.75958653158129,0.02487921288513195,0.036315238664165,0.0157478956921735
0.698131700797732,3.14159265358979,1.25663706143592,5.75958653158129,0.0248242644880154,0.03581273902625445,0.0149667514911696
0.698131700797732,3.14159265358979,1.27409035395586,5.75958653158129,0.025066673979274347,0.03587266855815765,0.015104409850057801
0.698131700797732,3.14159265358979,1.2915436464758,5.75958653158129,0.0246621290235046,0.0352169486961227,0.01468924634335105
0.698131700797732,3.14159265358979,1.30899693899575,5.75958653158129,0.0255088928466119,0.0360031329271316,0.01553282221735125
0.698131700797732,3.14159265358979,1.32645023151569,5.75958653158129,0.02420103606793185,0.03399000284151965,0.015102884999731201
0.698131700797732,3.14159265358979,1.34390352403563,5.75958653158129,0.0222354538579268,0.0314657089061679,0.01380176619770335
0.698131700797732,3.14159265358979,1.36135681655558,5.75958653158129,0.02071009594923455,0.02898131732126665,0.01277285279633215
0.698131700797732,3.14159265358979,1.37881010907552,5.75958653158129,0.01869937187629285,0.02659345156140005,0.011440160267231651
0.698131700797732,3.14159265358979,1.39626340159546,5.75958653158129,0.017254998117479048,0.02422505540927615,0.01072632622032435
0.698131700797732,3.14159265358979,1.41371669411541,5.75958653158129,0.01549339413551435,0.021766358678137497,0.009577481839163276
0.698131700797732,3.14159265358979,1.43116998663535,5.75958653158129,0.01382981401678465,0.01942046357054285,0.008627379455188695
0.698131700797732,3.14159265358979,1.44862327915529,5.75958653158129,0.012022503046949799,0.01692782114640105,0.00745179291650235
0.698131700797732,3.14159265358979,1.46607657167524,5.75958653158129,0.01037200905039524,0.01445078269834615,0.00634314269203493
0.698131700797732,3.14159265358979,1.48352986419518,5.75958653158129,0.008538954724104576,0.01207140974947635,0.00526436146535638
0.698131700797732,3.14159265358979,1.50098315671512,5.75958653158129,0.006900911526351125,0.0096726539329063,0.004271493587826745
0.698131700797732,3.14159265358979,1.51843644923507,5.75958653158129,0.0051649449927878045,0.00725289745334215,0.0031772047502871452
0.698131700797732,3.14159265358979,1.53588974175501,5.75958653158129,0.003451170258056545,0.004851115679647114,0.00215238589259128
0.698131700797732,3.14159265358979,1.55334303427495,5.75958653158129,0.001721945042760185,0.0024116872587375,0.00106069520299072
0.698131700797732,3.14159265358979,1.5707963267949,5.75958653158129,0.0009445192755452265,0.001366602257151245,0.000602254284565626
0.698131700797732,3.14159265358979,0.0174532925199433,5.93411945678072,0.0236054454886193,0.034536860319807,0.0146077818332771
0.698131700797732,3.14159265358979,0.0349065850398866,5.93411945678072,0.023574133640334997,0.034591752908342197,0.014772942060219198
0.698131700797732,3.14159265358979,0.0523598775598299,5.93411945678072,0.0232951254295442,0.034709763593005205,0.014610004802817201
0.698131700797732,3.14159265358979,0.0698131700797732,5.93411945678072,0.023464657525804948,0.03481332933534405,0.014384878436540249
0.698131700797732,3.14159265358979,0.0872664625997165,5.93411945678072,0.023800119225000402,0.034961760141949697,0.0144725393584737
0.698131700797732,3.14159265358979,0.10471975511966,5.93411945678072,0.02395477710625565,0.0352089598954387,0.0148906741430609
0.698131700797732,3.14159265358979,0.122173047639603,5.93411945678072,0.0242846473131855,0.0353651129019078,0.01533567890260865
0.698131700797732,3.14159265358979,0.139626340159546,5.93411945678072,0.02460947850240365,0.03555342554241315,0.015599332723181002
0.698131700797732,3.14159265358979,0.15707963267949,5.93411945678072,0.024844486109414747,0.03574251949748565,0.01589834610877275
0.698131700797732,3.14159265358979,0.174532925199433,5.93411945678072,0.02505226912776065,0.035937581549500996,0.0161028715200217
0.698131700797732,3.14159265358979,0.191986217719376,5.93411945678072,0.025498242328189,0.036184999842673246,0.01623011688498565
0.698131700797732,3.14159265358979,0.20943951023932,5.93411945678072,0.0259922772451707,0.036549066219146054,0.01646988645343345
0.698131700797732,3.14159265358979,0.226892802759263,5.93411945678072,0.0263460785358883,0.03708449027650185,0.01654508001051685
0.698131700797732,3.14159265358979,0.244346095279206,5.93411945678072,0.0267332067202901,0.03761241372691635,0.0166221170151776
0.698131700797732,3.14159265358979,0.261799387799149,5.93411945678072,0.02708058701503065,0.0378668179004271,0.016940871095830597
0.698131700797732,3.14159265358979,0.279252680319093,5.93411945678072,0.02736615241138845,0.037936909050225204,0.01717827472748135
0.698131700797732,3.14159265358979,0.296705972839036,5.93411945678072,0.02790325494524495,0.03819055039354985,0.0176175208392658
0.698131700797732,3.14159265358979,0.314159265358979,5.93411945678072,0.02803493231470275,0.0387370463203223,0.01777207239651015
0.698131700797732,3.14159265358979,0.331612557878923,5.93411945678072,0.0283535334227523,0.0393038432111151,0.017983280406625002
0.698131700797732,3.14159265358979,0.349065850398866,5.93411945678072,0.0288162163333126,0.039612400419608895,0.0184884718222803
0.698131700797732,3.14159265358979,0.366519142918809,5.93411945678072,0.0295559393250969,0.0399314855767868,0.0189859083403075
0.698131700797732,3.14159265358979,0.383972435438752,5.93411945678072,0.0303830125959189,0.040587573346046346,0.01951403145266675
0.698131700797732,3.14159265358979,0.401425727958696,5.93411945678072,0.0314186145409151,0.0414582968679899,0.02001414137140355
0.698131700797732,3.14159265358979,0.418879020478639,5.93411945678072,0.0324678760245352,0.042568218895344,0.0206298665898687
0.698131700797732,3.14159265358979,0.436332312998582,5.93411945678072,0.0337299701830081,0.04375437251321085,0.0214631617749191
0.698131700797732,3.14159265358979,0.453785605518526,5.93411945678072,0.03513225697716775,0.044894901600599654,0.02246483122929885
0.698131700797732,3.14159265358979,0.471238898038469,5.93411945678072,0.03641137881147765,0.046130764973481495,0.02378802985000365
0.698131700797732,3.14159265358979,0.488692190558412,5.93411945678072,0.0376984947646849,0.0475352231432684,0.0252374215473437
0.698131700797732,3.14159265358979,0.506145483078356,5.93411945678072,0.039140332973035,0.04893617629051225,0.02655397207318255
0.698131700797732,3.14159265358979,0.523598775598299,5.93411945678072,0.041171913377602204,0.0505630309782454,0.0281454673024026
0.698131700797732,3.14159265358979,0.541052068118242,5.93411945678072,0.04301687981439445,0.05218330560465555,0.02955756047232775
0.698131700797732,3.14159265358979,0.558505360638185,5.93411945678072,0.0443428538753404,0.05362837678747745,0.03026875154680195
0.698131700797732,3.14159265358979,0.575958653158129,5.93411945678072,0.0454498213738773,0.0546981892973022,0.029991505303103502
0.698131700797732,3.14159265358979,0.593411945678072,5.93411945678072,0.04602258513947015,0.054835700011029,0.0298952239527185
0.698131700797732,3.14159265358979,0.610865238198015,5.93411945678072,0.0459905599129304,0.0550197830453874,0.0299879638196821
0.698131700797732,3.14159265358979,0.628318530717959,5.93411945678072,0.045868389233613846,0.0548868007459067,0.03013900088503145
0.698131700797732,3.14159265358979,0.645771823237902,5.93411945678072,0.045700552473427,0.0545026997175179,0.03023767721819115
0.698131700797732,3.14159265358979,0.663225115757845,5.93411945678072,0.045390858684682456,0.053705390106181305,0.02971127256695265
0.698131700797732,3.14159265358979,0.680678408277788,5.93411945678072,0.045076216489524895,0.05323418694619425,0.0287427454715231
0.698131700797732,3.14159265358979,0.698131700797732,5.93411945678072,0.0443683584630286,0.05267811545080765,0.0273327442201012
0.698131700797732,3.14159265358979,0.715584993317675,5.93411945678072,0.0435961073618343,0.052116442495405604,0.0263240925862918
0.698131700797732,3.14159265358979,0.733038285837618,5.93411945678072,0.04305913974290895,0.05152059471921845,0.0257918453119198
0.698131700797732,3.14159265358979,0.750491578357562,5.93411945678072,0.04210264050132695,0.0504399815953269,0.0249321878322552
0.698131700797732,3.14159265358979,0.767944870877505,5.93411945678072,0.040885460602285956,0.04926486430401905,0.024391942483933997
0.698131700797732,3.14159265358979,0.785398163397448,5.93411945678072,0.0397872946486785,0.04846695994931775,0.024070391974543
0.698131700797732,3.14159265358979,0.802851455917391,5.93411945678072,0.03852398686335745,0.0476227151513948,0.02365699719811795
0.698131700797732,3.14159265358979,0.820304748437335,5.93411945678072,0.037090230330048796,0.04682987125543845,0.0227709516463883
0.698131700797732,3.14159265358979,0.837758040957278,5.93411945678072,0.0361981177440737,0.046061386671416044,0.02203096973820905
0.698131700797732,3.14159265358979,0.855211333477221,5.93411945678072,0.035128234263594155,0.04536005704004575,0.0215506782506114
0.698131700797732,3.14159265358979,0.872664625997165,5.93411945678072,0.03431216323037525,0.044692215574642896,0.02109079450330795
0.698131700797732,3.14159265358979,0.890117918517108,5.93411945678072,0.03379125537524395,0.0437533530141067,0.02028332043699315
0.698131700797732,3.14159265358979,0.907571211037051,5.93411945678072,0.0334812546588565,0.0434838842801315,0.01994943370272105
0.698131700797732,3.14159265358979,0.925024503556995,5.93411945678072,0.03267972749449255,0.04274453014438595,0.01922048321387855
0.698131700797732,3.14159265358979,0.942477796076938,5.93411945678072,0.03209437154613645,0.04196745372555155,0.0179648234620311
0.698131700797732,3.14159265358979,0.959931088596881,5.93411945678072,0.03187912623445785,0.04159447362684145,0.017353210284616102
0.698131700797732,3.14159265358979,0.977384381116825,5.93411945678072,0.03122550830994825,0.041553336071859,0.01700793400464245
0.698131700797732,3.14159265358979,0.994837673636768,5.93411945678072,0.0303154806885771,0.0412450909860667,0.016656826718505602
0.698131700797732,3.14159265358979,1.01229096615671,5.93411945678072,0.0299086653184612,0.0405036917596067,0.0158627306979706
0.698131700797732,3.14159265358979,1.02974425867665,5.93411945678072,0.02975690368092085,0.039843183431436446,0.0156687924473507
0.698131700797732,3.14159265358979,1.0471975511966,5.93411945678072,0.0293851397210108,0.03981705670279995,0.0158325055101847
0.698131700797732,3.14159265358979,1.06465084371654,5.93411945678072,0.02887779314632105,0.0397248913304274,0.0159408459688526
0.698131700797732,3.14159265358979,1.08210413623648,5.93411945678072,0.028515348017463298,0.03926352606399755,0.01599745967039615
0.698131700797732,3.14159265358979,1.09955742875643,5.93411945678072,0.02843906632264855,0.03847738496362765,0.01588744146484585
0.698131700797732,3.14159265358979,1.11701072127637,5.93411945678072,0.02840497470771005,0.03784540073868615,0.01586345450554855
0.698131700797732,3.14159265358979,1.13446401379631,5.93411945678072,0.0282017258125284,0.0379947937894034,0.015629038674755
0.698131700797732,3.14159265358979,1.15191730631626,5.93411945678072,0.02811311761181815,0.03826815188281925,0.0159947246349161
0.698131700797732,3.14159265358979,1.1693705988362,5.93411945678072,0.02804090931683665,0.038221914944598,0.0156438007788149
0.698131700797732,3.14159265358979,1.18682389135614,5.93411945678072,0.027733775481683452,0.038027469035088746,0.0156317727747683
0.698131700797732,3.14159265358979,1.20427718387609,5.93411945678072,0.027679016751991352,0.0380560884756041,0.0156487266170482
0.698131700797732,3.14159265358979,1.22173047639603,5.93411945678072,0.02764275655539835,0.0375528856474404,0.01567091394787375
0.698131700797732,3.14159265358979,1.23918376891597,5.93411945678072,0.02727210656694245,0.037302647735030045,0.0154384580352761
0.698131700797732,3.14159265358979,1.25663706143592,5.93411945678072,0.027362519690955947,0.0371729581034295,0.0145923378883632
0.698131700797732,3.14159265358979,1.27409035395586,5.93411945678072,0.027438639374882,0.03654275444743545,0.0147806380591897
0.698131700797732,3.14159265358979,1.2915436464758,5.93411945678072,0.0269476542679658,0.03650200092018105,0.014656703891352499
0.698131700797732,3.14159265358979,1.30899693899575,5.93411945678072,0.02652646523304925,0.035802261335250454,0.01434877563820005
0.698131700797732,3.14159265358979,1.32645023151569,5.93411945678072,0.02520720702873645,0.03410701526048545,0.013669757418803451
0.698131700797732,3.14159265358979,1.34390352403563,5.93411945678072,0.02346974165677395,0.03177512601982655,0.01269884079617725
0.698131700797732,3.14159265358979,1.36135681655558,5.93411945678072,0.0216836312588798,0.0293285177518569,0.0116879615536572
0.698131700797732,3.14159265358979,1.37881010907552,5.93411945678072,0.019809301096958998,0.02680627254858925,0.01074339858953585
0.698131700797732,3.14159265358979,1.39626340159546,5.93411945678072,0.0180481863368033,0.024433744943162902,0.00976781781367761
0.698131700797732,3.14159265358979,1.41371669411541,5.93411945678072,0.01620089760244845,0.02191382203012865,0.00877872707491348
0.698131700797732,3.14159265358979,1.43116998663535,5.93411945678072,0.0144095782220508,0.0195000386868375,0.00781344580533413
0.698131700797732,3.14159265358979,1.44862327915529,5.93411945678072,0.01264156944831535,0.01711636220371325,0.00683762410704062
0.698131700797732,3.14159265358979,1.46607657167524,5.93411945678072,0.01080655338265825,0.0146244186276686,0.0058592763480938646
0.698131700797732,3.14159265358979,1.48352986419518,5.93411945678072,0.00900729033405898,0.0121897360710561,0.00488325087535823
0.698131700797732,3.14159265358979,1.50098315671512,5.93411945678072,0.00722364314020015,0.009780886711694945,0.003906657189389665
0.698131700797732,3.14159265358979,1.51843644923507,5.93411945678072,0.00541005998723911,0.00732335458210612,0.002929537994693925
0.698131700797732,3.14159265358979,1.53588974175501,5.93411945678072,0.00360263303380901,0.00487562937403638,0.0019529199155559952
0.698131700797732,3.14159265358979,1.55334303427495,5.93411945678072,0.00180153097634423,0.002438655884943225,0.0009755171608757526
0.698131700797732,3.14159265358979,1.5707963267949,5.93411945678072,0.001139676292623605,0.001542182654596695,0.0006181818899213435
0.698131700797732,3.14159265358979,0.0174532925199433,6.10865238198015,0.0236492496048092,0.0345306966621119,0.0146528101018626
0.698131700797732,3.14159265358979,0.0349065850398866,6.10865238198015,0.02359827405906165,0.0346292316045151,0.01486347507050265
0.698131700797732,3.14159265358979,0.0523598775598299,6.10865238198015,0.0231907901854234,0.03480750575148115,0.0148247698355192
0.698131700797732,3.14159265358979,0.0698131700797732,6.10865238198015,0.0232688984699757,0.03481596738046245,0.0146381180245762
0.698131700797732,3.14159265358979,0.0872664625997165,6.10865238198015,0.023692620468771,0.03498500696971135,0.0146976893343456
0.698131700797732,3.14159265358979,0.10471975511966,6.10865238198015,0.023973862746958098,0.03530641677756645,0.014855473930538252
0.698131700797732,3.14159265358979,0.122173047639603,6.10865238198015,0.024126612690648398,0.03537082341218715,0.014930840852257
0.698131700797732,3.14159265358979,0.139626340159546,6.10865238198015,0.0242245867783644,0.035527580105696,0.01510419348321735
0.698131700797732,3.14159265358979,0.15707963267949,6.10865238198015,0.0245816132476856,0.035870876406351754,0.015661168995787702
0.698131700797732,3.14159265358979,0.174532925199433,6.10865238198015,0.025231598698127,0.03614234509014755,0.0158379286178147
0.698131700797732,3.14159265358979,0.191986217719376,6.10865238198015,0.02575132351474145,0.03659728011347345,0.0159522541042169
0.698131700797732,3.14159265358979,0.20943951023932,6.10865238198015,0.02604459613548955,0.037012249337773,0.0163487703532351
0.698131700797732,3.14159265358979,0.226892802759263,6.10865238198015,0.0264878329718288,0.0374153295736596,0.0165998820904306
0.698131700797732,3.14159265358979,0.244346095279206,6.10865238198015,0.02699434702698115,0.0377289314020989,0.01679364291668395
0.698131700797732,3.14159265358979,0.261799387799149,6.10865238198015,0.02760171288068015,0.038081161790246704,0.0171722510821342
0.698131700797732,3.14159265358979,0.279252680319093,6.10865238198015,0.02820011987109665,0.03847729051624475,0.0174479348393407
0.698131700797732,3.14159265358979,0.296705972839036,6.10865238198015,0.028601880733819203,0.03890226829258885,0.01780640878955765
0.698131700797732,3.14159265358979,0.314159265358979,6.10865238198015,0.02896243805582395,0.0394182035423487,0.01851173736040995
0.698131700797732,3.14159265358979,0.331612557878923,6.10865238198015,0.02965975564673665,0.04002777740970685,0.01905276364927265
0.698131700797732,3.14159265358979,0.349065850398866,6.10865238198015,0.030506159927584597,0.04081637277917785,0.01921430156342995
0.698131700797732,3.14159265358979,0.366519142918809,6.10865238198015,0.0315257588921421,0.0418551445206366,0.019851384049845502
0.698131700797732,3.14159265358979,0.383972435438752,6.10865238198015,0.0330484183495526,0.04320670795387175,0.0212688794119301
0.698131700797732,3.14159265358979,0.401425727958696,6.10865238198015,0.0353484913901856,0.0451248054547781,0.022937211022073453
0.698131700797732,3.14159265358979,0.418879020478639,6.10865238198015,0.038424571356793044,0.0476875271387349,0.02502644851486625
0.698131700797732,3.14159265358979,0.436332312998582,6.10865238198015,0.04204174035537935,0.0508879528131638,0.02785397354218245
0.698131700797732,3.14159265358979,0.453785605518526,6.10865238198015,0.04600623250931005,0.054706535112919355,0.0315234138944112
0.698131700797732,3.14159265358979,0.471238898038469,6.10865238198015,0.0513070585680093,0.059505080638534,0.0366274820944082
0.698131700797732,3.14159265358979,0.488692190558412,6.10865238198015,0.0586759752589742,0.0662176286073719,0.044092288467396
0.698131700797732,3.14159265358979,0.506145483078356,6.10865238198015,0.0688336498809861,0.0754530332505334,0.05481198049740375
0.698131700797732,3.14159265358979,0.523598775598299,6.10865238198015,0.08133473196834905,0.08580767145192195,0.0671629961572716
0.698131700797732,3.14159265358979,0.541052068118242,6.10865238198015,0.09623721535565205,0.09804235272796435,0.08033013203232385
0.698131700797732,3.14159265358979,0.558505360638185,6.10865238198015,0.11458471732296979,0.11514099431705566,0.09954765556854894
0.698131700797732,3.14159265358979,0.575958653158129,6.10865238198015,0.1368673403614815,0.13791035570913548,0.12573202504887754
0.698131700797732,3.14159265358979,0.593411945678072,6.10865238198015,0.161590866555184,0.162043050094448,0.1502193434453515
0.698131700797732,3.14159265358979,0.610865238198015,6.10865238198015,0.187243604780096,0.1850350851522125,0.1745254366070505
0.698131700797732,3.14159265358979,0.628318530717959,6.10865238198015,0.211522639176913,0.2088642382711835,0.20146521880371598
0.698131700797732,3.14159265358979,0.645771823237902,6.10865238198015,0.2283904811315915,0.225859309999355,0.219829491462741
0.698131700797732,3.14159265358979,0.663225115757845,6.10865238198015,0.23519365075614498,0.22969807610840798,0.2241775111984855
0.698131700797732,3.14159265358979,0.680678408277788,6.10865238198015,0.2313168085125215,0.222387079317097,0.21397104752330498
0.698131700797732,3.14159265358979,0.698131700797732,6.10865238198015,0.219809367229437,0.2074047142733905,0.1950186120293935
0.698131700797732,3.14159265358979,0.715584993317675,6.10865238198015,0.207960071706368,0.193962295640965,0.180111218671656
0.698131700797732,3.14159265358979,0.733038285837618,6.10865238198015,0.19397377940306648,0.18333934445737898,0.164374207617223
0.698131700797732,3.14159265358979,0.750491578357562,6.10865238198015,0.176319411540012,0.170075634806309,0.143345078765248
0.698131700797732,3.14159265358979,0.767944870877505,6.10865238198015,0.1564068452410775,0.15316409346426552,0.1220425928323409
0.698131700797732,3.14159265358979,0.785398163397448,6.10865238198015,0.135864854538256,0.1352212646872505,0.10134015784196675
0.698131700797732,3.14159265358979,0.802851455917391,6.10865238198015,0.1165272778311687,0.11759605870186035,0.082520207685486
0.698131700797732,3.14159265358979,0.820304748437335,6.10865238198015,0.1005902694146565,0.10172483003101265,0.0692073773330623
0.698131700797732,3.14159265358979,0.837758040957278,6.10865238198015,0.08594923359228665,0.08798690039592795,0.0574645230506054
0.698131700797732,3.14159265358979,0.855211333477221,6.10865238198015,0.0735830437766879,0.077434757462612,0.04830370250747695
0.698131700797732,3.14159265358979,0.872664625997165,6.10865238198015,0.0632153436097837,0.06928755613923446,0.0420317285972414
0.698131700797732,3.14159265358979,0.890117918517108,6.10865238198015,0.05567428944668655,0.06278380970986905,0.03594165432596
0.698131700797732,3.14159265358979,0.907571211037051,6.10865238198015,0.0505558258240281,0.058079781556170954,0.0300489788176204
0.698131700797732,3.14159265358979,0.925024503556995,6.10865238198015,0.0465170048451215,0.05423375091753485,0.026070301393966003
0.698131700797732,3.14159265358979,0.942477796076938,6.10865238198015,0.0435423309561237,0.051405232992130345,0.0232516620946401
0.698131700797732,3.14159265358979,0.959931088596881,6.10865238198015,0.040768338641319346,0.049203816851268206,0.02178531884383675
0.698131700797732,3.14159265358979,0.977384381116825,6.10865238198015,0.0385721553996667,0.047928228499928546,0.02100834907056865
0.698131700797732,3.14159265358979,0.994837673636768,6.10865238198015,0.0372090334171087,0.04666164992299545,0.01979872163177155
0.698131700797732,3.14159265358979,1.01229096615671,6.10865238198015,0.03605282240687495,0.0460010342158446,0.01894083009444355
0.698131700797732,3.14159265358979,1.02974425867665,6.10865238198015,0.0347222016124209,0.04518609891852745,0.01776527961777205
0.698131700797732,3.14159265358979,1.0471975511966,6.10865238198015,0.03369753661161015,0.044408945067376304,0.017480633572658298
0.698131700797732,3.14159265358979,1.06465084371654,6.10865238198015,0.03261127957089775,0.0434800577826258,0.01676468068276555
0.698131700797732,3.14159265358979,1.08210413623648,6.10865238198015,0.03217955963595885,0.043120847854564,0.01688086377481775
0.698131700797732,3.14159265358979,1.09955742875643,6.10865238198015,0.0320701526163611,0.042734244095972304,0.01665204346560955
0.698131700797732,3.14159265358979,1.11701072127637,6.10865238198015,0.03193935657456755,0.042399188597847,0.0170848686128749
0.698131700797732,3.14159265358979,1.13446401379631,6.10865238198015,0.0313910769429782,0.04196720688158476,0.017514816337321798
0.698131700797732,3.14159265358979,1.15191730631626,6.10865238198015,0.03101635143718205,0.04132151439194125,0.017250041564687298
0.698131700797732,3.14159265358979,1.1693705988362,6.10865238198015,0.0304530982626479,0.04091320520510895,0.0165460293669707
0.698131700797732,3.14159265358979,1.18682389135614,6.10865238198015,0.02992923896270595,0.04037566665493135,0.016925319497753402
0.698131700797732,3.14159265358979,1.20427718387609,6.10865238198015,0.02959152425201855,0.0403598576904554,0.01707168631091335
0.698131700797732,3.14159265358979,1.22173047639603,6.10865238198015,0.02927682398249795,0.040098767574933955,0.0170852606089037
0.698131700797732,3.14159265358979,1.23918376891597,6.10865238198015,0.02920889850652815,0.0397424900099893,0.0171455563039693
0.698131700797732,3.14159265358979,1.25663706143592,6.10865238198015,0.029196297784214398,0.039374490249612495,0.01712959446282805
0.698131700797732,3.14159265358979,1.27409035395586,6.10865238198015,0.0290273282199194,0.0389637931591526,0.016988035162981148
0.698131700797732,3.14159265358979,1.2915436464758,6.10865238198015,0.028819731812716,0.038696694844603696,0.0170869638137863
0.698131700797732,3.14159265358979,1.30899693899575,6.10865238198015,0.02839940568845845,0.03804327976429185,0.016768010138493952
0.698131700797732,3.14159265358979,1.32645023151569,6.10865238198015,0.026851767035438,0.035737668418761304,0.01582367083025565
0.698131700797732,3.14159265358979,1.34390352403563,6.10865238198015,0.02504340490249635,0.03315105701929075,0.0147243219847457
0.698131700797732,3.14159265358979,1.36135681655558,6.10865238198015,0.02317914670366315,0.03053999577823435,0.013578007916280149
0.698131700797732,3.14159265358979,1.37881010907552,6.10865238198015,0.02126996204850165,0.0279127551975978,0.012396438961066649
0.698131700797732,3.14159265358979,1.39626340159546,6.10865238198015,0.0193351322973618,0.025284424083249102,0.01120023988332915
0.698131700797732,3.14159265358979,1.41371669411541,6.10865238198015,0.01724334509101485,0.022912383162971,0.010116682604956444
0.698131700797732,3.14159265358979,1.43116998663535,6.10865238198015,0.0153552642286978,0.0204130314716389,0.009042425396708045
0.698131700797732,3.14159265358979,1.44862327915529,6.10865238198015,0.01348749151711355,0.01783765447679865,0.00792130935528166
0.698131700797732,3.14159265358979,1.46607657167524,6.10865238198015,0.01158723498458135,0.015255529851314849,0.006778215226617045
0.698131700797732,3.14159265358979,1.48352986419518,6.10865238198015,0.00966390919520979,0.0126737740227432,0.00562319562216721
0.698131700797732,3.14159265358979,1.50098315671512,6.10865238198015,0.00772848225134827,0.0101007983575485,0.00446797089052103
0.698131700797732,3.14159265358979,1.51843644923507,6.10865238198015,0.00576054889869689,0.00762228174336573,0.003368146230611865
0.698131700797732,3.14159265358979,1.53588974175501,6.10865238198015,0.003838630944141455,0.00509924135318894,0.00225904315374576
0.698131700797732,3.14159265358979,1.55334303427495,6.10865238198015,0.0019240133090411352,0.002544605482618065,0.0011295711854313701
0.698131700797732,3.14159265358979,1.5707963267949,6.10865238198015,0.0012425532642988501,0.0016416489837021951,0.0007297989905690835
1.0471975511966,3.14159265358979,0.0,0.0,0.0243167775707065,0.03358481325960645,0.0142637665785295
1.0471975511966,3.14159265358979,0.0174532925199433,0.0,0.02438286599880855,0.03363293921279755,0.01411031855703305
1.0471975511966,3.14159265358979,0.0349065850398866,0.0,0.02433573142405265,0.0334949866010466,0.013813483252933901
1.0471975511966,3.14159265358979,0.0523598775598299,0.0,0.0243408027302564,0.0334194083150932,0.01380059647216605
1.0471975511966,3.14159265358979,0.0698131700797732,0.0,0.02420258126085335,0.0332481126723801,0.013908627691720899
1.0471975511966,3.14159265358979,0.0872664625997165,0.0,0.024190193721757,0.0330618973218037,0.01405178053499085
1.0471975511966,3.14159265358979,0.10471975511966,0.0,0.0243674990304015,0.033136499173761505,0.01407068331978195
1.0471975511966,3.14159265358979,0.122173047639603,0.0,0.0246549307941134,0.033331138347802255,0.014088660380783349
1.0471975511966,3.14159265358979,0.139626340159546,0.0,0.02509779917120245,0.03357384536727595,0.0142938527801857
1.0471975511966,3.14159265358979,0.15707963267949,0.0,0.02554724261262685,0.033942380797295196,0.0142360607021753
1.0471975511966,3.14159265358979,0.174532925199433,0.0,0.02596980540876625,0.03478852276272245,0.014299764449479
1.0471975511966,3.14159265358979,0.191986217719376,0.0,0.0263664247903488,0.035720089765681154,0.0144238512745961
1.0471975511966,3.14159265358979,0.20943951023932,0.0,0.026633692784333002,0.03619595344563255,0.01442934683033305
1.0471975511966,3.14159265358979,0.226892802759263,0.0,0.0266184262305649,0.03619738404656045,0.014437105604468651
1.0471975511966,3.14159265358979,0.244346095279206,0.0,0.026568491879319048,0.036299199191474396,0.014655809991887151
1.0471975511966,3.14159265358979,0.261799387799149,0.0,0.026466314055344102,0.03623105102794825,0.01451909961879335
1.0471975511966,3.14159265358979,0.279252680319093,0.0,0.026402657018090997,0.0358998080414668,0.0144094081068606
1.0471975511966,3.14159265358979,0.296705972839036,0.0,0.02617876375373515,0.035555817362497646,0.01445986134577585
1.0471975511966,3.14159265358979,0.314159265358979,0.0,0.0259663751753631,0.034929688254433,0.01440974866255375
1.0471975511966,3.14159265358979,0.331612557878923,0.0,0.0259646243039281,0.034511090738241795,0.0142952856694047
1.0471975511966,3.14159265358979,0.349065850398866,0.0,0.02607391714446575,0.0341555474789884,0.01412776503979405
1.0471975511966,3.14159265358979,0.366519142918809,0.0,0.026138828609535952,0.0339668841767619,0.013903285691541
1.0471975511966,3.14159265358979,0.383972435438752,0.0,0.0264393797567209,0.03403694854157295,0.01410325008856555
1.0471975511966,3.14159265358979,0.401425727958696,0.0,0.02693984796550365,0.03440940907204505,0.014028503188422699
1.0471975511966,3.14159265358979,0.418879020478639,0.0,0.027416446000616802,0.03467395059553795,0.0141450343646528
1.0471975511966,3.14159265358979,0.436332312998582,0.0,0.027720409062210953,0.035091297828952345,0.0140759547713442
1.0471975511966,3.14159265358979,0.453785605518526,0.0,0.02798425804638675,0.0355265591947117,0.0143917851467009
1.0471975511966,3.14159265358979,0.471238898038469,0.0,0.028300167758908652,0.0357929269843184,0.014492232806905451
1.0471975511966,3.14159265358979,0.488692190558412,0.0,0.0289458936056029,0.036221078573842755,0.01462491214626285
1.0471975511966,3.14159265358979,0.506145483078356,0.0,0.029354258215799303,0.036536262206429596,0.0145027570680482
1.0471975511966,3.14159265358979,0.523598775598299,0.0,0.0299214694359663,0.036833473772087996,0.014409715179815749
1.0471975511966,3.14159265358979,0.541052068118242,0.0,0.0304749544822876,0.03756212023871855,0.01499935009988435
1.0471975511966,3.14159265358979,0.558505360638185,0.0,0.031217185187659903,0.038399318645299205,0.01540082093183905
1.0471975511966,3.14159265358979,0.575958653158129,0.0,0.032305991551549645,0.03900327315207955,0.0154136570041952
1.0471975511966,3.14159265358979,0.593411945678072,0.0,0.033502995820228504,0.0399933784190112,0.0158740653125262
1.0471975511966,3.14159265358979,0.610865238198015,0.0,0.03515784042812585,0.04115876060346065,0.01660483943321735
1.0471975511966,3.14159265358979,0.628318530717959,0.0,0.03718310991759585,0.04218030016955075,0.01704376627408135
1.0471975511966,3.14159265358979,0.645771823237902,0.0,0.039274784873623306,0.043653769730725045,0.0179636326053783
1.0471975511966,3.14159265358979,0.663225115757845,0.0,0.04111952416605005,0.04545498064802825,0.01867481485580845
1.0471975511966,3.14159265358979,0.680678408277788,0.0,0.04312391192874935,0.04733225460034665,0.019539885030274998
1.0471975511966,3.14159265358979,0.698131700797732,0.0,0.04527051518287295,0.048878730986399554,0.02063761695302465
1.0471975511966,3.14159265358979,0.715584993317675,0.0,0.04845494021157335,0.0511261692998813,0.0214739667018631
1.0471975511966,3.14159265358979,0.733038285837618,0.0,0.05245778959379485,0.05382300820847,0.022722990290869
1.0471975511966,3.14159265358979,0.750491578357562,0.0,0.05807756404375965,0.05808164986926645,0.0255738646736995
1.0471975511966,3.14159265358979,0.767944870877505,0.0,0.06563076708712536,0.0641062820409249,0.0293549599183921
1.0471975511966,3.14159265358979,0.785398163397448,0.0,0.07644972531400321,0.0729325399807606,0.03445474176610745
1.0471975511966,3.14159265358979,0.802851455917391,0.0,0.0926557527407254,0.08626878174857194,0.04307525457277794
1.0471975511966,3.14159265358979,0.820304748437335,0.0,0.117020338670873,0.1067020126330795,0.056369058171150746
1.0471975511966,3.14159265358979,0.837758040957278,0.0,0.15553646091954898,0.139107542442797,0.08000687664838971
1.0471975511966,3.14159265358979,0.855211333477221,0.0,0.216940816891646,0.190804042794971,0.11770508849384115
1.0471975511966,3.14159265358979,0.872664625997165,0.0,0.3229266519307345,0.2798518251652415,0.1775167362042005
1.0471975511966,3.14159265358979,0.890117918517108,0.0,0.4998253333747365,0.42132343429617947,0.26541874613017447
1.0471975511966,3.14159265358979,0.907571211037051,0.0,0.8121951365234215,0.673130792803064,0.417573606776367
1.0471975511966,3.14159265358979,0.925024503556995,0.0,1.3257614037867849,1.098057697772155,0.694236794427055
1.0471975511966,3.14159265358979,0.942477796076938,0.0,2.046177123515775,1.6915647422662201,1.105409739293295
1.0471975511966,3.14159265358979,0.959931088596881,0.0,2.956062122560225,2.393834239461235,1.59908692248983
1.0471975511966,3.14159265358979,0.977384381116825,0.0,4.004759839965815,3.2106248928122954,2.14228654242617
1.0471975511966,3.14159265358979,0.994837673636768,0.0,5.2070943418521045,4.13755144815438,2.741807341255985
1.0471975511966,3.14159265358979,1.01229096615671,0.0,6.48997753282148,4.974180682230165,3.23106571454049
1.0471975511966,3.14159265358979,1.02974425867665,0.0,7.62932710041779,5.579381442232985,3.5690156044708
1.0471975511966,3.14159265358979,1.0471975511966,0.0,8.520580781655465,5.821658726140245,3.72755155686899
1.0471975511966,3.14159265358979,1.06465084371654,0.0,9.14832373036772,5.6718062312046555,3.69195307422022
1.0471975511966,3.14159265358979,1.08210413623648,0.0,9.596976832083165,5.250857071113845,3.3498805176049853
1.0471975511966,3.14159265358979,1.09955742875643,0.0,9.804259413343246,4.662604791029445,2.882204013300245
1.0471975511966,3.14159265358979,1.11701072127637,0.0,9.91107542796477,4.105613764316075,2.376449981753845
1.0471975511966,3.14159265358979,1.13446401379631,0.0,9.921618292241915,3.57158941808354,1.9476614475574552
1.0471975511966,3.14159265358979,1.15191730631626,0.0,9.924795240804276,3.11198159124149,1.591020628538975
1.0471975511966,3.14159265358979,1.1693705988362,0.0,9.895844266647094,2.76522574619302,1.317495299743884
1.0471975511966,3.14159265358979,1.18682389135614,0.0,9.894192926257345,2.5340125546964947,1.0959728079411974
1.0471975511966,3.14159265358979,1.20427718387609,0.0,9.918818199355975,2.397444023772035,0.9309701338720735
1.0471975511966,3.14159265358979,1.22173047639603,0.0,10.057324555954704,2.3386467282495254,0.8135016772562891
1.0471975511966,3.14159265358979,1.23918376891597,0.0,10.20851460510718,2.31388615388865,0.7248293564811674
1.0471975511966,3.14159265358979,1.25663706143592,0.0,10.40490774116383,2.347926697206295,0.6777286030786436
1.0471975511966,3.14159265358979,1.27409035395586,0.0,10.58494481960248,2.392551929294055,0.6499118586188051
1.0471975511966,3.14159265358979,1.2915436464758,0.0,10.80561600573088,2.4452325726179103,0.6348928598649675
1.0471975511966,3.14159265358979,1.30899693899575,0.0,11.057275243314635,2.5040413332096003,0.6295862331168489
1.0471975511966,3.14159265358979,1.32645023151569,0.0,10.320123560427005,2.3371052443289653,0.5876138175757255
1.0471975511966,3.14159265358979,1.34390352403563,0.0,9.58297187753937,2.17016915544832,0.5456414020346025
1.0471975511966,3.14159265358979,1.36135681655558,0.0,8.84582019465169,2.00323306656768,0.5036689864934796
1.0471975511966,3.14159265358979,1.37881010907552,0.0,8.108668511764055,1.8362969776870401,0.46169657095235606
1.0471975511966,3.14159265358979,1.39626340159546,0.0,7.371516828876425,1.6693608888064049,0.419724155411233
1.0471975511966,3.14159265358979,1.41371669411541,0.0,6.634365145988779,1.5024247999257596,0.37775173987010946
1.0471975511966,3.14159265358979,1.43116998663535,0.0,5.89721346310114,1.3354887110451203,0.33577932432898605
1.0471975511966,3.14159265358979,1.44862327915529,0.0,5.1600617802135,1.168552622164482,0.293806908787863
1.0471975511966,3.14159265358979,1.46607657167524,0.0,4.422910097325855,1.0016165332838425,0.25183449324673945
1.0471975511966,3.14159265358979,1.48352986419518,0.0,3.68575841443821,0.8346804444031994,0.2098620777056165
1.0471975511966,3.14159265358979,1.50098315671512,0.0,2.94860673155057,0.6677443555225611,0.1678896621644928
1.0471975511966,3.14159265358979,1.51843644923507,0.0,2.21145504866293,0.500808266641921,0.12591724662337017
1.0471975511966,3.14159265358979,1.53588974175501,0.0,1.47430336577529,0.33387217776127953,0.0839448310822464
1.0471975511966,3.14159265358979,1.55334303427495,0.0,0.7371516828876354,0.16693608888064299,0.04197241554112205
1.0471975511966,3.14159265358979,1.5707963267949,0.0,0.0,0.0,0.0
1.0471975511966,3.14159265358979,0.0174532925199433,0.174532925199433,0.024334406468239,0.03358461652012685,0.014100411791412751
1.0471975511966,3.14159265358979,0.0349065850398866,0.174532925199433,0.0242870664092861,0.03342111146446975,0.01383836886474105
1.0471975511966,3.14159265358979,0.0523598775598299,0.174532925199433,0.02431255068115035,0.03326729073458015,0.01386300926946245
1.0471975511966,3.14159265358979,0.0698131700797732,0.174532925199433,0.02423271733680575,0.0330493619622673,0.0139569023442261
1.0471975511966,3.14159265358979,0.0872664625997165,0.174532925199433,0.024141605813641998,0.03295946333300735,0.0139519111993735
1.0471975511966,3.14159265358979,0.10471975511966,0.174532925199433,0.02421358283005055,0.03298634404158625,0.0138969826229163
1.0471975511966,3.14159265358979,0.122173047639603,0.174532925199433,0.024404324078272352,0.03315076252212105,0.0140395512333673
1.0471975511966,3.14159265358979,0.139626340159546,0.174532925199433,0.0247808020100868,0.0332934349911963,0.0141869255938815
1.0471975511966,3.14159265358979,0.15707963267949,0.174532925199433,0.02524019897176935,0.03375118986817205,0.014072615345189651
1.0471975511966,3.14159265358979,0.174532925199433,0.174532925199433,0.025668336643443097,0.0344853236853419,0.014048476096194
1.0471975511966,3.14159265358979,0.191986217719376,0.174532925199433,0.025851223333094503,0.035041210959566846,0.01413433946248485
1.0471975511966,3.14159265358979,0.20943951023932,0.174532925199433,0.0259102920815118,0.03545176308642145,0.014273795943846649
1.0471975511966,3.14159265358979,0.226892802759263,0.174532925199433,0.02609551965021395,0.03578287807516135,0.014398198190604
1.0471975511966,3.14159265358979,0.244346095279206,0.174532925199433,0.026081865611412902,0.035784329731732,0.01437404875663005
1.0471975511966,3.14159265358979,0.261799387799149,0.174532925199433,0.025985853053693997,0.03546933257624415,0.0142625682342861
1.0471975511966,3.14159265358979,0.279252680319093,0.174532925199433,0.025907799288702398,0.0350454372000268,0.01432119707643815
1.0471975511966,3.14159265358979,0.296705972839036,0.174532925199433,0.0257018778028848,0.03455586267396275,0.014349542253789451
1.0471975511966,3.14159265358979,0.314159265358979,0.174532925199433,0.025451235331154648,0.03403755175810155,0.01431601180311715
1.0471975511966,3.14159265358979,0.331612557878923,0.174532925199433,0.02526386179617835,0.03355030023745175,0.0141344656579928
1.0471975511966,3.14159265358979,0.349065850398866,0.174532925199433,0.02531855916612755,0.0332094863574981,0.013895293016971101
1.0471975511966,3.14159265358979,0.366519142918809,0.174532925199433,0.025480951730238552,0.0331145107496146,0.0137842665855962
1.0471975511966,3.14159265358979,0.383972435438752,0.174532925199433,0.0256936574138277,0.03325253716979985,0.01382453197446945
1.0471975511966,3.14159265358979,0.401425727958696,0.174532925199433,0.0260889189175841,0.033511232179726,0.0138864499373478
1.0471975511966,3.14159265358979,0.418879020478639,0.174532925199433,0.026590554917763902,0.0340341254203591,0.01386860534377845
1.0471975511966,3.14159265358979,0.436332312998582,0.174532925199433,0.02712461852992705,0.0345549865696157,0.013984021607979149
1.0471975511966,3.14159265358979,0.453785605518526,0.174532925199433,0.0275528401338976,0.034964350829528,0.014208281769662549
1.0471975511966,3.14159265358979,0.471238898038469,0.174532925199433,0.027870670480530102,0.0351911046895066,0.014366789596883499
1.0471975511966,3.14159265358979,0.488692190558412,0.174532925199433,0.028242268741355353,0.0354102255283601,0.01443114509281345
1.0471975511966,3.14159265358979,0.506145483078356,0.174532925199433,0.028563989701462053,0.03568504539348025,0.014321818088665401
1.0471975511966,3.14159265358979,0.523598775598299,0.174532925199433,0.028779629586540748,0.0359906581856912,0.01418214299911095
1.0471975511966,3.14159265358979,0.541052068118242,0.174532925199433,0.029161315271878603,0.0362220638613305,0.014171889679412901
1.0471975511966,3.14159265358979,0.558505360638185,0.174532925199433,0.029862460024754248,0.0364879761778376,0.0143872849571165
1.0471975511966,3.14159265358979,0.575958653158129,0.174532925199433,0.0307657649237112,0.0370764753719292,0.01482202398654985
1.0471975511966,3.14159265358979,0.593411945678072,0.174532925199433,0.0318878250482106,0.037945034590138205,0.01518920385346145
1.0471975511966,3.14159265358979,0.610865238198015,0.174532925199433,0.033176454119230106,0.038819426806125296,0.01536450784607165
1.0471975511966,3.14159265358979,0.628318530717959,0.174532925199433,0.0342840239701527,0.039731979268639,0.0156555327390841
1.0471975511966,3.14159265358979,0.645771823237902,0.174532925199433,0.0352399679285679,0.040658668884162905,0.016055842133141398
1.0471975511966,3.14159265358979,0.663225115757845,0.174532925199433,0.03601393674185205,0.0412895268187055,0.0163241550734247
1.0471975511966,3.14159265358979,0.680678408277788,0.174532925199433,0.03671000039412945,0.0418388460319937,0.01651942134915545
1.0471975511966,3.14159265358979,0.698131700797732,0.174532925199433,0.03769346076184845,0.0426583616271151,0.0167303493093394
1.0471975511966,3.14159265358979,0.715584993317675,0.174532925199433,0.038860933776227846,0.04342907122925745,0.0169898567816106
1.0471975511966,3.14159265358979,0.733038285837618,0.174532925199433,0.040340673878514546,0.04422610055166225,0.0172963198626643
1.0471975511966,3.14159265358979,0.750491578357562,0.174532925199433,0.042264594180848,0.0452354044863227,0.01769576773980695
1.0471975511966,3.14159265358979,0.767944870877505,0.174532925199433,0.04452949057372715,0.046377929359348743,0.0184726150244372
1.0471975511966,3.14159265358979,0.785398163397448,0.174532925199433,0.047169140919988195,0.0479568037841482,0.01956912440616335
1.0471975511966,3.14159265358979,0.802851455917391,0.174532925199433,0.050356233758322294,0.04983816675194265,0.0206527480990806
1.0471975511966,3.14159265358979,0.820304748437335,0.174532925199433,0.0543639981353881,0.0519986450152239,0.021379756881554052
1.0471975511966,3.14159265358979,0.837758040957278,0.174532925199433,0.059095429168173,0.054509793319796704,0.0224249184651058
1.0471975511966,3.14159265358979,0.855211333477221,0.174532925199433,0.0635220232073702,0.0575100840133675,0.02414268181344435
1.0471975511966,3.14159265358979,0.872664625997165,0.174532925199433,0.0667271238575943,0.06069226775122005,0.026112781845599
1.0471975511966,3.14159265358979,0.890117918517108,0.174532925199433,0.06949496391034365,0.063575128070507,0.028063629289214
1.0471975511966,3.14159265358979,0.907571211037051,0.174532925199433,0.07380018462809004,0.06630481605241806,0.029330594075453603
1.0471975511966,3.14159265358979,0.925024503556995,0.174532925199433,0.07868874347558091,0.0689311614684758,0.02975056685150465
1.0471975511966,3.14159265358979,0.942477796076938,0.174532925199433,0.08308490446668085,0.0719313307747903,0.02955691754778015
1.0471975511966,3.14159265358979,0.959931088596881,0.174532925199433,0.08691306304312141,0.0746305096289423,0.02976543783307755
1.0471975511966,3.14159265358979,0.977384381116825,0.174532925199433,0.09084710795642889,0.0769574059325402,0.02946787064247635
1.0471975511966,3.14159265358979,0.994837673636768,0.174532925199433,0.09489332964405525,0.07905978885008225,0.029243543168660104
1.0471975511966,3.14159265358979,1.01229096615671,0.174532925199433,0.0984497776338481,0.0799421536105704,0.029011777146110702
1.0471975511966,3.14159265358979,1.02974425867665,0.174532925199433,0.1014119213854348,0.08027544848382145,0.03089787437340975
1.0471975511966,3.14159265358979,1.0471975511966,0.174532925199433,0.10176842223298316,0.07980528606530016,0.03214262117012605
1.0471975511966,3.14159265358979,1.06465084371654,0.174532925199433,0.1008700303346036,0.07877523212635475,0.03259107919399045
1.0471975511966,3.14159265358979,1.08210413623648,0.174532925199433,0.09879893985268805,0.0754811840670924,0.03234707853821015
1.0471975511966,3.14159265358979,1.09955742875643,0.174532925199433,0.09522047939451825,0.0707523637334548,0.0317752686952744
1.0471975511966,3.14159265358979,1.11701072127637,0.174532925199433,0.09239561803407326,0.0673797321387534,0.032632239348647396
1.0471975511966,3.14159265358979,1.13446401379631,0.174532925199433,0.0901239630078707,0.06514161483839284,0.03260169348617265
1.0471975511966,3.14159265358979,1.15191730631626,0.174532925199433,0.08830845500805146,0.0639242609043508,0.032449096695211954
1.0471975511966,3.14159265358979,1.1693705988362,0.174532925199433,0.08768253114710466,0.06312822194991205,0.032639228104701504
1.0471975511966,3.14159265358979,1.18682389135614,0.174532925199433,0.08702677369955189,0.062626120364475,0.031145872260172652
1.0471975511966,3.14159265358979,1.20427718387609,0.174532925199433,0.0872475337921716,0.06287282312652095,0.02986974538126475
1.0471975511966,3.14159265358979,1.22173047639603,0.174532925199433,0.08878916407827755,0.06352526944244785,0.02913856534250845
1.0471975511966,3.14159265358979,1.23918376891597,0.174532925199433,0.0902386513278435,0.06405927056597846,0.02911151890522555
1.0471975511966,3.14159265358979,1.25663706143592,0.174532925199433,0.0905486044592605,0.0650983918586739,0.028864667445695748
1.0471975511966,3.14159265358979,1.27409035395586,0.174532925199433,0.09034730380921166,0.06588291997853521,0.02799293189044015
1.0471975511966,3.14159265358979,1.2915436464758,0.174532925199433,0.08759784644981344,0.06556122519742436,0.02577692727627845
1.0471975511966,3.14159265358979,1.30899693899575,0.174532925199433,0.08945106808977446,0.06702041907832285,0.0268562309516319
1.0471975511966,3.14159265358979,1.32645023151569,0.174532925199433,0.08585824118773061,0.06354712374321984,0.025446991771986803
1.0471975511966,3.14159265358979,1.34390352403563,0.174532925199433,0.07992553262017435,0.058865416533188705,0.0233932206561922
1.0471975511966,3.14159265358979,1.36135681655558,0.174532925199433,0.07311882279151645,0.05393743369574165,0.021259907568637153
1.0471975511966,3.14159265358979,1.37881010907552,0.174532925199433,0.06567139982924841,0.04883751026317395,0.0190788838937391
1.0471975511966,3.14159265358979,1.39626340159546,0.174532925199433,0.0579795957991308,0.043689683568593096,0.0169049336648233
1.0471975511966,3.14159265358979,1.41371669411541,0.174532925199433,0.05391346380391905,0.04036040942362585,0.0160753881868504
1.0471975511966,3.14159265358979,1.43116998663535,0.174532925199433,0.04901693126606675,0.036267888198778,0.0144970889948897
1.0471975511966,3.14159265358979,1.44862327915529,0.174532925199433,0.042854073291585804,0.0316120684220669,0.012538766747346851
1.0471975511966,3.14159265358979,1.46607657167524,0.174532925199433,0.0363130951682235,0.02686765376285635,0.010568611872522435
1.0471975511966,3.14159265358979,1.48352986419518,0.174532925199433,0.02959379965295055,0.0220982375037468,0.008613911303437565
1.0471975511966,3.14159265358979,1.50098315671512,0.174532925199433,0.022925952197017402,0.017376455590726703,0.00670619847828426
1.0471975511966,3.14159265358979,1.51843644923507,0.174532925199433,0.017809462428329752,0.01335806543589525,0.005280899766752905
1.0471975511966,3.14159265358979,1.53588974175501,0.174532925199433,0.012226936473153066,0.009050901612839213,0.00361310153262421
1.0471975511966,3.14159265358979,1.55334303427495,0.174532925199433,0.00609990745103355,0.004505515655217965,0.0017865526160637702
1.0471975511966,3.14159265358979,1.5707963267949,0.174532925199433,0.003957616218933535,0.00291194185213804,0.001153805088312536
1.0471975511966,3.14159265358979,0.0174532925199433,0.349065850398866,0.0242829435197415,0.033534714023030904,0.014093904951259
1.0471975511966,3.14159265358979,0.0349065850398866,0.349065850398866,0.024234685202358747,0.033354826391816444,0.01387324043397815
1.0471975511966,3.14159265358979,0.0523598775598299,0.349065850398866,0.02426925953919265,0.033138345895361396,0.01391844607093675
1.0471975511966,3.14159265358979,0.0698131700797732,0.349065850398866,0.0242008105615467,0.03285761755638415,0.014043522193893501
1.0471975511966,3.14159265358979,0.0872664625997165,0.349065850398866,0.02409688227612115,0.03277993323906345,0.0141051973090453
1.0471975511966,3.14159265358979,0.10471975511966,0.349065850398866,0.0241160873725399,0.03291758281074165,0.0141128667821795
1.0471975511966,3.14159265358979,0.122173047639603,0.349065850398866,0.02430229511768495,0.0329928721931847,0.0140497990440687
1.0471975511966,3.14159265358979,0.139626340159546,0.349065850398866,0.0246220137878509,0.03304853759132645,0.0141396600407209
1.0471975511966,3.14159265358979,0.15707963267949,0.349065850398866,0.0250273375407705,0.033446216097338596,0.0141453730231675
1.0471975511966,3.14159265358979,0.174532925199433,0.349065850398866,0.0254608588828779,0.034196655190160755,0.01405262357781265
1.0471975511966,3.14159265358979,0.191986217719376,0.349065850398866,0.02569916966360275,0.0348041819266197,0.014136903139543501
1.0471975511966,3.14159265358979,0.20943951023932,0.349065850398866,0.0257326192360766,0.0352083045548875,0.0143049647364078
1.0471975511966,3.14159265358979,0.226892802759263,0.349065850398866,0.025887097374621,0.03546675394416205,0.014449065965484599
1.0471975511966,3.14159265358979,0.244346095279206,0.349065850398866,0.02581878893241685,0.0352223785843537,0.014468354649899
1.0471975511966,3.14159265358979,0.261799387799149,0.349065850398866,0.0257270243423337,0.0348138743936321,0.014386665131067799
1.0471975511966,3.14159265358979,0.279252680319093,0.349065850398866,0.02582626880611645,0.0342932281681111,0.01434694504771995
1.0471975511966,3.14159265358979,0.296705972839036,0.349065850398866,0.02571002569813605,0.03389356732187945,0.0142284695413309
1.0471975511966,3.14159265358979,0.314159265358979,0.349065850398866,0.025258338122091002,0.033473117321755,0.0142744517861128
1.0471975511966,3.14159265358979,0.331612557878923,0.349065850398866,0.02491151727397915,0.03310529407952805,0.01430308869456065
1.0471975511966,3.14159265358979,0.349065850398866,0.349065850398866,0.0248533722225296,0.0327913924866312,0.014333891391450249
1.0471975511966,3.14159265358979,0.366519142918809,0.349065850398866,0.0250128605006338,0.0327696560323957,0.0141407565293978
1.0471975511966,3.14159265358979,0.383972435438752,0.349065850398866,0.025450454701234353,0.033000049158287956,0.0140484986045003
1.0471975511966,3.14159265358979,0.401425727958696,0.349065850398866,0.02587662848701525,0.033296539583238305,0.01419070924253715
1.0471975511966,3.14159265358979,0.418879020478639,0.349065850398866,0.02620569375219975,0.0335670540679629,0.01423083210109685
1.0471975511966,3.14159265358979,0.436332312998582,0.349065850398866,0.0265902691183112,0.03377502684647745,0.0140396128157823
1.0471975511966,3.14159265358979,0.453785605518526,0.349065850398866,0.02707249885664565,0.03395101251129525,0.01405541339860645
1.0471975511966,3.14159265358979,0.471238898038469,0.349065850398866,0.027432869012793452,0.03418148109889075,0.0143139177291952
1.0471975511966,3.14159265358979,0.488692190558412,0.349065850398866,0.027560529836575552,0.034435156476216144,0.0143770563581193
1.0471975511966,3.14159265358979,0.506145483078356,0.349065850398866,0.02768913771207585,0.03471132400287145,0.0142069053517892
1.0471975511966,3.14159265358979,0.523598775598299,0.349065850398866,0.0277882710315203,0.0348836318103816,0.01421826851948545
1.0471975511966,3.14159265358979,0.541052068118242,0.349065850398866,0.028099048145410352,0.034948143704737,0.0142357749753628
1.0471975511966,3.14159265358979,0.558505360638185,0.349065850398866,0.028531069756785647,0.0350125634969142,0.01409380206404395
1.0471975511966,3.14159265358979,0.575958653158129,0.349065850398866,0.0291768185850565,0.0354640082217317,0.01393615398912415
1.0471975511966,3.14159265358979,0.593411945678072,0.349065850398866,0.02986735103134185,0.03589674258585295,0.01405981821523515
1.0471975511966,3.14159265358979,0.610865238198015,0.349065850398866,0.03064159116963935,0.0363468702949,0.01420663819478055
1.0471975511966,3.14159265358979,0.628318530717959,0.349065850398866,0.0312310740290528,0.036807296506613754,0.014426012504092
1.0471975511966,3.14159265358979,0.645771823237902,0.349065850398866,0.03146012925738215,0.037373675563112455,0.0146424344096643
1.0471975511966,3.14159265358979,0.663225115757845,0.349065850398866,0.03147250918090695,0.037703348740450754,0.01466429621665
1.0471975511966,3.14159265358979,0.680678408277788,0.349065850398866,0.0312779247528844,0.03754893282370805,0.01455429175785945
1.0471975511966,3.14159265358979,0.698131700797732,0.349065850398866,0.0310153875677862,0.0373563330395021,0.014570590407680151
1.0471975511966,3.14159265358979,0.715584993317675,0.349065850398866,0.0308151113725837,0.03704956548119715,0.0144962170861276
1.0471975511966,3.14159265358979,0.733038285837618,0.349065850398866,0.0309638436879329,0.03684803750297255,0.014584703935936
1.0471975511966,3.14159265358979,0.750491578357562,0.349065850398866,0.031229302057123,0.03701505947357115,0.014716936199091299
1.0471975511966,3.14159265358979,0.767944870877505,0.349065850398866,0.0314541479129778,0.0370665288354774,0.01488912602715685
1.0471975511966,3.14159265358979,0.785398163397448,0.349065850398866,0.03206796505292035,0.0369678424180163,0.01498545441686245
1.0471975511966,3.14159265358979,0.802851455917391,0.349065850398866,0.0328946471890932,0.0369000145087684,0.01470822311502455
1.0471975511966,3.14159265358979,0.820304748437335,0.349065850398866,0.0336131418457766,0.036794935274265,0.014741579372931999
1.0471975511966,3.14159265358979,0.837758040957278,0.349065850398866,0.03402048272192655,0.037009611429136946,0.014902231007879699
1.0471975511966,3.14159265358979,0.855211333477221,0.349065850398866,0.0340855705183429,0.037228159717677345,0.01473112614355585
1.0471975511966,3.14159265358979,0.872664625997165,0.349065850398866,0.033981828247145546,0.0373518051139237,0.0147374526734802
1.0471975511966,3.14159265358979,0.890117918517108,0.349065850398866,0.03397227958303535,0.03715313074973145,0.0146364006327187
1.0471975511966,3.14159265358979,0.907571211037051,0.349065850398866,0.03388054623144755,0.03722651967508165,0.014115070050246249
1.0471975511966,3.14159265358979,0.925024503556995,0.349065850398866,0.0336077071519056,0.03715075787428265,0.01412818179041815
1.0471975511966,3.14159265358979,0.942477796076938,0.349065850398866,0.03368805589520185,0.03720347636683475,0.014726979163495899
1.0471975511966,3.14159265358979,0.959931088596881,0.349065850398866,0.0339155184953414,0.037385859461214255,0.0150097100954686
1.0471975511966,3.14159265358979,0.977384381116825,0.349065850398866,0.034474616492111254,0.03752605589903095,0.01445628399084665
1.0471975511966,3.14159265358979,0.994837673636768,0.349065850398866,0.03522604764222535,0.0373686518686102,0.0136762114720981
1.0471975511966,3.14159265358979,1.01229096615671,0.349065850398866,0.0356956468128255,0.03695576807126655,0.012649452298450999
1.0471975511966,3.14159265358979,1.02974425867665,0.349065850398866,0.036059080753640047,0.03652589434935545,0.01259351882879385
1.0471975511966,3.14159265358979,1.0471975511966,0.349065850398866,0.03627785335196175,0.03602661206299365,0.012738275764540799
1.0471975511966,3.14159265358979,1.06465084371654,0.349065850398866,0.036568275222651644,0.0353784586102958,0.0128012369653776
1.0471975511966,3.14159265358979,1.08210413623648,0.349065850398866,0.037097308608794205,0.0351485950477751,0.012895276830960301
1.0471975511966,3.14159265358979,1.09955742875643,0.349065850398866,0.0374125496045906,0.03518843003648305,0.012679186822449801
1.0471975511966,3.14159265358979,1.11701072127637,0.349065850398866,0.0374546297770937,0.03514656418354625,0.013151595735156549
1.0471975511966,3.14159265358979,1.13446401379631,0.349065850398866,0.03732453717859935,0.0357404426761357,0.01414205136440885
1.0471975511966,3.14159265358979,1.15191730631626,0.349065850398866,0.0369347392642347,0.036928748599329056,0.01461264941246955
1.0471975511966,3.14159265358979,1.1693705988362,0.349065850398866,0.0361213505409136,0.0379384174031001,0.01404920527016795
1.0471975511966,3.14159265358979,1.18682389135614,0.349065850398866,0.0359864779246612,0.03912682197208965,0.0136609943462341
1.0471975511966,3.14159265358979,1.20427718387609,0.349065850398866,0.035607740532138096,0.04033379873099145,0.013573248154346601
1.0471975511966,3.14159265358979,1.22173047639603,0.349065850398866,0.0349033173059816,0.04126415850693105,0.013810583857718349
1.0471975511966,3.14159265358979,1.23918376891597,0.349065850398866,0.03495979634209895,0.041808685510667,0.0134016442090709
1.0471975511966,3.14159265358979,1.25663706143592,0.349065850398866,0.0348174383937071,0.042409703403980745,0.012960388929592049
1.0471975511966,3.14159265358979,1.27409035395586,0.349065850398866,0.0343403091754702,0.04301409058146585,0.013374795301256251
1.0471975511966,3.14159265358979,1.2915436464758,0.349065850398866,0.03343442985900715,0.04322980968046065,0.0131284136034149
1.0471975511966,3.14159265358979,1.30899693899575,0.349065850398866,0.033376237057381554,0.04267161095422965,0.01276984970503195
1.0471975511966,3.14159265358979,1.32645023151569,0.349065850398866,0.0318879727744202,0.040344972505381646,0.01214104101153445
1.0471975511966,3.14159265358979,1.34390352403563,0.349065850398866,0.0288507766762124,0.03751226772816435,0.011138183497597699
1.0471975511966,3.14159265358979,1.36135681655558,0.349065850398866,0.02662960584789245,0.034680633455226,0.0102789705323018
1.0471975511966,3.14159265358979,1.37881010907552,0.349065850398866,0.02499626305562775,0.03169977454098135,0.00952968159114578
1.0471975511966,3.14159265358979,1.39626340159546,0.349065850398866,0.02224868837074655,0.028850550605558453,0.00857770435382106
1.0471975511966,3.14159265358979,1.41371669411541,0.349065850398866,0.020564635753722,0.025939741158506252,0.00781472113132248
1.0471975511966,3.14159265358979,1.43116998663535,0.349065850398866,0.0181451308495705,0.023056669740128752,0.0069245491534423755
1.0471975511966,3.14159265358979,1.44862327915529,0.349065850398866,0.01547868793066105,0.020201715651923052,0.00598716886315801
1.0471975511966,3.14159265358979,1.46607657167524,0.349065850398866,0.013596081031108764,0.01729078710048715,0.005190721324043185
1.0471975511966,3.14159265358979,1.48352986419518,0.349065850398866,0.011320268335216795,0.014411201798124,0.004324066709973175
1.0471975511966,3.14159265358979,1.50098315671512,0.349065850398866,0.00883207473710327,0.011542907636651601,0.0034186435285272
1.0471975511966,3.14159265358979,1.51843644923507,0.349065850398866,0.0067095513309678705,0.008650520526138515,0.00257927114668385
1.0471975511966,3.14159265358979,1.53588974175501,0.349065850398866,0.00452192319271829,0.005763683775493194,0.00172832853058407
1.0471975511966,3.14159265358979,1.55334303427495,0.349065850398866,0.00223403352497266,0.0028805797640854202,0.000858843663949417
1.0471975511966,3.14159265358979,1.5707963267949,0.349065850398866,0.00144036912648429,0.001823897809741615,0.000548718864213982
1.0471975511966,3.14159265358979,0.0174532925199433,0.523598775598299,0.02422787070598715,0.0334833534701207,0.01408962080097955
1.0471975511966,3.14159265358979,0.0349065850398866,0.523598775598299,0.02417309226069775,0.03329547399393045,0.0139106221586712
1.0471975511966,3.14159265358979,0.0523598775598299,0.523598775598299,0.0241830410279127,0.0330593568352861,0.014021244197407249
1.0471975511966,3.14159265358979,0.0698131700797732,0.523598775598299,0.0241028769562209,0.03271331202231435,0.014177011634531899
1.0471975511966,3.14159265358979,0.0872664625997165,0.523598775598299,0.0240950556609515,0.03258658802559235,0.01416861153725475
1.0471975511966,3.14159265358979,0.10471975511966,0.523598775598299,0.024132406083390102,0.0327276430526132,0.0140899696441295
1.0471975511966,3.14159265358979,0.122173047639603,0.523598775598299,0.02429478029251015,0.03283030200940755,0.014008905521168
1.0471975511966,3.14159265358979,0.139626340159546,0.523598775598299,0.02470404999457035,0.03299954098358495,0.014034809179044101
1.0471975511966,3.14159265358979,0.15707963267949,0.523598775598299,0.025144479901800548,0.0334414601809589,0.0140900153595412
1.0471975511966,3.14159265358979,0.174532925199433,0.523598775598299,0.0254965704694162,0.034096895647466,0.0141232054674997
1.0471975511966,3.14159265358979,0.191986217719376,0.523598775598299,0.02570332814180095,0.03454644504959445,0.01421351006561565
1.0471975511966,3.14159265358979,0.20943951023932,0.523598775598299,0.025882349475826252,0.034734534849561946,0.0143131792877903
1.0471975511966,3.14159265358979,0.226892802759263,0.523598775598299,0.025921375730746397,0.0347548020706931,0.0143478960399824
1.0471975511966,3.14159265358979,0.244346095279206,0.523598775598299,0.02578859020561265,0.034737043289147854,0.01437783828118245
1.0471975511966,3.14159265358979,0.261799387799149,0.523598775598299,0.025701622488349,0.03453162850706119,0.014464115614725201
1.0471975511966,3.14159265358979,0.279252680319093,0.523598775598299,0.02555901960321305,0.0342081906613076,0.01457894464131145
1.0471975511966,3.14159265358979,0.296705972839036,0.523598775598299,0.0253348993828229,0.033622409006685894,0.01432231672639105
1.0471975511966,3.14159265358979,0.314159265358979,0.523598775598299,0.02507643013579015,0.0330025643309639,0.014039371506383451
1.0471975511966,3.14159265358979,0.331612557878923,0.523598775598299,0.02487218723652905,0.0325771003364973,0.01380663985491495
1.0471975511966,3.14159265358979,0.349065850398866,0.523598775598299,0.024808790142943148,0.0323525708062271,0.0136351570478314
1.0471975511966,3.14159265358979,0.366519142918809,0.523598775598299,0.024981093258751752,0.0322919968010555,0.01356373335727455
1.0471975511966,3.14159265358979,0.383972435438752,0.523598775598299,0.02524009482459595,0.03241105596613035,0.0139243734065993
1.0471975511966,3.14159265358979,0.401425727958696,0.523598775598299,0.025625901218649202,0.032718401977526554,0.01410967467417815
1.0471975511966,3.14159265358979,0.418879020478639,0.523598775598299,0.025820942101689448,0.033008881937685,0.0142488570465249
1.0471975511966,3.14159265358979,0.436332312998582,0.523598775598299,0.02592436927435935,0.0331925509574178,0.0143022103556806
1.0471975511966,3.14159265358979,0.453785605518526,0.523598775598299,0.026026590145849952,0.03320601364331405,0.0143257397694982
1.0471975511966,3.14159265358979,0.471238898038469,0.523598775598299,0.0262658345469169,0.03308806819340965,0.014095813326624851
1.0471975511966,3.14159265358979,0.488692190558412,0.523598775598299,0.02665142975191335,0.033152744773052197,0.0139351408536953
1.0471975511966,3.14159265358979,0.506145483078356,0.523598775598299,0.026857857133493403,0.0333822257575184,0.013891862218488999
1.0471975511966,3.14159265358979,0.523598775598299,0.523598775598299,0.0269735459963403,0.0336481307666043,0.0142093117256556
1.0471975511966,3.14159265358979,0.541052068118242,0.523598775598299,0.026992385016896152,0.03363831922139925,0.01416529275766505
1.0471975511966,3.14159265358979,0.558505360638185,0.523598775598299,0.0273004048296925,0.0336852623586752,0.01413998079685405
1.0471975511966,3.14159265358979,0.575958653158129,0.523598775598299,0.027689734888661853,0.033950668486018,0.0140525536038237
1.0471975511966,3.14159265358979,0.593411945678072,0.523598775598299,0.028215115597461198,0.03422382751445985,0.01397752898191725
1.0471975511966,3.14159265358979,0.610865238198015,0.523598775598299,0.028620228902240898,0.034431616542255,0.014268943655363
1.0471975511966,3.14159265358979,0.628318530717959,0.523598775598299,0.02885199806840135,0.0345458601062959,0.0144834444331485
1.0471975511966,3.14159265358979,0.645771823237902,0.523598775598299,0.02865722244522145,0.03473725667159005,0.01427660219371175
1.0471975511966,3.14159265358979,0.663225115757845,0.523598775598299,0.028147943720970597,0.03477190655216405,0.01371569751405765
1.0471975511966,3.14159265358979,0.680678408277788,0.523598775598299,0.027648260005046603,0.034305292109816254,0.01386072074252495
1.0471975511966,3.14159265358979,0.698131700797732,0.523598775598299,0.02747516983399275,0.033886778813184054,0.0141035616375138
1.0471975511966,3.14159265358979,0.715584993317675,0.523598775598299,0.02764875473871245,0.03365949191385985,0.01399067946135665
1.0471975511966,3.14159265358979,0.733038285837618,0.523598775598299,0.02794761987198725,0.0335709305183676,0.0136841003452113
1.0471975511966,3.14159265358979,0.750491578357562,0.523598775598299,0.028069241392940147,0.0336509587113855,0.01331198926224125
1.0471975511966,3.14159265358979,0.767944870877505,0.523598775598299,0.0279638759553186,0.03353179587176045,0.0128875747201513
1.0471975511966,3.14159265358979,0.785398163397448,0.523598775598299,0.02815786315229575,0.03329904734974325,0.01322461553555415
1.0471975511966,3.14159265358979,0.802851455917391,0.523598775598299,0.028650894313266048,0.033053597487747055,0.01310920566450045
1.0471975511966,3.14159265358979,0.820304748437335,0.523598775598299,0.02938809996636875,0.0331406301924836,0.01330663472116435
1.0471975511966,3.14159265358979,0.837758040957278,0.523598775598299,0.03010524480149085,0.03344154469769995,0.013343983051571601
1.0471975511966,3.14159265358979,0.855211333477221,0.523598775598299,0.030358128484039598,0.0340266186223128,0.0130596245095006
1.0471975511966,3.14159265358979,0.872664625997165,0.523598775598299,0.02993626736669185,0.034409773226815155,0.0129557036134841
1.0471975511966,3.14159265358979,0.890117918517108,0.523598775598299,0.02926634453208255,0.0343121055121737,0.01322576570357845
1.0471975511966,3.14159265358979,0.907571211037051,0.523598775598299,0.0293197598256966,0.0341455867291421,0.013707326462290101
1.0471975511966,3.14159265358979,0.925024503556995,0.523598775598299,0.029283120602536253,0.03390063857769275,0.01360971737967505
1.0471975511966,3.14159265358979,0.942477796076938,0.523598775598299,0.02882894087743505,0.033972398688377495,0.01372537800543025
1.0471975511966,3.14159265358979,0.959931088596881,0.523598775598299,0.0291157917535167,0.0339295001346942,0.01384946695124275
1.0471975511966,3.14159265358979,0.977384381116825,0.523598775598299,0.029539403773282652,0.03375271709466935,0.0143910442591814
1.0471975511966,3.14159265358979,0.994837673636768,0.523598775598299,0.03010636626948875,0.0333307352168507,0.01396096428155405
1.0471975511966,3.14159265358979,1.01229096615671,0.523598775598299,0.0304092889144858,0.03260701571421385,0.0128603356086504
1.0471975511966,3.14159265358979,1.02974425867665,0.523598775598299,0.03016157970657775,0.032182921081683954,0.01188513604569925
1.0471975511966,3.14159265358979,1.0471975511966,0.523598775598299,0.03026083694868385,0.0320967305734238,0.01110966626454775
1.0471975511966,3.14159265358979,1.06465084371654,0.523598775598299,0.0307927716922526,0.0322359657678741,0.01120967952809429
1.0471975511966,3.14159265358979,1.08210413623648,0.523598775598299,0.03118507114067105,0.032209047444644104,0.010755520290283085
1.0471975511966,3.14159265358979,1.09955742875643,0.523598775598299,0.03133370380514935,0.03199272230015695,0.0108700583619475
1.0471975511966,3.14159265358979,1.11701072127637,0.523598775598299,0.031065809948768702,0.0319526400268537,0.0102968266626933
1.0471975511966,3.14159265358979,1.13446401379631,0.523598775598299,0.03059677322109755,0.0321159363907578,0.01082909230409475
1.0471975511966,3.14159265358979,1.15191730631626,0.523598775598299,0.02982922416501725,0.0324267859035869,0.0104657229758199
1.0471975511966,3.14159265358979,1.1693705988362,0.523598775598299,0.02908294614369245,0.033133794361346953,0.0109429361893233
1.0471975511966,3.14159265358979,1.18682389135614,0.523598775598299,0.02823311409065995,0.0337095038070847,0.0116134981894293
1.0471975511966,3.14159265358979,1.20427718387609,0.523598775598299,0.0273976227226967,0.03440282492501375,0.01180553820799625
1.0471975511966,3.14159265358979,1.22173047639603,0.523598775598299,0.02673581611933075,0.034923220888485845,0.0117914745112817
1.0471975511966,3.14159265358979,1.23918376891597,0.523598775598299,0.02586405367053385,0.035488139889921055,0.012048385053937651
1.0471975511966,3.14159265358979,1.25663706143592,0.523598775598299,0.0256511720116661,0.03559576257313635,0.012649980240158551
1.0471975511966,3.14159265358979,1.27409035395586,0.523598775598299,0.02426236740793785,0.03557500711344355,0.01245821923214
1.0471975511966,3.14159265358979,1.2915436464758,0.523598775598299,0.0245704773104192,0.0354049100477151,0.012753379376276349
1.0471975511966,3.14159265358979,1.30899693899575,0.523598775598299,0.021213191195808848,0.0350661122139485,0.0125982357564478
1.0471975511966,3.14159265358979,1.32645023151569,0.523598775598299,0.019485944358987102,0.033026645209005806,0.01186521225301875
1.0471975511966,3.14159265358979,1.34390352403563,0.523598775598299,0.01846261727196335,0.03069618462834655,0.010988558001550974
1.0471975511966,3.14159265358979,1.36135681655558,0.523598775598299,0.01726034304390025,0.028314990185610248,0.01019309868056029
1.0471975511966,3.14159265358979,1.37881010907552,0.523598775598299,0.0162533723890874,0.02606096877821855,0.009239078704291765
1.0471975511966,3.14159265358979,1.39626340159546,0.523598775598299,0.01409792992146645,0.02359181826273425,0.00848025687559035
1.0471975511966,3.14159265358979,1.41371669411541,0.523598775598299,0.01292068768696875,0.02124923478155745,0.007621247486959869
1.0471975511966,3.14159265358979,1.43116998663535,0.523598775598299,0.011145621805096316,0.0188728104315211,0.006780777859770375
1.0471975511966,3.14159265358979,1.44862327915529,0.523598775598299,0.00997069526211334,0.01651876500690025,0.00593003140086186
1.0471975511966,3.14159265358979,1.46607657167524,0.523598775598299,0.00879514692839773,0.0141600207340926,0.005106192122784955
1.0471975511966,3.14159265358979,1.48352986419518,0.523598775598299,0.007220431146006481,0.0118088853258648,0.00422808339250453
1.0471975511966,3.14159265358979,1.50098315671512,0.523598775598299,0.005702628629853465,0.00943703500793383,0.003394873777420585
1.0471975511966,3.14159265358979,1.51843644923507,0.523598775598299,0.0043606901155508904,0.007088333286862855,0.00253546217784639
1.0471975511966,3.14159265358979,1.53588974175501,0.523598775598299,0.002794736068442775,0.00471763021870782,0.001694781483200095
1.0471975511966,3.14159265358979,1.55334303427495,0.523598775598299,0.0014433854166274749,0.0023574658075676304,0.0008475226402762934
1.0471975511966,3.14159265358979,1.5707963267949,0.523598775598299,0.000752798500991244,0.0013234904219377851,0.00046959106596970994
1.0471975511966,3.14159265358979,0.0174532925199433,0.698131700797732,0.02416925066225495,0.033431060379949404,0.01408666899249
1.0471975511966,3.14159265358979,0.0349065850398866,0.698131700797732,0.024134345129919098,0.033247130045350695,0.013976083985282599
1.0471975511966,3.14159265358979,0.0523598775598299,0.698131700797732,0.024140208342894702,0.033029601658297145,0.014094636172901
1.0471975511966,3.14159265358979,0.0698131700797732,0.698131700797732,0.0240398744947681,0.03268367033110765,0.014208758089479051
1.0471975511966,3.14159265358979,0.0872664625997165,0.698131700797732,0.02404869080519685,0.03245314173121305,0.01419133010759075
1.0471975511966,3.14159265358979,0.10471975511966,0.698131700797732,0.0240779996784849,0.0324716029468624,0.0140010374281331
1.0471975511966,3.14159265358979,0.122173047639603,0.698131700797732,0.024303918753136103,0.03270068356651855,0.0138889173699488
1.0471975511966,3.14159265358979,0.139626340159546,0.698131700797732,0.024655338003855498,0.033085207798062996,0.01401491159754085
1.0471975511966,3.14159265358979,0.15707963267949,0.698131700797732,0.02494686286996485,0.03355426657449845,0.0142326490929475
1.0471975511966,3.14159265358979,0.174532925199433,0.698131700797732,0.02517744670660255,0.03404255299347155,0.01427857633444005
1.0471975511966,3.14159265358979,0.191986217719376,0.698131700797732,0.02534177910310135,0.034433725924533046,0.0143571796215983
1.0471975511966,3.14159265358979,0.20943951023932,0.698131700797732,0.0254297006959769,0.034418005441837596,0.014273925167644
1.0471975511966,3.14159265358979,0.226892802759263,0.698131700797732,0.025566254476244048,0.03422451229406965,0.014221389139055001
1.0471975511966,3.14159265358979,0.244346095279206,0.698131700797732,0.0257303614964772,0.034085878140550405,0.01421719310683545
1.0471975511966,3.14159265358979,0.261799387799149,0.698131700797732,0.02560028423757335,0.03397620635310475,0.0141540367951227
1.0471975511966,3.14159265358979,0.279252680319093,0.698131700797732,0.02533102499107955,0.03373621370938245,0.01406966177563645
1.0471975511966,3.14159265358979,0.296705972839036,0.698131700797732,0.024968792022067,0.0331124027873492,0.0140689958359575
1.0471975511966,3.14159265358979,0.314159265358979,0.698131700797732,0.024811402508836948,0.0324359353138121,0.0141146847121533
1.0471975511966,3.14159265358979,0.331612557878923,0.698131700797732,0.0247074715758933,0.0320248621953341,0.0141739860005437
1.0471975511966,3.14159265358979,0.349065850398866,0.698131700797732,0.0246571690135167,0.0319641285519322,0.013787884537933452
1.0471975511966,3.14159265358979,0.366519142918809,0.698131700797732,0.0246390087137666,0.03203718533396055,0.013686285550907649
1.0471975511966,3.14159265358979,0.383972435438752,0.698131700797732,0.024845213537122553,0.03217499238038625,0.0137952114263876
1.0471975511966,3.14159265358979,0.401425727958696,0.698131700797732,0.025162344205786148,0.03231169636543335,0.0138442853302288
1.0471975511966,3.14159265358979,0.418879020478639,0.698131700797732,0.02544530242983975,0.03247102894133495,0.01391190298076735
1.0471975511966,3.14159265358979,0.436332312998582,0.698131700797732,0.02554110409266855,0.0325844393080342,0.013894832570746949
1.0471975511966,3.14159265358979,0.453785605518526,0.698131700797732,0.0256419385985572,0.0325147485282142,0.014053869587635801
1.0471975511966,3.14159265358979,0.471238898038469,0.698131700797732,0.02556901640461575,0.032380283472749946,0.014280239417127201
1.0471975511966,3.14159265358979,0.488692190558412,0.698131700797732,0.02544814969704745,0.0323199160776467,0.014262424930075249
1.0471975511966,3.14159265358979,0.506145483078356,0.698131700797732,0.0254746132265082,0.0324524282097789,0.014110866234672101
1.0471975511966,3.14159265358979,0.523598775598299,0.698131700797732,0.02557663636633935,0.032456302402989454,0.01405971617382215
1.0471975511966,3.14159265358979,0.541052068118242,0.698131700797732,0.0256919465804447,0.032239962278605955,0.01378604148620825
1.0471975511966,3.14159265358979,0.558505360638185,0.698131700797732,0.0259516185100492,0.03210168587064375,0.01355700926238225
1.0471975511966,3.14159265358979,0.575958653158129,0.698131700797732,0.02620874394608035,0.032331378173563796,0.013453348988040851
1.0471975511966,3.14159265358979,0.593411945678072,0.698131700797732,0.026377626856332298,0.032765066738149,0.013464419275424699
1.0471975511966,3.14159265358979,0.610865238198015,0.698131700797732,0.0266440286742588,0.032850286552764854,0.01362624827603295
1.0471975511966,3.14159265358979,0.628318530717959,0.698131700797732,0.026712204615659402,0.03271198330022835,0.0138481605516059
1.0471975511966,3.14159265358979,0.645771823237902,0.698131700797732,0.026575752614589047,0.032730932410520955,0.013714168905382951
1.0471975511966,3.14159265358979,0.663225115757845,0.698131700797732,0.0263866893719885,0.03266318600651125,0.01358049107877485
1.0471975511966,3.14159265358979,0.680678408277788,0.698131700797732,0.02603510664220325,0.03237180172274175,0.013372452522062251
1.0471975511966,3.14159265358979,0.698131700797732,0.698131700797732,0.025843912836201702,0.0323887397883945,0.013076238525077749
1.0471975511966,3.14159265358979,0.715584993317675,0.698131700797732,0.02586525837167255,0.0323429651457351,0.0131126661027122
1.0471975511966,3.14159265358979,0.733038285837618,0.698131700797732,0.02595071522720915,0.0322878097008932,0.0128974610568879
1.0471975511966,3.14159265358979,0.750491578357562,0.698131700797732,0.0260677180491828,0.032189901373024,0.01299859810736895
1.0471975511966,3.14159265358979,0.767944870877505,0.698131700797732,0.0262654576025695,0.03214507002120015,0.012840454772779
1.0471975511966,3.14159265358979,0.785398163397448,0.698131700797732,0.02664422395998985,0.03185371141434145,0.0127178904916513
1.0471975511966,3.14159265358979,0.802851455917391,0.698131700797732,0.0270188883764244,0.03186849194887795,0.0126914190929437
1.0471975511966,3.14159265358979,0.820304748437335,0.698131700797732,0.027506677456091748,0.0321138793342655,0.0127363643296526
1.0471975511966,3.14159265358979,0.837758040957278,0.698131700797732,0.028147860445400748,0.032241788634729304,0.01258114141749425
1.0471975511966,3.14159265358979,0.855211333477221,0.698131700797732,0.02844171736922815,0.0327216946784014,0.012629741605482601
1.0471975511966,3.14159265358979,0.872664625997165,0.698131700797732,0.0283439195780508,0.033150631726202445,0.0125875820165312
1.0471975511966,3.14159265358979,0.890117918517108,0.698131700797732,0.0279009681864438,0.0332427899428101,0.012573322702434851
1.0471975511966,3.14159265358979,0.907571211037051,0.698131700797732,0.02772050289264635,0.0328058381823077,0.0130802076208007
1.0471975511966,3.14159265358979,0.925024503556995,0.698131700797732,0.02785123586170405,0.03230477073106615,0.01298266030237335
1.0471975511966,3.14159265358979,0.942477796076938,0.698131700797732,0.0278383031901824,0.03261320253983805,0.01262365385210975
1.0471975511966,3.14159265358979,0.959931088596881,0.698131700797732,0.0279391899962892,0.03263880225797275,0.01221166425488495
1.0471975511966,3.14159265358979,0.977384381116825,0.698131700797732,0.02808450965783825,0.03233727625723595,0.0120139325453643
1.0471975511966,3.14159265358979,0.994837673636768,0.698131700797732,0.028274936140989748,0.0319308423691606,0.0122724031498006
1.0471975511966,3.14159265358979,1.01229096615671,0.698131700797732,0.0284548800943887,0.03123080365449135,0.0121533397934003
1.0471975511966,3.14159265358979,1.02974425867665,0.698131700797732,0.028515977860150102,0.0305521789838065,0.01106226492989653
1.0471975511966,3.14159265358979,1.0471975511966,0.698131700797732,0.0285540358060811,0.030214621476349502,0.010838273648737755
1.0471975511966,3.14159265358979,1.06465084371654,0.698131700797732,0.028841493336685252,0.02988639023345065,0.01146867434767105
1.0471975511966,3.14159265358979,1.08210413623648,0.698131700797732,0.0288156745594023,0.02978730931148475,0.01178395110185825
1.0471975511966,3.14159265358979,1.09955742875643,0.698131700797732,0.0284350129705788,0.0296707926235336,0.01192561411940915
1.0471975511966,3.14159265358979,1.11701072127637,0.698131700797732,0.0281932490556508,0.0300760959621793,0.0128081675824726
1.0471975511966,3.14159265358979,1.13446401379631,0.698131700797732,0.0279385954501028,0.030722757031547098,0.012546558732858551
1.0471975511966,3.14159265358979,1.15191730631626,0.698131700797732,0.02772785415842545,0.031887029799052,0.0125730113278416
1.0471975511966,3.14159265358979,1.1693705988362,0.698131700797732,0.027149996981531498,0.03280451931402835,0.0122465164150065
1.0471975511966,3.14159265358979,1.18682389135614,0.698131700797732,0.02585504510535515,0.033554474585288346,0.01173647182664545
1.0471975511966,3.14159265358979,1.20427718387609,0.698131700797732,0.024333873321228952,0.0341949747999687,0.011587143622780249
1.0471975511966,3.14159265358979,1.22173047639603,0.698131700797732,0.022050074049883052,0.03446175035122815,0.0111139006307981
1.0471975511966,3.14159265358979,1.23918376891597,0.698131700797732,0.0199448608790346,0.03465028911023785,0.0115787188473891
1.0471975511966,3.14159265358979,1.25663706143592,0.698131700797732,0.018036347476643802,0.0345433005260902,0.01165134052494045
1.0471975511966,3.14159265358979,1.27409035395586,0.698131700797732,0.01596402520536155,0.03428597699261615,0.0118381340767228
1.0471975511966,3.14159265358979,1.2915436464758,0.698131700797732,0.016295658985110602,0.03402625929043215,0.011921704465524149
1.0471975511966,3.14159265358979,1.30899693899575,0.698131700797732,0.01437754995096905,0.03347717885043015,0.01190398574043515
1.0471975511966,3.14159265358979,1.32645023151569,0.698131700797732,0.0136799655624332,0.031637980550083405,0.01127376541930885
1.0471975511966,3.14159265358979,1.34390352403563,0.698131700797732,0.0125304759345281,0.0293847622751919,0.010541764333098249
1.0471975511966,3.14159265358979,1.36135681655558,0.698131700797732,0.011788210435339109,0.027087874947870502,0.00959188366656326
1.0471975511966,3.14159265358979,1.37881010907552,0.698131700797732,0.010963185928997735,0.02485565501192035,0.008769727881468504
1.0471975511966,3.14159265358979,1.39626340159546,0.698131700797732,0.009810235132824365,0.022584664283580698,0.00801371571084844
1.0471975511966,3.14159265358979,1.41371669411541,0.698131700797732,0.008801783577249115,0.02030996746141975,0.007190140079261965
1.0471975511966,3.14159265358979,1.43116998663535,0.698131700797732,0.0078290658119551,0.018073454394845548,0.0064291427163354845
1.0471975511966,3.14159265358979,1.44862327915529,0.698131700797732,0.006779798320891459,0.015843930580093,0.00562954730331778
1.0471975511966,3.14159265358979,1.46607657167524,0.698131700797732,0.0058138427414756305,0.013551291290009149,0.004836865053487065
1.0471975511966,3.14159265358979,1.48352986419518,0.698131700797732,0.00486967320802709,0.011298628963418201,0.00403358304216598
1.0471975511966,3.14159265358979,1.50098315671512,0.698131700797732,0.0039085093030715255,0.00902693047956198,0.003188966607656835
1.0471975511966,3.14159265358979,1.51843644923507,0.698131700797732,0.0029379497767502653,0.00676976408677067,0.002396738288762815
1.0471975511966,3.14159265358979,1.53588974175501,0.698131700797732,0.00195949034215063,0.0045144897176648,0.001602535973705355
1.0471975511966,3.14159265358979,1.55334303427495,0.698131700797732,0.0009767540942048469,0.00225486655661758,0.0007991935847983934
1.0471975511966,3.14159265358979,1.5707963267949,0.698131700797732,-5.070706537366198e-06,-5.160193867842501e-06,7.357226012083529e-06
1.0471975511966,3.14159265358979,0.0174532925199433,0.872664625997165,0.024108007480412252,0.0333788729152029,0.014084596207741901
1.0471975511966,3.14159265358979,0.0349065850398866,0.872664625997165,0.02408470364222515,0.03319827731579305,0.014014496660531551
1.0471975511966,3.14159265358979,0.0523598775598299,0.872664625997165,0.02412187291251455,0.032996554443578796,0.01410079632586075
1.0471975511966,3.14159265358979,0.0698131700797732,0.872664625997165,0.0240294537198922,0.0326523117451499,0.0141904353656068
1.0471975511966,3.14159265358979,0.0872664625997165,0.872664625997165,0.0239498412485415,0.0324084038380002,0.01412761489641575
1.0471975511966,3.14159265358979,0.10471975511966,0.872664625997165,0.024023298405983197,0.03249527692661805,0.014078380476582851
1.0471975511966,3.14159265358979,0.122173047639603,0.872664625997165,0.02428660167842965,0.03272174818150315,0.01393796328085075
1.0471975511966,3.14159265358979,0.139626340159546,0.872664625997165,0.024650992302696052,0.03314622204526785,0.01400692869516975
1.0471975511966,3.14159265358979,0.15707963267949,0.872664625997165,0.02474423051356445,0.033601281987825096,0.014345883682409251
1.0471975511966,3.14159265358979,0.174532925199433,0.872664625997165,0.024730653058286797,0.03386961475570085,0.01433238273519885
1.0471975511966,3.14159265358979,0.191986217719376,0.872664625997165,0.024880044872582947,0.0340051994943049,0.0142178410858347
1.0471975511966,3.14159265358979,0.20943951023932,0.872664625997165,0.025122676109134302,0.0339500327004727,0.01401524964136915
1.0471975511966,3.14159265358979,0.226892802759263,0.872664625997165,0.025339777274710748,0.03399739208690005,0.013981176243695749
1.0471975511966,3.14159265358979,0.244346095279206,0.872664625997165,0.025390036471920452,0.033946099979873454,0.01423211868113845
1.0471975511966,3.14159265358979,0.261799387799149,0.872664625997165,0.02517947239327455,0.033562546957477846,0.01429879571293345
1.0471975511966,3.14159265358979,0.279252680319093,0.872664625997165,0.0248030659751937,0.03309139642346705,0.01406152222987175
1.0471975511966,3.14159265358979,0.296705972839036,0.872664625997165,0.0245193023906995,0.032526994820459745,0.013680516736585501
1.0471975511966,3.14159265358979,0.314159265358979,0.872664625997165,0.02431944836187105,0.031882980868185404,0.0134460372245852
1.0471975511966,3.14159265358979,0.331612557878923,0.872664625997165,0.0241419298930052,0.03143907853502395,0.01339339156305475
1.0471975511966,3.14159265358979,0.349065850398866,0.872664625997165,0.024092820398045348,0.031223680852735,0.013537369950256499
1.0471975511966,3.14159265358979,0.366519142918809,0.872664625997165,0.024287642652064997,0.03116137252102435,0.0135022754872983
1.0471975511966,3.14159265358979,0.383972435438752,0.872664625997165,0.02460769231773685,0.03135362724553785,0.0134588646825359
1.0471975511966,3.14159265358979,0.401425727958696,0.872664625997165,0.024982938941786548,0.031706301078791396,0.013233961517405801
1.0471975511966,3.14159265358979,0.418879020478639,0.872664625997165,0.025264401747994852,0.03203421125672635,0.013338132347578
1.0471975511966,3.14159265358979,0.436332312998582,0.872664625997165,0.02535083670064195,0.0324645210475775,0.01348402964888545
1.0471975511966,3.14159265358979,0.453785605518526,0.872664625997165,0.02517058307458265,0.0325274002817231,0.01350726555530395
1.0471975511966,3.14159265358979,0.471238898038469,0.872664625997165,0.02499865862434995,0.032176423706196,0.0136135633573077
1.0471975511966,3.14159265358979,0.488692190558412,0.872664625997165,0.02488362457999095,0.0317682868794469,0.01352594026416625
1.0471975511966,3.14159265358979,0.506145483078356,0.872664625997165,0.024958839431879,0.0315513641602636,0.01363975313252575
1.0471975511966,3.14159265358979,0.523598775598299,0.872664625997165,0.02510268739528335,0.03151029427969045,0.0137743289360211
1.0471975511966,3.14159265358979,0.541052068118242,0.872664625997165,0.025029343695597,0.031495118608206696,0.01385444857298605
1.0471975511966,3.14159265358979,0.558505360638185,0.872664625997165,0.02490467151282045,0.03173607016816915,0.01350673269078485
1.0471975511966,3.14159265358979,0.575958653158129,0.872664625997165,0.02504036447337875,0.03207583975507185,0.0130796265185065
1.0471975511966,3.14159265358979,0.593411945678072,0.872664625997165,0.025417927465614852,0.0324147234815225,0.0129814227355954
1.0471975511966,3.14159265358979,0.610865238198015,0.872664625997165,0.02564181120672825,0.032704664359962,0.013137291044603351
1.0471975511966,3.14159265358979,0.628318530717959,0.872664625997165,0.025635934365031948,0.03263527322902335,0.01322423706239885
1.0471975511966,3.14159265358979,0.645771823237902,0.872664625997165,0.025573037010799098,0.032341866199340596,0.013261959127585151
1.0471975511966,3.14159265358979,0.663225115757845,0.872664625997165,0.02554335298457435,0.0319701996172216,0.01295172803288205
1.0471975511966,3.14159265358979,0.680678408277788,0.872664625997165,0.0254174538458391,0.0317807014473483,0.013066808254286851
1.0471975511966,3.14159265358979,0.698131700797732,0.872664625997165,0.02523252154763065,0.0317264385877191,0.01323669881025495
1.0471975511966,3.14159265358979,0.715584993317675,0.872664625997165,0.02509002016570535,0.0315424602473656,0.01312782661679475
1.0471975511966,3.14159265358979,0.733038285837618,0.872664625997165,0.0249345823694427,0.03121441089601065,0.01296567117386635
1.0471975511966,3.14159265358979,0.750491578357562,0.872664625997165,0.02489627129520325,0.03076416701339925,0.0127558464789898
1.0471975511966,3.14159265358979,0.767944870877505,0.872664625997165,0.02488337262963035,0.0304401190461152,0.012260380780402851
1.0471975511966,3.14159265358979,0.785398163397448,0.872664625997165,0.025064603704633252,0.0304115176905361,0.0123531239441513
1.0471975511966,3.14159265358979,0.802851455917391,0.872664625997165,0.02546646988091985,0.030699386422775296,0.0122635760985597
1.0471975511966,3.14159265358979,0.820304748437335,0.872664625997165,0.0261976502973031,0.031343979213831,0.012010131692995
1.0471975511966,3.14159265358979,0.837758040957278,0.872664625997165,0.0268127125678028,0.03197278559901155,0.012129722631410749
1.0471975511966,3.14159265358979,0.855211333477221,0.872664625997165,0.0272884822219688,0.03249212026255785,0.01196557550743345
1.0471975511966,3.14159265358979,0.872664625997165,0.872664625997165,0.02743529847209525,0.032824319394475346,0.011928355309567401
1.0471975511966,3.14159265358979,0.890117918517108,0.872664625997165,0.02715897149149655,0.03303410280521935,0.0120355353577592
1.0471975511966,3.14159265358979,0.907571211037051,0.872664625997165,0.0271581207285849,0.03274439447091305,0.01271115962419525
1.0471975511966,3.14159265358979,0.925024503556995,0.872664625997165,0.027418006687404052,0.03267360960803465,0.01276130599523925
1.0471975511966,3.14159265358979,0.942477796076938,0.872664625997165,0.02755851340137085,0.03288716790123115,0.0131298015037056
1.0471975511966,3.14159265358979,0.959931088596881,0.872664625997165,0.027259718408605298,0.032985220642771,0.01289878511637375
1.0471975511966,3.14159265358979,0.977384381116825,0.872664625997165,0.0271161542706393,0.0327453246390353,0.0124689882894795
1.0471975511966,3.14159265358979,0.994837673636768,0.872664625997165,0.02743964755822335,0.0321585663343131,0.01317375860244115
1.0471975511966,3.14159265358979,1.01229096615671,0.872664625997165,0.02792604965973855,0.03177754369190335,0.013376833876768
1.0471975511966,3.14159265358979,1.02974425867665,0.872664625997165,0.02795970530271135,0.031458405015656554,0.0125212810722354
1.0471975511966,3.14159265358979,1.0471975511966,0.872664625997165,0.027713202093647048,0.03070456532020575,0.01173072209030995
1.0471975511966,3.14159265358979,1.06465084371654,0.872664625997165,0.0273259164499239,0.030143026838419497,0.012100377103229351
1.0471975511966,3.14159265358979,1.08210413623648,0.872664625997165,0.0272327325638092,0.0294301242630863,0.01249970264416105
1.0471975511966,3.14159265358979,1.09955742875643,0.872664625997165,0.02714993312929375,0.02882237855329855,0.0125585292590342
1.0471975511966,3.14159265358979,1.11701072127637,0.872664625997165,0.027041795354100652,0.0287299323550348,0.01205492166020405
1.0471975511966,3.14159265358979,1.13446401379631,0.872664625997165,0.0266081058954308,0.0293442392042862,0.011256155154446251
1.0471975511966,3.14159265358979,1.15191730631626,0.872664625997165,0.0261999706670555,0.03004952609270645,0.0108460926204631
1.0471975511966,3.14159265358979,1.1693705988362,0.872664625997165,0.02559982251914445,0.0308067423999062,0.010238327068964295
1.0471975511966,3.14159265358979,1.18682389135614,0.872664625997165,0.02492269832927395,0.0311906565789871,0.0102749347513672
1.0471975511966,3.14159265358979,1.20427718387609,0.872664625997165,0.0242493113109384,0.03161437335668875,0.010214465759014135
1.0471975511966,3.14159265358979,1.22173047639603,0.872664625997165,0.0233653642684123,0.031838575704737304,0.010490091858046474
1.0471975511966,3.14159265358979,1.23918376891597,0.872664625997165,0.0223240404940586,0.0317879538645581,0.01077164789708955
1.0471975511966,3.14159265358979,1.25663706143592,0.872664625997165,0.02158609721385315,0.03152893135574205,0.0112987135551344
1.0471975511966,3.14159265358979,1.27409035395586,0.872664625997165,0.02111561326346355,0.03133560794294475,0.01198962386600495
1.0471975511966,3.14159265358979,1.2915436464758,0.872664625997165,0.01981579391072965,0.03128662249686875,0.01177263235149325
1.0471975511966,3.14159265358979,1.30899693899575,0.872664625997165,0.019140407555165752,0.030713364250192852,0.01158557940001285
1.0471975511966,3.14159265358979,1.32645023151569,0.872664625997165,0.0181152371247117,0.0290613850021624,0.011052029576321499
1.0471975511966,3.14159265358979,1.34390352403563,0.872664625997165,0.016698035552725,0.0269653512828162,0.010143991137398067
1.0471975511966,3.14159265358979,1.36135681655558,0.872664625997165,0.01583322004384925,0.02494324143737835,0.00970504683615487
1.0471975511966,3.14159265358979,1.37881010907552,0.872664625997165,0.01436876600445745,0.022857519892979752,0.008806648291502406
1.0471975511966,3.14159265358979,1.39626340159546,0.872664625997165,0.0130421678202362,0.0207673264271315,0.007990934303595775
1.0471975511966,3.14159265358979,1.41371669411541,0.872664625997165,0.01184329755925756,0.0186988717416301,0.00729200386893383
1.0471975511966,3.14159265358979,1.43116998663535,0.872664625997165,0.010385034748084965,0.0166088096722704,0.0063470907431094105
1.0471975511966,3.14159265358979,1.44862327915529,0.872664625997165,0.009058299225922734,0.01453240023119175,0.005481832710897985
1.0471975511966,3.14159265358979,1.46607657167524,0.872664625997165,0.0077839792057163605,0.0124529627594477,0.00475717355414398
1.0471975511966,3.14159265358979,1.48352986419518,0.872664625997165,0.006453654271697935,0.01037541624172078,0.003932628269908105
1.0471975511966,3.14159265358979,1.50098315671512,0.872664625997165,0.00528071438710012,0.008311488078953185,0.0032484920283849953
1.0471975511966,3.14159265358979,1.51843644923507,0.872664625997165,0.0039410954263091255,0.00623140788844822,0.002424518955360105
1.0471975511966,3.14159265358979,1.53588974175501,0.872664625997165,0.002605788283010265,0.0041509804227032945,0.00159620104559597
1.0471975511966,3.14159265358979,1.55334303427495,0.872664625997165,0.001310735434655205,0.0020751691159590652,0.0008057692084544875
1.0471975511966,3.14159265358979,1.5707963267949,0.872664625997165,-4.637840794508017e-05,-1.3452709322986384e-05,-4.1778233148770396e-05
1.0471975511966,3.14159265358979,0.0174532925199433,1.0471975511966,0.02404600200354875,0.03332837676558925,0.01408346542725085
1.0471975511966,3.14159265358979,0.0349065850398866,1.0471975511966,0.02402567612909955,0.0331504001707245,0.014024693034718299
1.0471975511966,3.14159265358979,0.0523598775598299,1.0471975511966,0.0240367249107393,0.03293200824947355,0.014135718717028851
1.0471975511966,3.14159265358979,0.0698131700797732,1.0471975511966,0.02404217231093205,0.03264005259060255,0.01411770548029625
1.0471975511966,3.14159265358979,0.0872664625997165,1.0471975511966,0.023975700121633248,0.03250621554575995,0.0141081200359063
1.0471975511966,3.14159265358979,0.10471975511966,1.0471975511966,0.02399275417087475,0.0326879574050971,0.01408472652696795
1.0471975511966,3.14159265358979,0.122173047639603,1.0471975511966,0.0242534714795951,0.0327337032801435,0.0139142328308052
1.0471975511966,3.14159265358979,0.139626340159546,1.0471975511966,0.0245061661152478,0.033179819464999746,0.01412049369168135
1.0471975511966,3.14159265358979,0.15707963267949,1.0471975511966,0.0245710034829911,0.0335016694374454,0.014132348977059849
1.0471975511966,3.14159265358979,0.174532925199433,1.0471975511966,0.024761677945166448,0.0336707141475817,0.01412581300694905
1.0471975511966,3.14159265358979,0.191986217719376,1.0471975511966,0.0248585681839998,0.033804451940899496,0.01416856704279875
1.0471975511966,3.14159265358979,0.20943951023932,1.0471975511966,0.02488618911562225,0.03387797959101495,0.014180388341174601
1.0471975511966,3.14159265358979,0.226892802759263,1.0471975511966,0.0248953052380105,0.03389185613921785,0.014162113361505
1.0471975511966,3.14159265358979,0.244346095279206,1.0471975511966,0.024846896884733148,0.033707461786069245,0.0142243200777367
1.0471975511966,3.14159265358979,0.261799387799149,1.0471975511966,0.024963991858106452,0.03341779911362305,0.0140793057723612
1.0471975511966,3.14159265358979,0.279252680319093,1.0471975511966,0.0247098554115093,0.032877632384154046,0.01388350959297595
1.0471975511966,3.14159265358979,0.296705972839036,1.0471975511966,0.0241926220045128,0.0321361893789145,0.01383283481474665
1.0471975511966,3.14159265358979,0.314159265358979,1.0471975511966,0.02378920768757865,0.0313952764442726,0.01357774491889035
1.0471975511966,3.14159265358979,0.331612557878923,1.0471975511966,0.023660955105867652,0.03087341331089555,0.0134224547788124
1.0471975511966,3.14159265358979,0.349065850398866,1.0471975511966,0.02370074698899415,0.03060995083828125,0.013545331943520849
1.0471975511966,3.14159265358979,0.366519142918809,1.0471975511966,0.0238544008027591,0.0307254969692475,0.0135500734265717
1.0471975511966,3.14159265358979,0.383972435438752,1.0471975511966,0.023905360534092798,0.0309523712510726,0.013546015113534801
1.0471975511966,3.14159265358979,0.401425727958696,1.0471975511966,0.02415547731450745,0.0309068584243343,0.013341449729026799
1.0471975511966,3.14159265358979,0.418879020478639,1.0471975511966,0.02429370950880155,0.03097465747501535,0.0133081948176796
1.0471975511966,3.14159265358979,0.436332312998582,1.0471975511966,0.024525677652638703,0.0310857338636776,0.01340427139654665
1.0471975511966,3.14159265358979,0.453785605518526,1.0471975511966,0.02459217542554945,0.030996301840617448,0.0133466438077425
1.0471975511966,3.14159265358979,0.471238898038469,1.0471975511966,0.02456541835645605,0.030999315910296803,0.013293456813462098
1.0471975511966,3.14159265358979,0.488692190558412,1.0471975511966,0.02447512905561485,0.031010001620382303,0.01331015349670105
1.0471975511966,3.14159265358979,0.506145483078356,1.0471975511966,0.0242526334150987,0.030937665927789904,0.01316218037005095
1.0471975511966,3.14159265358979,0.523598775598299,1.0471975511966,0.02404531511705255,0.03075107796888965,0.0131053149778925
1.0471975511966,3.14159265358979,0.541052068118242,1.0471975511966,0.023925440375884552,0.0307534497377587,0.013271805951303749
1.0471975511966,3.14159265358979,0.558505360638185,1.0471975511966,0.02387845213625115,0.03062722100052515,0.0133879687991159
1.0471975511966,3.14159265358979,0.575958653158129,1.0471975511966,0.02404712565951505,0.03049542833201445,0.01321465897750245
1.0471975511966,3.14159265358979,0.593411945678072,1.0471975511966,0.02426963621824505,0.03056783603582745,0.01284353193177835
1.0471975511966,3.14159265358979,0.610865238198015,1.0471975511966,0.0244571292262937,0.03071625521256425,0.012865466015430801
1.0471975511966,3.14159265358979,0.628318530717959,1.0471975511966,0.0245975017028895,0.03085779172053075,0.01282375020272895
1.0471975511966,3.14159265358979,0.645771823237902,1.0471975511966,0.02489983229104975,0.03104666234413845,0.0126746880336788
1.0471975511966,3.14159265358979,0.663225115757845,1.0471975511966,0.024833268797878748,0.0311144487276667,0.012816148939063899
1.0471975511966,3.14159265358979,0.680678408277788,1.0471975511966,0.024750855313463348,0.031224486980095098,0.012930166329365049
1.0471975511966,3.14159265358979,0.698131700797732,1.0471975511966,0.024447296743119448,0.031012042896590403,0.012962290273881849
1.0471975511966,3.14159265358979,0.715584993317675,1.0471975511966,0.02437216707385635,0.03084403965960665,0.012842168646635451
1.0471975511966,3.14159265358979,0.733038285837618,1.0471975511966,0.02448436975120035,0.03072318450075065,0.01281895057089065
1.0471975511966,3.14159265358979,0.750491578357562,1.0471975511966,0.02446011856257735,0.030387729396865848,0.012913603919921551
1.0471975511966,3.14159265358979,0.767944870877505,1.0471975511966,0.02450349927264655,0.03032885990555765,0.013096493156934449
1.0471975511966,3.14159265358979,0.785398163397448,1.0471975511966,0.02456482847370335,0.0302539587702382,0.012949580118770301
1.0471975511966,3.14159265358979,0.802851455917391,1.0471975511966,0.02461796014415315,0.030049685039685546,0.0126717318118998
1.0471975511966,3.14159265358979,0.820304748437335,1.0471975511966,0.0247895488433559,0.03017517297038435,0.012519324957107551
1.0471975511966,3.14159265358979,0.837758040957278,1.0471975511966,0.024939328967932002,0.030469451887912752,0.0125594113371317
1.0471975511966,3.14159265358979,0.855211333477221,1.0471975511966,0.025242178890090748,0.030722398048294547,0.012875208272679399
1.0471975511966,3.14159265358979,0.872664625997165,1.0471975511966,0.0254515778455075,0.030798212454998197,0.01277026477353145
1.0471975511966,3.14159265358979,0.890117918517108,1.0471975511966,0.0255856414377695,0.0309840830142808,0.0122723507866734
1.0471975511966,3.14159265358979,0.907571211037051,1.0471975511966,0.02538240764859975,0.03085658084147935,0.01231779922655025
1.0471975511966,3.14159265358979,0.925024503556995,1.0471975511966,0.02533667413355075,0.0310542729835898,0.0118233672527181
1.0471975511966,3.14159265358979,0.942477796076938,1.0471975511966,0.02575265281866215,0.03133858983183755,0.012196751930498202
1.0471975511966,3.14159265358979,0.959931088596881,1.0471975511966,0.026106127467161698,0.0315869674035264,0.0124793981862641
1.0471975511966,3.14159265358979,0.977384381116825,1.0471975511966,0.026209313411988552,0.031530588876712,0.01309303432448415
1.0471975511966,3.14159265358979,0.994837673636768,1.0471975511966,0.026162347904271348,0.03121114427048885,0.01288154297071415
1.0471975511966,3.14159265358979,1.01229096615671,1.0471975511966,0.02625187505043275,0.0307946814747424,0.0129402436199781
1.0471975511966,3.14159265358979,1.02974425867665,1.0471975511966,0.02630227779451065,0.030167628828349453,0.01302874218143475
1.0471975511966,3.14159265358979,1.0471975511966,1.0471975511966,0.02607713590956355,0.0296850014706321,0.012044399679080602
1.0471975511966,3.14159265358979,1.06465084371654,1.0471975511966,0.0257130191608493,0.029368044247446948,0.0119174901446694
1.0471975511966,3.14159265358979,1.08210413623648,1.0471975511966,0.02535069861285555,0.029024333024188352,0.0116565794568964
1.0471975511966,3.14159265358979,1.09955742875643,1.0471975511966,0.025039151813864652,0.028768131813166446,0.0117438319251947
1.0471975511966,3.14159265358979,1.11701072127637,1.0471975511966,0.025010262256774,0.0288473975104193,0.01130363791492825
1.0471975511966,3.14159265358979,1.13446401379631,1.0471975511966,0.02475744050482445,0.029010569755119148,0.01151964152612925
1.0471975511966,3.14159265358979,1.15191730631626,1.0471975511966,0.0246549873509055,0.02949063923264765,0.0120128640211938
1.0471975511966,3.14159265358979,1.1693705988362,1.0471975511966,0.024181596668430998,0.030012052936340503,0.01216154700229755
1.0471975511966,3.14159265358979,1.18682389135614,1.0471975511966,0.02421087922270835,0.03049130615954885,0.011775980096230751
1.0471975511966,3.14159265358979,1.20427718387609,1.0471975511966,0.0239960238108788,0.0306926536329256,0.011729435563680949
1.0471975511966,3.14159265358979,1.22173047639603,1.0471975511966,0.02358406456123025,0.03081376755573785,0.011543381199658805
1.0471975511966,3.14159265358979,1.23918376891597,1.0471975511966,0.0232344722101093,0.030873945533558447,0.011396876837485075
1.0471975511966,3.14159265358979,1.25663706143592,1.0471975511966,0.02277560089492565,0.03070767915752105,0.011521585778316634
1.0471975511966,3.14159265358979,1.27409035395586,1.0471975511966,0.02187826657380935,0.030810182386370802,0.011178129442346895
1.0471975511966,3.14159265358979,1.2915436464758,1.0471975511966,0.021437795211498252,0.03067145028582275,0.01093286301459043
1.0471975511966,3.14159265358979,1.30899693899575,1.0471975511966,0.0203254178920152,0.030418517095346653,0.011313325276261301
1.0471975511966,3.14159265358979,1.32645023151569,1.0471975511966,0.0190238533329008,0.02866401891571595,0.01073941752398562
1.0471975511966,3.14159265358979,1.34390352403563,1.0471975511966,0.0177161272004144,0.0266230673383396,0.00998594227328152
1.0471975511966,3.14159265358979,1.36135681655558,1.0471975511966,0.016408292120132152,0.0245370282554441,0.009026420863820654
1.0471975511966,3.14159265358979,1.37881010907552,1.0471975511966,0.0151385176106579,0.02255736537094555,0.00834195268816149
1.0471975511966,3.14159265358979,1.39626340159546,1.0471975511966,0.0136286134053117,0.020467124352497798,0.00762535476186082
1.0471975511966,3.14159265358979,1.41371669411541,1.0471975511966,0.01233376143792905,0.018424256743672297,0.006811036964771675
1.0471975511966,3.14159265358979,1.43116998663535,1.0471975511966,0.01087249625516015,0.0163789061170323,0.006132875056616325
1.0471975511966,3.14159265358979,1.44862327915529,1.0471975511966,0.00955531599150917,0.01432579046710675,0.0053337061022053055
1.0471975511966,3.14159265358979,1.46607657167524,1.0471975511966,0.008224563286179879,0.0122545837138709,0.004444656141661315
1.0471975511966,3.14159265358979,1.48352986419518,1.0471975511966,0.00682721847023675,0.010231351351089974,0.00380508458153159
1.0471975511966,3.14159265358979,1.50098315671512,1.0471975511966,0.005461689823671191,0.00818223129699522,0.00302773383398034
1.0471975511966,3.14159265358979,1.51843644923507,1.0471975511966,0.0041257737073293,0.006141859755382626,0.0022536705714902
1.0471975511966,3.14159265358979,1.53588974175501,1.0471975511966,0.002721338688729535,0.004094635502876155,0.001533396013307515
1.0471975511966,3.14159265358979,1.55334303427495,1.0471975511966,0.0013683244452122349,0.002042762700467715,0.0007503877230626635
1.0471975511966,3.14159265358979,1.5707963267949,1.0471975511966,0.0007592668891360605,0.0011529267534873952,0.0004544087661905985
1.0471975511966,3.14159265358979,0.0174532925199433,1.22173047639603,0.023985975285201,0.0332816569674597,0.01408385401646585
1.0471975511966,3.14159265358979,0.0349065850398866,1.22173047639603,0.02397794402823225,0.033173327901879546,0.014036204865725151
1.0471975511966,3.14159265358979,0.0523598775598299,1.22173047639603,0.02395338841238765,0.03292110826080355,0.01419088957440865
1.0471975511966,3.14159265358979,0.0698131700797732,1.22173047639603,0.02394189830207475,0.0326480181213857,0.01414713066014775
1.0471975511966,3.14159265358979,0.0872664625997165,1.22173047639603,0.0240241674925915,0.0325619729960218,0.0141238664979971
1.0471975511966,3.14159265358979,0.10471975511966,1.22173047639603,0.024094603264447248,0.0325870033282782,0.0140342097627781
1.0471975511966,3.14159265358979,0.122173047639603,1.22173047639603,0.02419075724555165,0.0328195748660388,0.01395140577521725
1.0471975511966,3.14159265358979,0.139626340159546,1.22173047639603,0.0242745851979912,0.033241954314710956,0.014053680332258
1.0471975511966,3.14159265358979,0.15707963267949,1.22173047639603,0.024460136586561702,0.03367537933544605,0.01414467722503775
1.0471975511966,3.14159265358979,0.174532925199433,1.22173047639603,0.02467377115263,0.03390011261685885,0.014079481907707449
1.0471975511966,3.14159265358979,0.191986217719376,1.22173047639603,0.02475310296011175,0.0339724288529884,0.01405998080038855
1.0471975511966,3.14159265358979,0.20943951023932,1.22173047639603,0.024784234432895548,0.03396830714691755,0.0141030215255099
1.0471975511966,3.14159265358979,0.226892802759263,1.22173047639603,0.0247149137970313,0.0338813984454256,0.013979435519025099
1.0471975511966,3.14159265358979,0.244346095279206,1.22173047639603,0.02467866893598225,0.03362244045397955,0.0140110472073984
1.0471975511966,3.14159265358979,0.261799387799149,1.22173047639603,0.0246347261379995,0.0332450335746454,0.01396064328825215
1.0471975511966,3.14159265358979,0.279252680319093,1.22173047639603,0.02439365376004925,0.0326125425304057,0.013911992469975
1.0471975511966,3.14159265358979,0.296705972839036,1.22173047639603,0.024040136097986747,0.0319739037238816,0.013654328262852001
1.0471975511966,3.14159265358979,0.314159265358979,1.22173047639603,0.0236993292810009,0.03130488900842285,0.0136952812235962
1.0471975511966,3.14159265358979,0.331612557878923,1.22173047639603,0.02354846282526405,0.0307228694019085,0.0135188963713047
1.0471975511966,3.14159265358979,0.349065850398866,1.22173047639603,0.023525846698333547,0.030435211015871003,0.01338940862587605
1.0471975511966,3.14159265358979,0.366519142918809,1.22173047639603,0.02373641174856505,0.03035034598693715,0.01330518668658655
1.0471975511966,3.14159265358979,0.383972435438752,1.22173047639603,0.0240698427765812,0.03053773043501915,0.01356204003413835
1.0471975511966,3.14159265358979,0.401425727958696,1.22173047639603,0.02436071992246885,0.0308891277034741,0.013858799208262301
1.0471975511966,3.14159265358979,0.418879020478639,1.22173047639603,0.02443087445596205,0.03112616426962815,0.0137609454370082
1.0471975511966,3.14159265358979,0.436332312998582,1.22173047639603,0.02426760738492665,0.03122237500826985,0.01343305424371435
1.0471975511966,3.14159265358979,0.453785605518526,1.22173047639603,0.0240975242907987,0.03113232879641645,0.01311834699171165
1.0471975511966,3.14159265358979,0.471238898038469,1.22173047639603,0.02406152281165535,0.03087417114398075,0.0130546726261193
1.0471975511966,3.14159265358979,0.488692190558412,1.22173047639603,0.0240315241115168,0.030822840061679298,0.013223574091760601
1.0471975511966,3.14159265358979,0.506145483078356,1.22173047639603,0.02387232598280985,0.03065625312320995,0.01323151495494165
1.0471975511966,3.14159265358979,0.523598775598299,1.22173047639603,0.02359730736843695,0.030569753064081197,0.01337958083661785
1.0471975511966,3.14159265358979,0.541052068118242,1.22173047639603,0.0235701871711461,0.0305024424123798,0.0135255326073896
1.0471975511966,3.14159265358979,0.558505360638185,1.22173047639603,0.023851557551116898,0.03060564062947415,0.0136015078007968
1.0471975511966,3.14159265358979,0.575958653158129,1.22173047639603,0.0239987108904494,0.0304919804274675,0.0133655581898655
1.0471975511966,3.14159265358979,0.593411945678072,1.22173047639603,0.0240209583374718,0.030489115613011653,0.01313636424446285
1.0471975511966,3.14159265358979,0.610865238198015,1.22173047639603,0.0239333702632968,0.030733058719145646,0.0130611309044984
1.0471975511966,3.14159265358979,0.628318530717959,1.22173047639603,0.02423321244961335,0.031008147721416003,0.012913865755835599
1.0471975511966,3.14159265358979,0.645771823237902,1.22173047639603,0.024485715349745148,0.031053871184067702,0.012928455110831651
1.0471975511966,3.14159265358979,0.663225115757845,1.22173047639603,0.0243907446999519,0.03094468982063115,0.0130620680159322
1.0471975511966,3.14159265358979,0.680678408277788,1.22173047639603,0.0243132402384873,0.0308116548469032,0.0127258068509569
1.0471975511966,3.14159265358979,0.698131700797732,1.22173047639603,0.024334787518448447,0.0306325873437698,0.0126232093753912
1.0471975511966,3.14159265358979,0.715584993317675,1.22173047639603,0.024384082467512502,0.03044394716212,0.0128341376995641
1.0471975511966,3.14159265358979,0.733038285837618,1.22173047639603,0.024347280715871597,0.03036688707344235,0.01285941496902735
1.0471975511966,3.14159265358979,0.750491578357562,1.22173047639603,0.02433303857615345,0.0302835330123318,0.012536813215184048
1.0471975511966,3.14159265358979,0.767944870877505,1.22173047639603,0.02426933822598175,0.0302997272495947,0.0124636875418813
1.0471975511966,3.14159265358979,0.785398163397448,1.22173047639603,0.02422708309460805,0.030381844386994553,0.0125935685797602
1.0471975511966,3.14159265358979,0.802851455917391,1.22173047639603,0.02424122050401665,0.0303526738823362,0.01216880912669975
1.0471975511966,3.14159265358979,0.820304748437335,1.22173047639603,0.02416836870897,0.0300711309305998,0.01180422372325665
1.0471975511966,3.14159265358979,0.837758040957278,1.22173047639603,0.02434860065374765,0.0301218367279983,0.01176357047319105
1.0471975511966,3.14159265358979,0.855211333477221,1.22173047639603,0.024561016051744898,0.0302754662678109,0.0122293353545674
1.0471975511966,3.14159265358979,0.872664625997165,1.22173047639603,0.02464240927957415,0.030543899804213598,0.01289394338639925
1.0471975511966,3.14159265358979,0.890117918517108,1.22173047639603,0.02465361269130125,0.030863997403743897,0.012917213785833
1.0471975511966,3.14159265358979,0.907571211037051,1.22173047639603,0.02431837190908185,0.0306933469254904,0.011882693196358499
1.0471975511966,3.14159265358979,0.925024503556995,1.22173047639603,0.024265661454751453,0.030761915854243448,0.0118931488831955
1.0471975511966,3.14159265358979,0.942477796076938,1.22173047639603,0.0242909448922178,0.0308291934343192,0.01229386727747485
1.0471975511966,3.14159265358979,0.959931088596881,1.22173047639603,0.02428167579060805,0.03062855413247865,0.01309893760094385
1.0471975511966,3.14159265358979,0.977384381116825,1.22173047639603,0.02425653932457275,0.03041652377290935,0.0136266307411221
1.0471975511966,3.14159265358979,0.994837673636768,1.22173047639603,0.02419161668338545,0.03007452038616605,0.01292957012963695
1.0471975511966,3.14159265358979,1.01229096615671,1.22173047639603,0.024082551022427498,0.0294483677617533,0.011853927700591349
1.0471975511966,3.14159265358979,1.02974425867665,1.22173047639603,0.024045898261114453,0.02901555218973135,0.010824619361144325
1.0471975511966,3.14159265358979,1.0471975511966,1.22173047639603,0.02420406794102605,0.0285800750323876,0.01030790487641095
1.0471975511966,3.14159265358979,1.06465084371654,1.22173047639603,0.024270199591367052,0.028121639345233346,0.01021151583631914
1.0471975511966,3.14159265358979,1.08210413623648,1.22173047639603,0.02428966345083165,0.027760956431317346,0.0105492503260815
1.0471975511966,3.14159265358979,1.09955742875643,1.22173047639603,0.02437358147872675,0.027808999787633397,0.01030149872835356
1.0471975511966,3.14159265358979,1.11701072127637,1.22173047639603,0.02430318517294985,0.028154046867930698,0.00994096844477197
1.0471975511966,3.14159265358979,1.13446401379631,1.22173047639603,0.024058264411063852,0.028504520648627,0.00952171580886814
1.0471975511966,3.14159265358979,1.15191730631626,1.22173047639603,0.0239086474601046,0.02900842052541825,0.009899994242275806
1.0471975511966,3.14159265358979,1.1693705988362,1.22173047639603,0.023834802488479,0.0295523797085138,0.010941609064532301
1.0471975511966,3.14159265358979,1.18682389135614,1.22173047639603,0.024007724590245152,0.0302363232433601,0.0115795253496743
1.0471975511966,3.14159265358979,1.20427718387609,1.22173047639603,0.023892379246398948,0.0307322561061588,0.012036193792646099
1.0471975511966,3.14159265358979,1.22173047639603,1.22173047639603,0.0237134187537953,0.031025200184764852,0.01243910402583575
1.0471975511966,3.14159265358979,1.23918376891597,1.22173047639603,0.0234788609787988,0.031218852572821948,0.01257048910668435
1.0471975511966,3.14159265358979,1.25663706143592,1.22173047639603,0.02333592472625835,0.03140272143814825,0.012607462983094599
1.0471975511966,3.14159265358979,1.27409035395586,1.22173047639603,0.023172102629857298,0.03159394057152265,0.012767407992907
1.0471975511966,3.14159265358979,1.2915436464758,1.22173047639603,0.0230139614126961,0.03161157570447055,0.0125945337426141
1.0471975511966,3.14159265358979,1.30899693899575,1.22173047639603,0.022607265748973898,0.031201532977730248,0.0123423357528097
1.0471975511966,3.14159265358979,1.32645023151569,1.22173047639603,0.0214266253751699,0.029557268281821952,0.011626442410334
1.0471975511966,3.14159265358979,1.34390352403563,1.22173047639603,0.019915302897256952,0.0274719054049999,0.01092663490138299
1.0471975511966,3.14159265358979,1.36135681655558,1.22173047639603,0.018385487708526202,0.0253689403141387,0.01010626208051391
1.0471975511966,3.14159265358979,1.37881010907552,1.22173047639603,0.01683652122709375,0.023224902700610547,0.009143717556323639
1.0471975511966,3.14159265358979,1.39626340159546,1.22173047639603,0.0153174735943348,0.0211294879238154,0.008394932706893714
1.0471975511966,3.14159265358979,1.41371669411541,1.22173047639603,0.013771299680295251,0.01899852030827385,0.007465836843383811
1.0471975511966,3.14159265358979,1.43116998663535,1.22173047639603,0.0122455469823929,0.01689194877918005,0.006655855080529009
1.0471975511966,3.14159265358979,1.44862327915529,1.22173047639603,0.010724440128531049,0.01479369102047945,0.005892922890558085
1.0471975511966,3.14159265358979,1.46607657167524,1.22173047639603,0.0091831180850801,0.012667524325126502,0.004993061707396315
1.0471975511966,3.14159265358979,1.48352986419518,1.22173047639603,0.007653640892214035,0.010557708642273345,0.00416320695642689
1.0471975511966,3.14159265358979,1.50098315671512,1.22173047639603,0.00612761793034536,0.00845266409767779,0.0033688896643547152
1.0471975511966,3.14159265358979,1.51843644923507,1.22173047639603,0.004593218823321905,0.006336054336432225,0.002511508113282715
1.0471975511966,3.14159265358979,1.53588974175501,1.22173047639603,0.003060969240063615,0.00422241166731449,0.00166586336557963
1.0471975511966,3.14159265358979,1.55334303427495,1.22173047639603,0.0015295162822318849,0.00210987080588004,0.0008363506636528155
1.0471975511966,3.14159265358979,1.5707963267949,1.22173047639603,0.0009687414060412065,0.0013363166632204201,0.000525782216373111
1.0471975511966,3.14159265358979,0.0174532925199433,1.39626340159546,0.02393136193112975,0.0332411681240965,0.01408677068812275
1.0471975511966,3.14159265358979,0.0349065850398866,1.39626340159546,0.0239436520549691,0.033240853680849,0.0140496582737101
1.0471975511966,3.14159265358979,0.0523598775598299,1.39626340159546,0.02390546129202795,0.03293835873743535,0.01420605486954385
1.0471975511966,3.14159265358979,0.0698131700797732,1.39626340159546,0.02387436154651,0.03270037163084435,0.01415777083873155
1.0471975511966,3.14159265358979,0.0872664625997165,1.39626340159546,0.023973715982872103,0.03253503823662905,0.0140724480180822
1.0471975511966,3.14159265358979,0.10471975511966,1.39626340159546,0.024145502543934598,0.03250948365332575,0.01411151262393585
1.0471975511966,3.14159265358979,0.122173047639603,1.39626340159546,0.0242341961700221,0.03288734370391575,0.01411089785290355
1.0471975511966,3.14159265358979,0.139626340159546,1.39626340159546,0.02414371865859055,0.03324682281523005,0.0141126070455315
1.0471975511966,3.14159265358979,0.15707963267949,1.39626340159546,0.024296430083138948,0.0335404098220502,0.014093223827259499
1.0471975511966,3.14159265358979,0.174532925199433,1.39626340159546,0.024521160822503302,0.03390945890258185,0.0140705643187083
1.0471975511966,3.14159265358979,0.191986217719376,1.39626340159546,0.0248055498929916,0.0341594776701672,0.01406879107109895
1.0471975511966,3.14159265358979,0.20943951023932,1.39626340159546,0.0246270393104894,0.034088780782531844,0.0139033491741998
1.0471975511966,3.14159265358979,0.226892802759263,1.39626340159546,0.024521992826003952,0.033812858481404945,0.013854694149674
1.0471975511966,3.14159265358979,0.244346095279206,1.39626340159546,0.024493698009514397,0.033486910514977306,0.013699342552804
1.0471975511966,3.14159265358979,0.261799387799149,1.39626340159546,0.02436452428941195,0.0329974889598219,0.01386959080195955
1.0471975511966,3.14159265358979,0.279252680319093,1.39626340159546,0.0243059094340672,0.03255288471663275,0.013865212387187149
1.0471975511966,3.14159265358979,0.296705972839036,1.39626340159546,0.024152481056865897,0.03208492263105165,0.01384972143208395
1.0471975511966,3.14159265358979,0.314159265358979,1.39626340159546,0.0239702869895187,0.0317145508930044,0.01371153470828995
1.0471975511966,3.14159265358979,0.331612557878923,1.39626340159546,0.023756111825313647,0.03131118743648095,0.0133629070196325
1.0471975511966,3.14159265358979,0.349065850398866,1.39626340159546,0.0236867381627808,0.030832409879235648,0.0132822080466885
1.0471975511966,3.14159265358979,0.366519142918809,1.39626340159546,0.02370378717340995,0.03044552074024235,0.0134574537409125
1.0471975511966,3.14159265358979,0.383972435438752,1.39626340159546,0.02390101108982125,0.0305660309673476,0.013627935978664449
1.0471975511966,3.14159265358979,0.401425727958696,1.39626340159546,0.0241242746766858,0.0308850369950948,0.0137664571538393
1.0471975511966,3.14159265358979,0.418879020478639,1.39626340159546,0.024133240044072052,0.03130452816035125,0.0137217738377085
1.0471975511966,3.14159265358979,0.436332312998582,1.39626340159546,0.02406088070161455,0.031420227231500855,0.01352820953213895
1.0471975511966,3.14159265358979,0.453785605518526,1.39626340159546,0.0239481643872253,0.03130939111450365,0.01352209753166445
1.0471975511966,3.14159265358979,0.471238898038469,1.39626340159546,0.023737238220457903,0.03098363668813535,0.013653648910093099
1.0471975511966,3.14159265358979,0.488692190558412,1.39626340159546,0.02365989748447965,0.03067561463458205,0.013562423766263251
1.0471975511966,3.14159265358979,0.506145483078356,1.39626340159546,0.02371733703226685,0.0306593739965804,0.01319454607718655
1.0471975511966,3.14159265358979,0.523598775598299,1.39626340159546,0.0238014866775526,0.030969675656755097,0.013331025418150299
1.0471975511966,3.14159265358979,0.541052068118242,1.39626340159546,0.0237696382167317,0.0311700120072334,0.01342891328751495
1.0471975511966,3.14159265358979,0.558505360638185,1.39626340159546,0.023724331600969,0.03103473544804345,0.0131970885847735
1.0471975511966,3.14159265358979,0.575958653158129,1.39626340159546,0.02385191761545765,0.03097433276942635,0.0132208369351612
1.0471975511966,3.14159265358979,0.593411945678072,1.39626340159546,0.0240503849640704,0.0311842889842215,0.0131929096279589
1.0471975511966,3.14159265358979,0.610865238198015,1.39626340159546,0.024323414022829,0.0314835286317741,0.012916416084378851
1.0471975511966,3.14159265358979,0.628318530717959,1.39626340159546,0.024511178451696848,0.031630948215296495,0.01272760782851885
1.0471975511966,3.14159265358979,0.645771823237902,1.39626340159546,0.02455833424150465,0.03166605801460415,0.012784778808046349
1.0471975511966,3.14159265358979,0.663225115757845,1.39626340159546,0.0245666700006512,0.0314849005945141,0.0129223838583694
1.0471975511966,3.14159265358979,0.680678408277788,1.39626340159546,0.02450576336882805,0.03108407648476565,0.013119146296987901
1.0471975511966,3.14159265358979,0.698131700797732,1.39626340159546,0.024331380340726953,0.030856210180767847,0.0131488769913682
1.0471975511966,3.14159265358979,0.715584993317675,1.39626340159546,0.0241728156796077,0.030993645602718903,0.0128848797082883
1.0471975511966,3.14159265358979,0.733038285837618,1.39626340159546,0.024108174124491552,0.031173663252363402,0.01297014684560935
1.0471975511966,3.14159265358979,0.750491578357562,1.39626340159546,0.024041971749007053,0.0310494204867936,0.013013920204851901
1.0471975511966,3.14159265358979,0.767944870877505,1.39626340159546,0.0238956623716918,0.03060651582959375,0.01269560713102625
1.0471975511966,3.14159265358979,0.785398163397448,1.39626340159546,0.02374633250782825,0.03022213559803785,0.012170176817717801
1.0471975511966,3.14159265358979,0.802851455917391,1.39626340159546,0.023792417495804102,0.029928828055942602,0.01179483073699085
1.0471975511966,3.14159265358979,0.820304748437335,1.39626340159546,0.02401429466009275,0.0301097338975339,0.012099325280323751
1.0471975511966,3.14159265358979,0.837758040957278,1.39626340159546,0.0240821557713043,0.0304605900502481,0.01200203417811685
1.0471975511966,3.14159265358979,0.855211333477221,1.39626340159546,0.0241658972042511,0.0307083759926867,0.01199612443781765
1.0471975511966,3.14159265358979,0.872664625997165,1.39626340159546,0.0241038562914614,0.03057017179551225,0.0123123296492444
1.0471975511966,3.14159265358979,0.890117918517108,1.39626340159546,0.0239206577462482,0.03040148444170895,0.01283592264035665
1.0471975511966,3.14159265358979,0.907571211037051,1.39626340159546,0.023714010380153652,0.0303661454634857,0.0134562605130336
1.0471975511966,3.14159265358979,0.925024503556995,1.39626340159546,0.02361814007821375,0.0299053344428433,0.013633607999178
1.0471975511966,3.14159265358979,0.942477796076938,1.39626340159546,0.02347055912937245,0.0297730581668421,0.01301224729934045
1.0471975511966,3.14159265358979,0.959931088596881,1.39626340159546,0.02334782077262365,0.029927056700546698,0.01245391447767345
1.0471975511966,3.14159265358979,0.977384381116825,1.39626340159546,0.023254307269771,0.0298547455725783,0.012518056709327801
1.0471975511966,3.14159265358979,0.994837673636768,1.39626340159546,0.02317493579049535,0.0293770777579033,0.012808116347245449
1.0471975511966,3.14159265358979,1.01229096615671,1.39626340159546,0.02307453025213515,0.028548905261663697,0.0123031151765148
1.0471975511966,3.14159265358979,1.02974425867665,1.39626340159546,0.022947381723889,0.02808765345203225,0.01179352215251405
1.0471975511966,3.14159265358979,1.0471975511966,1.39626340159546,0.0227778311484797,0.02740544793497545,0.012154880171527549
1.0471975511966,3.14159265358979,1.06465084371654,1.39626340159546,0.0225550307074599,0.027122331909979598,0.01156772312365665
1.0471975511966,3.14159265358979,1.08210413623648,1.39626340159546,0.0224262781291373,0.0268260459321845,0.01065023078610226
1.0471975511966,3.14159265358979,1.09955742875643,1.39626340159546,0.022538545058363398,0.027094889147805598,0.00888258468113585
1.0471975511966,3.14159265358979,1.11701072127637,1.39626340159546,0.02258721536581015,0.02681761718748845,0.00871806688338804
1.0471975511966,3.14159265358979,1.13446401379631,1.39626340159546,0.02275592666536365,0.0270057059933819,0.00967460898628718
1.0471975511966,3.14159265358979,1.15191730631626,1.39626340159546,0.0228468776937471,0.027583086540735297,0.01085617253915215
1.0471975511966,3.14159265358979,1.1693705988362,1.39626340159546,0.0229118200508411,0.0280793917000926,0.0108577953463566
1.0471975511966,3.14159265358979,1.18682389135614,1.39626340159546,0.023010961253876153,0.02890045208774105,0.011193426383020951
1.0471975511966,3.14159265358979,1.20427718387609,1.39626340159546,0.02307770161840945,0.0294379943678685,0.0113254819309801
1.0471975511966,3.14159265358979,1.22173047639603,1.39626340159546,0.0230226144947522,0.0296643163113346,0.0112564941190545
1.0471975511966,3.14159265358979,1.23918376891597,1.39626340159546,0.0229341569700008,0.0298171039281074,0.01086043735118505
1.0471975511966,3.14159265358979,1.25663706143592,1.39626340159546,0.0229997118642095,0.02991141243122205,0.0107213499601383
1.0471975511966,3.14159265358979,1.27409035395586,1.39626340159546,0.02312216371975705,0.029974471364933454,0.011023547747397701
1.0471975511966,3.14159265358979,1.2915436464758,1.39626340159546,0.023080548056966903,0.029995165721096104,0.01135614834307235
1.0471975511966,3.14159265358979,1.30899693899575,1.39626340159546,0.02318015956499985,0.0297479582958391,0.01185453297314255
1.0471975511966,3.14159265358979,1.32645023151569,1.39626340159546,0.02173471050032665,0.027950113607527,0.0110211604781528
1.0471975511966,3.14159265358979,1.34390352403563,1.39626340159546,0.020096464569235452,0.02594112302678355,0.010085400194255151
1.0471975511966,3.14159265358979,1.36135681655558,1.39626340159546,0.018498792862795002,0.023950527740263447,0.00922230430184051
1.0471975511966,3.14159265358979,1.37881010907552,1.39626340159546,0.016934191589220653,0.02197392559015015,0.00841814355572959
1.0471975511966,3.14159265358979,1.39626340159546,1.39626340159546,0.015389569243884751,0.02000367386407515,0.00764799921789423
1.0471975511966,3.14159265358979,1.41371669411541,1.39626340159546,0.01398165940484835,0.0179894224410966,0.007105169025920865
1.0471975511966,3.14159265358979,1.43116998663535,1.39626340159546,0.012409226423002101,0.01597015603029855,0.006280530259529395
1.0471975511966,3.14159265358979,1.44862327915529,1.39626340159546,0.01081639649366615,0.013969440127492749,0.00542415896760219
1.0471975511966,3.14159265358979,1.46607657167524,1.39626340159546,0.00924813041490833,0.01197773526316335,0.004611040170312795
1.0471975511966,3.14159265358979,1.48352986419518,1.39626340159546,0.00769799038953201,0.009991265196805904,0.00382936445142031
1.0471975511966,3.14159265358979,1.50098315671512,1.39626340159546,0.00615849780542579,0.008005651477632046,0.003065201526261205
1.0471975511966,3.14159265358979,1.51843644923507,1.39626340159546,0.00464858981110479,0.005996987503015575,0.0023490213679162398
1.0471975511966,3.14159265358979,1.53588974175501,1.39626340159546,0.00309969392455638,0.0039910156254659955,0.001567340689636935
1.0471975511966,3.14159265358979,1.55334303427495,1.39626340159546,0.0015436871608638702,0.0019935381197087997,0.0007745618502806859
1.0471975511966,3.14159265358979,1.5707963267949,1.39626340159546,0.000994294916572565,0.00128515687676912,0.0004972820739681425
1.0471975511966,3.14159265358979,0.0174532925199433,1.5707963267949,0.02388599146344025,0.033209534982028,0.01409350176326685
1.0471975511966,3.14159265358979,0.0349065850398866,1.5707963267949,0.023915821949334802,0.033328875914650294,0.01406495643792545
1.0471975511966,3.14159265358979,0.0523598775598299,1.5707963267949,0.0238630977360939,0.032964828703861346,0.0141959548835443
1.0471975511966,3.14159265358979,0.0698131700797732,1.5707963267949,0.023839461345742552,0.03278840765635685,0.01413294579769225
1.0471975511966,3.14159265358979,0.0872664625997165,1.5707963267949,0.023913946249835,0.032732370927208,0.0139627570427741
1.0471975511966,3.14159265358979,0.10471975511966,1.5707963267949,0.02399271969117895,0.0325356746604734,0.0138827274521369
1.0471975511966,3.14159265358979,0.122173047639603,1.5707963267949,0.024098786544429297,0.0329124476882553,0.01410380959223215
1.0471975511966,3.14159265358979,0.139626340159546,1.5707963267949,0.02402637408891125,0.033208991137436,0.014136286684080901
1.0471975511966,3.14159265358979,0.15707963267949,1.5707963267949,0.02433131253751615,0.03336250268655485,0.01400748754954045
1.0471975511966,3.14159265358979,0.174532925199433,1.5707963267949,0.02463536458533925,0.033695860888772494,0.0139912654256482
1.0471975511966,3.14159265358979,0.191986217719376,1.5707963267949,0.0246531095460267,0.034057388829442245,0.014064520580559351
1.0471975511966,3.14159265358979,0.20943951023932,1.5707963267949,0.024439110409923498,0.034072555644776806,0.013762618605538401
1.0471975511966,3.14159265358979,0.226892802759263,1.5707963267949,0.024348782525677952,0.0337731877678111,0.013742266539068699
1.0471975511966,3.14159265358979,0.244346095279206,1.5707963267949,0.02423469365857185,0.03327166860352475,0.0137611366854202
1.0471975511966,3.14159265358979,0.261799387799149,1.5707963267949,0.0241198637474216,0.03289289648367965,0.01401357463222725
1.0471975511966,3.14159265358979,0.279252680319093,1.5707963267949,0.0242090511261492,0.032461472904869546,0.013760208472708101
1.0471975511966,3.14159265358979,0.296705972839036,1.5707963267949,0.024194110196643248,0.032063116950548504,0.01363908851620865
1.0471975511966,3.14159265358979,0.314159265358979,1.5707963267949,0.0240325854835593,0.03174206463811885,0.0134299400402912
1.0471975511966,3.14159265358979,0.331612557878923,1.5707963267949,0.02393570224435355,0.03142389467260375,0.013279078945235199
1.0471975511966,3.14159265358979,0.349065850398866,1.5707963267949,0.0237067832642954,0.0310726823369281,0.01333241259991795
1.0471975511966,3.14159265358979,0.366519142918809,1.5707963267949,0.023718163307018952,0.0308133149703869,0.0136977896588527
1.0471975511966,3.14159265358979,0.383972435438752,1.5707963267949,0.0238288772642234,0.030852459341146,0.01421816158737705
1.0471975511966,3.14159265358979,0.401425727958696,1.5707963267949,0.0240061357154409,0.0309539463683658,0.01416724798335135
1.0471975511966,3.14159265358979,0.418879020478639,1.5707963267949,0.023963844016570847,0.0312407916061792,0.01378579187529985
1.0471975511966,3.14159265358979,0.436332312998582,1.5707963267949,0.02401401552067125,0.03120945213950795,0.0136288825769998
1.0471975511966,3.14159265358979,0.453785605518526,1.5707963267949,0.02391270120669845,0.031318207187456745,0.0136173972309078
1.0471975511966,3.14159265358979,0.471238898038469,1.5707963267949,0.02383033994562285,0.031223637726766,0.0136455802509235
1.0471975511966,3.14159265358979,0.488692190558412,1.5707963267949,0.0237291352850738,0.0312938841247968,0.013714898620842748
1.0471975511966,3.14159265358979,0.506145483078356,1.5707963267949,0.0237327675821129,0.031258619481609747,0.01333388848113705
1.0471975511966,3.14159265358979,0.523598775598299,1.5707963267949,0.023632752400744,0.0312100689300473,0.01324937676121915
1.0471975511966,3.14159265358979,0.541052068118242,1.5707963267949,0.0237538569951445,0.0314066982051115,0.0131665880060055
1.0471975511966,3.14159265358979,0.558505360638185,1.5707963267949,0.02357253185494635,0.03139547354890405,0.013278217706002751
1.0471975511966,3.14159265358979,0.575958653158129,1.5707963267949,0.02353361228386255,0.0312104387749895,0.01346670639026045
1.0471975511966,3.14159265358979,0.593411945678072,1.5707963267949,0.023891452112504548,0.0314045902074717,0.01341038084691615
1.0471975511966,3.14159265358979,0.610865238198015,1.5707963267949,0.02413576087947715,0.03158576185965495,0.01299997103284425
1.0471975511966,3.14159265358979,0.628318530717959,1.5707963267949,0.0241563760630494,0.03170506158803285,0.01297234669018885
1.0471975511966,3.14159265358979,0.645771823237902,1.5707963267949,0.02426285667607355,0.0321570394969441,0.0134938469273018
1.0471975511966,3.14159265358979,0.663225115757845,1.5707963267949,0.02435862922282515,0.03210853960372715,0.0137899309758582
1.0471975511966,3.14159265358979,0.680678408277788,1.5707963267949,0.02420890362635665,0.031827913625832246,0.0134786566309105
1.0471975511966,3.14159265358979,0.698131700797732,1.5707963267949,0.0239931658324229,0.03152619836049795,0.013190441812684549
1.0471975511966,3.14159265358979,0.715584993317675,1.5707963267949,0.0237842513024565,0.03142641676269925,0.013040251169804649
1.0471975511966,3.14159265358979,0.733038285837618,1.5707963267949,0.0236019519850546,0.03101088029251835,0.01323111404879555
1.0471975511966,3.14159265358979,0.750491578357562,1.5707963267949,0.02355088067662655,0.0308775965359541,0.01272895759019715
1.0471975511966,3.14159265358979,0.767944870877505,1.5707963267949,0.02363548612195795,0.030699635862171497,0.012202541644819351
1.0471975511966,3.14159265358979,0.785398163397448,1.5707963267949,0.023597130685960248,0.03046929409620685,0.01225321045951605
1.0471975511966,3.14159265358979,0.802851455917391,1.5707963267949,0.0237536745161657,0.0307478753628544,0.012387116920643551
1.0471975511966,3.14159265358979,0.820304748437335,1.5707963267949,0.02379131484801585,0.03066395065267205,0.0125491244930051
1.0471975511966,3.14159265358979,0.837758040957278,1.5707963267949,0.0237902864320986,0.03060039804079255,0.0126043990302403
1.0471975511966,3.14159265358979,0.855211333477221,1.5707963267949,0.02378341780764065,0.030696964957059647,0.012508309131854
1.0471975511966,3.14159265358979,0.872664625997165,1.5707963267949,0.0236709904644721,0.03059545194121365,0.012216654389451999
1.0471975511966,3.14159265358979,0.890117918517108,1.5707963267949,0.02366646167361535,0.03038960189853655,0.01216024100854455
1.0471975511966,3.14159265358979,0.907571211037051,1.5707963267949,0.02332230645342465,0.0302696473428179,0.0130260216974314
1.0471975511966,3.14159265358979,0.925024503556995,1.5707963267949,0.0229872607436379,0.02960565183403005,0.0135327206019551
1.0471975511966,3.14159265358979,0.942477796076938,1.5707963267949,0.02272061344571555,0.02869805395064725,0.013958892053946799
1.0471975511966,3.14159265358979,0.959931088596881,1.5707963267949,0.0226695753141207,0.028283004268608,0.0136776308446818
1.0471975511966,3.14159265358979,0.977384381116825,1.5707963267949,0.02274119915381655,0.02883403641465765,0.0133053456257855
1.0471975511966,3.14159265358979,0.994837673636768,1.5707963267949,0.022712373798988453,0.0291114557202974,0.0120635578987926
1.0471975511966,3.14159265358979,1.01229096615671,1.5707963267949,0.022597376047621798,0.0289908151516622,0.010975664744762251
1.0471975511966,3.14159265358979,1.02974425867665,1.5707963267949,0.02223875972741455,0.02836744787082655,0.011485876418402399
1.0471975511966,3.14159265358979,1.0471975511966,1.5707963267949,0.02218971709366455,0.02842396363920065,0.0121268971010958
1.0471975511966,3.14159265358979,1.06465084371654,1.5707963267949,0.02200427996287765,0.028079504758691448,0.011985962791540999
1.0471975511966,3.14159265358979,1.08210413623648,1.5707963267949,0.0220098275530777,0.02750978068696995,0.01122700375461285
1.0471975511966,3.14159265358979,1.09955742875643,1.5707963267949,0.0218128934948445,0.02704039120989495,0.011164844533956601
1.0471975511966,3.14159265358979,1.11701072127637,1.5707963267949,0.0219012330611461,0.02669459033395475,0.011132042008961649
1.0471975511966,3.14159265358979,1.13446401379631,1.5707963267949,0.021773320649469498,0.02654556550059595,0.01145438007087625
1.0471975511966,3.14159265358979,1.15191730631626,1.5707963267949,0.0216799117996126,0.02655722185224705,0.01167441178261015
1.0471975511966,3.14159265358979,1.1693705988362,1.5707963267949,0.0216701913293132,0.026879938796831898,0.01198415019884565
1.0471975511966,3.14159265358979,1.18682389135614,1.5707963267949,0.02158458682086635,0.02727132938162735,0.0116090854954334
1.0471975511966,3.14159265358979,1.20427718387609,1.5707963267949,0.021383825219785997,0.02727982220913125,0.01167175925211695
1.0471975511966,3.14159265358979,1.22173047639603,1.5707963267949,0.0211801651923162,0.02744822081580785,0.01178173360600895
1.0471975511966,3.14159265358979,1.23918376891597,1.5707963267949,0.0210215837626216,0.0277232549173083,0.01189882232201855
1.0471975511966,3.14159265358979,1.25663706143592,1.5707963267949,0.02110681248011325,0.0277790613938603,0.011570726796958999
1.0471975511966,3.14159265358979,1.27409035395586,1.5707963267949,0.0212199064755854,0.02773327442624925,0.0111479507544117
1.0471975511966,3.14159265358979,1.2915436464758,1.5707963267949,0.021341146506023,0.02776802998525975,0.01080517023418
1.0471975511966,3.14159265358979,1.30899693899575,1.5707963267949,0.021339763033022353,0.027643781983641202,0.010570073058295736
1.0471975511966,3.14159265358979,1.32645023151569,1.5707963267949,0.019917112164154198,0.0258008631847318,0.009865401521076015
1.0471975511966,3.14159265358979,1.34390352403563,1.5707963267949,0.01849446129528605,0.0239579443858224,0.009160729983856284
1.0471975511966,3.14159265358979,1.36135681655558,1.5707963267949,0.0170718104264179,0.022115025586913,0.008456058446636576
1.0471975511966,3.14159265358979,1.37881010907552,1.5707963267949,0.015649159557549752,0.020272106788003598,0.00775138690941686
1.0471975511966,3.14159265358979,1.39626340159546,1.5707963267949,0.01422650868868155,0.01842918798909415,0.007046715372197145
1.0471975511966,3.14159265358979,1.41371669411541,1.5707963267949,0.0128038578198134,0.016586269190184702,0.0063420438349774295
1.0471975511966,3.14159265358979,1.43116998663535,1.5707963267949,0.01138120695094525,0.0147433503912753,0.00563737229775772
1.0471975511966,3.14159265358979,1.44862327915529,1.5707963267949,0.009958556082077106,0.0129004315923659,0.004932700760538005
1.0471975511966,3.14159265358979,1.46607657167524,1.5707963267949,0.008535905213208945,0.0110575127934565,0.00422802922331829
1.0471975511966,3.14159265358979,1.48352986419518,1.5707963267949,0.00711325434434079,0.009214593994547084,0.00352335768609857
1.0471975511966,3.14159265358979,1.50098315671512,1.5707963267949,0.00569060347547263,0.007371675195637655,0.002818686148878855
1.0471975511966,3.14159265358979,1.51843644923507,1.5707963267949,0.004267952606604475,0.005528756396728245,0.002114014611659145
1.0471975511966,3.14159265358979,1.53588974175501,1.5707963267949,0.002845301737736315,0.00368583759781883,0.0014093430744394298
1.0471975511966,3.14159265358979,1.55334303427495,1.5707963267949,0.001422650868868195,0.0018429187989094098,0.0007046715372197034
1.0471975511966,3.14159265358979,1.5707963267949,1.5707963267949,0.0,0.0,0.0
1.0471975511966,3.14159265358979,0.0174532925199433,1.74532925199433,0.02390913934803485,0.03325160080314985,0.0140439498950515
1.0471975511966,3.14159265358979,0.0349065850398866,1.74532925199433,0.023899305965159698,0.033299625064993704,0.0139780004286097
1.0471975511966,3.14159265358979,0.0523598775598299,1.74532925199433,0.023891799622155048,0.03304531379915025,0.0140551598014043
1.0471975511966,3.14159265358979,0.0698131700797732,1.74532925199433,0.023975766348069,0.03299575924631465,0.01405549538220725
1.0471975511966,3.14159265358979,0.0872664625997165,1.74532925199433,0.02402463320868875,0.033074113976310646,0.01395869296110715
1.0471975511966,3.14159265358979,0.10471975511966,1.74532925199433,0.02404926414448235,0.0329366432905538,0.013825469275212051
1.0471975511966,3.14159265358979,0.122173047639603,1.74532925199433,0.0240718315156513,0.03311501195145895,0.0138841047805424
1.0471975511966,3.14159265358979,0.139626340159546,1.74532925199433,0.0240453468125454,0.033296445513717604,0.01387280911912945
1.0471975511966,3.14159265358979,0.15707963267949,1.74532925199433,0.02424813086416265,0.0333664707420956,0.0138583326564671
1.0471975511966,3.14159265358979,0.174532925199433,1.74532925199433,0.0245587022084083,0.033768121805630005,0.01393137367920085
1.0471975511966,3.14159265358979,0.191986217719376,1.74532925199433,0.024597697073199302,0.03413783324174165,0.01392326756429035
1.0471975511966,3.14159265358979,0.20943951023932,1.74532925199433,0.02444340505005265,0.0340939006009994,0.0137607354047754
1.0471975511966,3.14159265358979,0.226892802759263,1.74532925199433,0.024342086632186198,0.03372355404297005,0.0137942521243395
1.0471975511966,3.14159265358979,0.244346095279206,1.74532925199433,0.02432009456163465,0.0333777908745373,0.0137181098156871
1.0471975511966,3.14159265358979,0.261799387799149,1.74532925199433,0.0242118292039671,0.03301982492262615,0.0136707563617843
1.0471975511966,3.14159265358979,0.279252680319093,1.74532925199433,0.024318280216381848,0.0327617174364015,0.013720998155762151
1.0471975511966,3.14159265358979,0.296705972839036,1.74532925199433,0.02426989958553065,0.03253764403640285,0.013798558458111551
1.0471975511966,3.14159265358979,0.314159265358979,1.74532925199433,0.02413635607662,0.032125127442801896,0.01374308389800875
1.0471975511966,3.14159265358979,0.331612557878923,1.74532925199433,0.024090616010095302,0.0319638837213366,0.01370939130851605
1.0471975511966,3.14159265358979,0.349065850398866,1.74532925199433,0.0241320757542173,0.03169912848781355,0.01374363168826585
1.0471975511966,3.14159265358979,0.366519142918809,1.74532925199433,0.0240659165180509,0.0313592820397128,0.01378874346479665
1.0471975511966,3.14159265358979,0.383972435438752,1.74532925199433,0.02401735309042725,0.03127643289879005,0.01382866022303475
1.0471975511966,3.14159265358979,0.401425727958696,1.74532925199433,0.0241045666369409,0.03127709157880925,0.0136454173315412
1.0471975511966,3.14159265358979,0.418879020478639,1.74532925199433,0.024047809341781447,0.03135870220888095,0.013435722111983149
1.0471975511966,3.14159265358979,0.436332312998582,1.74532925199433,0.024013398917536947,0.0314606138314228,0.013483068544829599
1.0471975511966,3.14159265358979,0.453785605518526,1.74532925199433,0.024006626330622248,0.03160032884981515,0.013620783901183101
1.0471975511966,3.14159265358979,0.471238898038469,1.74532925199433,0.02390500292253875,0.0316185098612259,0.01382172065724035
1.0471975511966,3.14159265358979,0.488692190558412,1.74532925199433,0.02386714989969605,0.03161718425398135,0.01374857284714425
1.0471975511966,3.14159265358979,0.506145483078356,1.74532925199433,0.0239258539937417,0.0316325845328635,0.0134603755228343
1.0471975511966,3.14159265358979,0.523598775598299,1.74532925199433,0.0239260539615287,0.03170545891008845,0.0134661101405811
1.0471975511966,3.14159265358979,0.541052068118242,1.74532925199433,0.0238716751215652,0.0318490825307376,0.0135328680387495
1.0471975511966,3.14159265358979,0.558505360638185,1.74532925199433,0.0238670214400343,0.03184451038339945,0.0133474400632739
1.0471975511966,3.14159265358979,0.575958653158129,1.74532925199433,0.023873869425460097,0.0317071473946803,0.01337538267286755
1.0471975511966,3.14159265358979,0.593411945678072,1.74532925199433,0.0239329881637295,0.0318735682809344,0.013507551876438251
1.0471975511966,3.14159265358979,0.610865238198015,1.74532925199433,0.0240788933607551,0.032246685252281304,0.0131570364086992
1.0471975511966,3.14159265358979,0.628318530717959,1.74532925199433,0.0240712262828496,0.03233245036401655,0.01286340399853825
1.0471975511966,3.14159265358979,0.645771823237902,1.74532925199433,0.0240275120441094,0.0322746943213525,0.013142635969891
1.0471975511966,3.14159265358979,0.663225115757845,1.74532925199433,0.02408221673495415,0.03225414150426035,0.01341261931961035
1.0471975511966,3.14159265358979,0.680678408277788,1.74532925199433,0.024033873728823298,0.03214038237809585,0.0134444474827673
1.0471975511966,3.14159265358979,0.698131700797732,1.74532925199433,0.023927830363875198,0.0318719885668447,0.01361113198739385
1.0471975511966,3.14159265358979,0.715584993317675,1.74532925199433,0.023898460443174847,0.03162535428883845,0.01375988178322015
1.0471975511966,3.14159265358979,0.733038285837618,1.74532925199433,0.023835143030567,0.03146115357341545,0.013567200079057349
1.0471975511966,3.14159265358979,0.750491578357562,1.74532925199433,0.02381334402459935,0.03114339182533145,0.0131966126514489
1.0471975511966,3.14159265358979,0.767944870877505,1.74532925199433,0.02388722928280795,0.03090824823624405,0.012908204970546198
1.0471975511966,3.14159265358979,0.785398163397448,1.74532925199433,0.02380625672399075,0.03091807434802165,0.012900406074871501
1.0471975511966,3.14159265358979,0.802851455917391,1.74532925199433,0.0237228190695392,0.030851618474218002,0.013037858145091851
1.0471975511966,3.14159265358979,0.820304748437335,1.74532925199433,0.023852760651836398,0.030937169131407947,0.01305275776350325
1.0471975511966,3.14159265358979,0.837758040957278,1.74532925199433,0.02385032779621795,0.031133858537604003,0.01283946341074025
1.0471975511966,3.14159265358979,0.855211333477221,1.74532925199433,0.023774317355722697,0.03147961984473735,0.0125241080699826
1.0471975511966,3.14159265358979,0.872664625997165,1.74532925199433,0.0236596340394617,0.0313931260958553,0.012734019258973599
1.0471975511966,3.14159265358979,0.890117918517108,1.74532925199433,0.023562279092963198,0.031209207411824397,0.013373210449961051
1.0471975511966,3.14159265358979,0.907571211037051,1.74532925199433,0.02326430625751305,0.03096015531302375,0.01347575909718635
1.0471975511966,3.14159265358979,0.925024503556995,1.74532925199433,0.02298293291199605,0.03060519546142755,0.01291620381979445
1.0471975511966,3.14159265358979,0.942477796076938,1.74532925199433,0.022734263770294298,0.0302501315310159,0.012841935704526401
1.0471975511966,3.14159265358979,0.959931088596881,1.74532925199433,0.0225571979002274,0.030139566949424802,0.012946139189713352
1.0471975511966,3.14159265358979,0.977384381116825,1.74532925199433,0.02229047215739565,0.0303111204498445,0.0124069096509718
1.0471975511966,3.14159265358979,0.994837673636768,1.74532925199433,0.02233505568005375,0.0302537225044118,0.01271898224093225
1.0471975511966,3.14159265358979,1.01229096615671,1.74532925199433,0.02242389826771245,0.0298794110097213,0.01292505889697205
1.0471975511966,3.14159265358979,1.02974425867665,1.74532925199433,0.02245367108175355,0.029773408747711047,0.0126828138235329
1.0471975511966,3.14159265358979,1.0471975511966,1.74532925199433,0.0223768862740343,0.029543387029476748,0.0117591390636945
1.0471975511966,3.14159265358979,1.06465084371654,1.74532925199433,0.022151581745120698,0.02889406526038745,0.012278257406304
1.0471975511966,3.14159265358979,1.08210413623648,1.74532925199433,0.0219262915748007,0.0280310887481914,0.0129701239821195
1.0471975511966,3.14159265358979,1.09955742875643,1.74532925199433,0.021833536671358553,0.02717513666743645,0.0131628145827248
1.0471975511966,3.14159265358979,1.11701072127637,1.74532925199433,0.021797048437321,0.02653556057795575,0.01236647652267375
1.0471975511966,3.14159265358979,1.13446401379631,1.74532925199433,0.0214919031936074,0.02610386104563915,0.011429566648253349
1.0471975511966,3.14159265358979,1.15191730631626,1.74532925199433,0.0213495251274871,0.026366846227944052,0.0117419499528986
1.0471975511966,3.14159265358979,1.1693705988362,1.74532925199433,0.0211713824131598,0.026476508866642802,0.01196550380799395
1.0471975511966,3.14159265358979,1.18682389135614,1.74532925199433,0.020894147075651598,0.0265796522257839,0.012265891456356901
1.0471975511966,3.14159265358979,1.20427718387609,1.74532925199433,0.020623444523348203,0.026449335023291998,0.012445958882901901
1.0471975511966,3.14159265358979,1.22173047639603,1.74532925199433,0.02061556482180575,0.026497276598578902,0.0123734091921043
1.0471975511966,3.14159265358979,1.23918376891597,1.74532925199433,0.02057748396222845,0.0264390196757118,0.01238358583352155
1.0471975511966,3.14159265358979,1.25663706143592,1.74532925199433,0.0205829499070111,0.02654217738829645,0.012323505936899001
1.0471975511966,3.14159265358979,1.27409035395586,1.74532925199433,0.020650427413113702,0.0266775699032778,0.01244237320823905
1.0471975511966,3.14159265358979,1.2915436464758,1.74532925199433,0.02071038003105595,0.02668644528312995,0.0128243516238544
1.0471975511966,3.14159265358979,1.30899693899575,1.74532925199433,0.02059777407176255,0.0264302370929593,0.012818313561410149
1.0471975511966,3.14159265358979,1.32645023151569,1.74532925199433,0.0193460474402358,0.0247961746932956,0.011876779703402649
1.0471975511966,3.14159265358979,1.34390352403563,1.74532925199433,0.01793666320362375,0.0229648235200998,0.010880979131141515
1.0471975511966,3.14159265358979,1.36135681655558,1.74532925199433,0.0165388964780463,0.0211417316943016,0.0099352771190768
1.0471975511966,3.14159265358979,1.37881010907552,1.74532925199433,0.01515079097398605,0.019327238292596402,0.00903204404771272
1.0471975511966,3.14159265358979,1.39626340159546,1.74532925199433,0.0137688865826386,0.01752201884172495,0.008158101511004264
1.0471975511966,3.14159265358979,1.41371669411541,1.74532925199433,0.012437472915841949,0.01591426122139775,0.007619357038689824
1.0471975511966,3.14159265358979,1.43116998663535,1.74532925199433,0.011050950232056201,0.01415978726238535,0.0067676975012459055
1.0471975511966,3.14159265358979,1.44862327915529,1.74532925199433,0.009655755503339108,0.01235700734396815,0.00584723082430761
1.0471975511966,3.14159265358979,1.46607657167524,1.74532925199433,0.008267995333526205,0.010563207213756785,0.00496059317171389
1.0471975511966,3.14159265358979,1.48352986419518,1.74532925199433,0.00688598952867304,0.00877868035617005,0.00410124379896646
1.0471975511966,3.14159265358979,1.50098315671512,1.74532925199433,0.0055077759662959,0.0070037860503003755,0.003261613440088325
1.0471975511966,3.14159265358979,1.51843644923507,1.74532925199433,0.00414129859007845,0.0052912605075442504,0.002515251069136045
1.0471975511966,3.14159265358979,1.53588974175501,1.74532925199433,0.00276108552783539,0.00353687336400564,0.001688387508532215
1.0471975511966,3.14159265358979,1.55334303427495,1.74532925199433,0.00137783435389049,0.001763051393589415,0.0008345243402129695
1.0471975511966,3.14159265358979,1.5707963267949,1.74532925199433,0.0008882260086697979,0.001136681546702514,0.000536559035988036
1.0471975511966,3.14159265358979,0.0174532925199433,1.91986217719376,0.023940847375234997,0.0333008056419037,0.0140011959927159
1.0471975511966,3.14159265358979,0.0349065850398866,1.91986217719376,0.023890666230767348,0.03328222493338745,0.0138923979641788
1.0471975511966,3.14159265358979,0.0523598775598299,1.91986217719376,0.0239096425372541,0.03312346369225845,0.01391336078970945
1.0471975511966,3.14159265358979,0.0698131700797732,1.91986217719376,0.02403487707334575,0.03301715036038905,0.013977813908772
1.0471975511966,3.14159265358979,0.0872664625997165,1.91986217719376,0.0241426234470027,0.03304227701698195,0.013978328889371349
1.0471975511966,3.14159265358979,0.10471975511966,1.91986217719376,0.0241547703156723,0.0330259311212901,0.01387382163265035
1.0471975511966,3.14159265358979,0.122173047639603,1.91986217719376,0.02406259638555075,0.0330931424740462,0.01376892322720085
1.0471975511966,3.14159265358979,0.139626340159546,1.91986217719376,0.0240320221357965,0.033241248219554154,0.01372717287022815
1.0471975511966,3.14159265358979,0.15707963267949,1.91986217719376,0.02416250538103815,0.0333906806939831,0.013803570584257
1.0471975511966,3.14159265358979,0.174532925199433,1.91986217719376,0.02439927233220245,0.033542762957865804,0.013879309697046649
1.0471975511966,3.14159265358979,0.191986217719376,1.91986217719376,0.02447379969361145,0.0336750809169823,0.0138273489500014
1.0471975511966,3.14159265358979,0.20943951023932,1.91986217719376,0.0242526100453929,0.033646816128742846,0.013807415779617051
1.0471975511966,3.14159265358979,0.226892802759263,1.91986217719376,0.02405640954518265,0.0333904921598437,0.013786863807301701
1.0471975511966,3.14159265358979,0.244346095279206,1.91986217719376,0.02401737676072345,0.0331650361136748,0.013798756922618
1.0471975511966,3.14159265358979,0.261799387799149,1.91986217719376,0.0239230291276105,0.032964359737780405,0.01368488110790235
1.0471975511966,3.14159265358979,0.279252680319093,1.91986217719376,0.02381784789602355,0.03267919408686165,0.01366170104310155
1.0471975511966,3.14159265358979,0.296705972839036,1.91986217719376,0.0240328640399042,0.03249073234444545,0.0137635478632113
1.0471975511966,3.14159265358979,0.314159265358979,1.91986217719376,0.024011957084113,0.032318494893830305,0.013839839323488999
1.0471975511966,3.14159265358979,0.331612557878923,1.91986217719376,0.024099067441203048,0.03211809415462275,0.013837052199465402
1.0471975511966,3.14159265358979,0.349065850398866,1.91986217719376,0.0241458689940533,0.0320414829379186,0.01376640202937455
1.0471975511966,3.14159265358979,0.366519142918809,1.91986217719376,0.0240206039078022,0.0318613638763348,0.0137401047545012
1.0471975511966,3.14159265358979,0.383972435438752,1.91986217719376,0.0239480990905934,0.031587652696971655,0.0135251052683831
1.0471975511966,3.14159265358979,0.401425727958696,1.91986217719376,0.0240741979277297,0.03159837858571505,0.013595162367436301
1.0471975511966,3.14159265358979,0.418879020478639,1.91986217719376,0.024164067039413997,0.031666557459129954,0.013760956791836
1.0471975511966,3.14159265358979,0.436332312998582,1.91986217719376,0.024140162557872248,0.031716494406363746,0.013880243639683
1.0471975511966,3.14159265358979,0.453785605518526,1.91986217719376,0.02407173555270695,0.031737353109732254,0.0139252472181334
1.0471975511966,3.14159265358979,0.471238898038469,1.91986217719376,0.024054113397317348,0.031750356579876,0.013792758979943351
1.0471975511966,3.14159265358979,0.488692190558412,1.91986217719376,0.0240502309066651,0.03175073980809385,0.01361015269727575
1.0471975511966,3.14159265358979,0.506145483078356,1.91986217719376,0.02394581218090345,0.0315723866434248,0.01352463257093905
1.0471975511966,3.14159265358979,0.523598775598299,1.91986217719376,0.0238549786695664,0.0314420222253873,0.013406056651093401
1.0471975511966,3.14159265358979,0.541052068118242,1.91986217719376,0.0238040000553948,0.031357812622630946,0.01331256289458795
1.0471975511966,3.14159265358979,0.558505360638185,1.91986217719376,0.0238113262112083,0.0315033781030743,0.01362668748512725
1.0471975511966,3.14159265358979,0.575958653158129,1.91986217719376,0.023767249282987048,0.031636680383684654,0.01363976806145165
1.0471975511966,3.14159265358979,0.593411945678072,1.91986217719376,0.023750718297345798,0.03165174670243745,0.013534460508021949
1.0471975511966,3.14159265358979,0.610865238198015,1.91986217719376,0.023682798837269148,0.0317909336823337,0.01364970398116805
1.0471975511966,3.14159265358979,0.628318530717959,1.91986217719376,0.02362727111756635,0.03202693391939975,0.0135763075474645
1.0471975511966,3.14159265358979,0.645771823237902,1.91986217719376,0.0237394967520611,0.03217549116471685,0.0133192796734027
1.0471975511966,3.14159265358979,0.663225115757845,1.91986217719376,0.02391923547330945,0.032231113766153896,0.0131484983344901
1.0471975511966,3.14159265358979,0.680678408277788,1.91986217719376,0.02392494914558045,0.03204633077954525,0.0130054433445068
1.0471975511966,3.14159265358979,0.698131700797732,1.91986217719376,0.02387096373876945,0.03184004003783915,0.0132786735173861
1.0471975511966,3.14159265358979,0.715584993317675,1.91986217719376,0.023603716647808047,0.0316169250133784,0.0136929641164605
1.0471975511966,3.14159265358979,0.733038285837618,1.91986217719376,0.0232379526767533,0.0313665747370366,0.0136792601013357
1.0471975511966,3.14159265358979,0.750491578357562,1.91986217719376,0.023062296724746502,0.0311202884408776,0.0134596285154754
1.0471975511966,3.14159265358979,0.767944870877505,1.91986217719376,0.0230684933246965,0.03090980675145855,0.0134103119800195
1.0471975511966,3.14159265358979,0.785398163397448,1.91986217719376,0.0231621639618279,0.0308068615561932,0.013530641588242399
1.0471975511966,3.14159265358979,0.802851455917391,1.91986217719376,0.0231665832318054,0.03057532253257855,0.013700317377778399
1.0471975511966,3.14159265358979,0.820304748437335,1.91986217719376,0.02294941038494005,0.0303036515878942,0.01347359100174875
1.0471975511966,3.14159265358979,0.837758040957278,1.91986217719376,0.0229766512373862,0.03038402052303725,0.0131864410963681
1.0471975511966,3.14159265358979,0.855211333477221,1.91986217719376,0.02301971099716595,0.03069287154667355,0.01319531127753355
1.0471975511966,3.14159265358979,0.872664625997165,1.91986217719376,0.02321279804229475,0.0309254753832469,0.012930834115509049
1.0471975511966,3.14159265358979,0.890117918517108,1.91986217719376,0.02312226547882945,0.0305384353346014,0.01296422473727555
1.0471975511966,3.14159265358979,0.907571211037051,1.91986217719376,0.022915126660825,0.030265875506683047,0.013115271741832399
1.0471975511966,3.14159265358979,0.925024503556995,1.91986217719376,0.0226629219777172,0.030561707001626748,0.01240542727505295
1.0471975511966,3.14159265358979,0.942477796076938,1.91986217719376,0.02251871650255095,0.0304643901284172,0.01235909543203725
1.0471975511966,3.14159265358979,0.959931088596881,1.91986217719376,0.022364249233998698,0.03005565845696025,0.0126856083424358
1.0471975511966,3.14159265358979,0.977384381116825,1.91986217719376,0.02218618991907185,0.029828472222391697,0.01292725754840635
1.0471975511966,3.14159265358979,0.994837673636768,1.91986217719376,0.02206018218087645,0.02997179725954175,0.01287176810353325
1.0471975511966,3.14159265358979,1.01229096615671,1.91986217719376,0.02197820310708865,0.0300923767049099,0.012552073288927549
1.0471975511966,3.14159265358979,1.02974425867665,1.91986217719376,0.02189730995624395,0.0301527766394356,0.0124653368044724
1.0471975511966,3.14159265358979,1.0471975511966,1.91986217719376,0.0218357609378605,0.0302233626653133,0.01219822702699765
1.0471975511966,3.14159265358979,1.06465084371654,1.91986217719376,0.02171777631751895,0.0300838304532246,0.01181897581440695
1.0471975511966,3.14159265358979,1.08210413623648,1.91986217719376,0.021515680640986502,0.02962458551623985,0.0118435740305077
1.0471975511966,3.14159265358979,1.09955742875643,1.91986217719376,0.02129988017799445,0.029037347148050396,0.01216202053272825
1.0471975511966,3.14159265358979,1.11701072127637,1.91986217719376,0.020972063610933553,0.0287317248669214,0.01254118719979595
1.0471975511966,3.14159265358979,1.13446401379631,1.91986217719376,0.02086233560103385,0.02835351457598205,0.01278747202881125
1.0471975511966,3.14159265358979,1.15191730631626,1.91986217719376,0.020738682200635197,0.027988622996703197,0.0125277986967881
1.0471975511966,3.14159265358979,1.1693705988362,1.91986217719376,0.02060683593346355,0.0275918688119259,0.012241922602834649
1.0471975511966,3.14159265358979,1.18682389135614,1.91986217719376,0.020570795441904197,0.0272200769362045,0.01200876337782205
1.0471975511966,3.14159265358979,1.20427718387609,1.91986217719376,0.02026960019748,0.0265659372639359,0.01208955226545275
1.0471975511966,3.14159265358979,1.22173047639603,1.91986217719376,0.020058886109929452,0.0261577429618777,0.012132002178993
1.0471975511966,3.14159265358979,1.23918376891597,1.91986217719376,0.02003102043634805,0.02590487117857615,0.01229868992867765
1.0471975511966,3.14159265358979,1.25663706143592,1.91986217719376,0.0199397733101398,0.0256543051006096,0.012403645268866899
1.0471975511966,3.14159265358979,1.27409035395586,1.91986217719376,0.01986842683794885,0.02556882508021125,0.0128969425277488
1.0471975511966,3.14159265358979,1.2915436464758,1.91986217719376,0.019839743083581197,0.025366333805157,0.0130886976637154
1.0471975511966,3.14159265358979,1.30899693899575,1.91986217719376,0.019488201764407,0.0248245932663301,0.012823594161362601
1.0471975511966,3.14159265358979,1.32645023151569,1.91986217719376,0.01845230615620235,0.0235389298028104,0.01193495630863645
1.0471975511966,3.14159265358979,1.34390352403563,1.91986217719376,0.0171220723114319,0.021830548365545953,0.010935256448761501
1.0471975511966,3.14159265358979,1.36135681655558,1.91986217719376,0.0158110856491252,0.02013322851360365,0.010096437544381151
1.0471975511966,3.14159265358979,1.37881010907552,1.91986217719376,0.014496965481135549,0.0184939043706854,0.009366783866848801
1.0471975511966,3.14159265358979,1.39626340159546,1.91986217719376,0.0131712312169944,0.0167942504712193,0.00842246558598067
1.0471975511966,3.14159265358979,1.41371669411541,1.91986217719376,0.01186297177039115,0.01512906302169105,0.0076839309410840495
1.0471975511966,3.14159265358979,1.43116998663535,1.91986217719376,0.0105426710001268,0.013448776482382,0.0068055676072263805
1.0471975511966,3.14159265358979,1.44862327915529,1.91986217719376,0.009218202230636366,0.0117521739524012,0.00587706974686413
1.0471975511966,3.14159265358979,1.46607657167524,1.91986217719376,0.007905700961799569,0.010084729516482701,0.00510133485015
1.0471975511966,3.14159265358979,1.48352986419518,1.91986217719376,0.006588572225557295,0.00840437025216469,0.004249405681993415
1.0471975511966,3.14159265358979,1.50098315671512,1.91986217719376,0.005266567326841105,0.006714077901723485,0.00335556505471451
1.0471975511966,3.14159265358979,1.51843644923507,1.91986217719376,0.003950996908728745,0.005038447716168905,0.0025332615984811103
1.0471975511966,3.14159265358979,1.53588974175501,1.91986217719376,0.0026348123638108697,0.00336086838345017,0.001698390763712295
1.0471975511966,3.14159265358979,1.55334303427495,1.91986217719376,0.001315652393768745,0.001677761789367765,0.0008435197429482639
1.0471975511966,3.14159265358979,1.5707963267949,1.91986217719376,0.0008342047563624354,0.0010642386143015544,0.0005393765133489136
1.0471975511966,3.14159265358979,0.0174532925199433,2.0943951023932,0.0239767878146907,0.0333530290521737,0.01396664371234695
1.0471975511966,3.14159265358979,0.0349065850398866,2.0943951023932,0.02389824433800505,0.03329322148937275,0.013808091439570201
1.0471975511966,3.14159265358979,0.0523598775598299,2.0943951023932,0.02390296972984295,0.0331516920606509,0.0138776937546215
1.0471975511966,3.14159265358979,0.0698131700797732,2.0943951023932,0.02402834944835555,0.032960014715644,0.01390983160344805
1.0471975511966,3.14159265358979,0.0872664625997165,2.0943951023932,0.02414921543990015,0.03295158534968925,0.0139325956589827
1.0471975511966,3.14159265358979,0.10471975511966,2.0943951023932,0.02407795051427125,0.033020271910305404,0.01392791668921015
1.0471975511966,3.14159265358979,0.122173047639603,2.0943951023932,0.024031992457076552,0.03293161152649475,0.01382131941106315
1.0471975511966,3.14159265358979,0.139626340159546,2.0943951023932,0.024174385130456902,0.03303306925412605,0.0137982183663274
1.0471975511966,3.14159265358979,0.15707963267949,2.0943951023932,0.02407042809387945,0.033210078714214,0.013873279421963501
1.0471975511966,3.14159265358979,0.174532925199433,2.0943951023932,0.024143734503744102,0.033217108711863896,0.01384167723230735
1.0471975511966,3.14159265358979,0.191986217719376,2.0943951023932,0.0241268198456554,0.033159153264263094,0.0137112281419956
1.0471975511966,3.14159265358979,0.20943951023932,2.0943951023932,0.023982121627149,0.033195304090709005,0.0136333191046265
1.0471975511966,3.14159265358979,0.226892802759263,2.0943951023932,0.0239213320432033,0.0332310108174148,0.01368594797681615
1.0471975511966,3.14159265358979,0.244346095279206,2.0943951023932,0.02382829171726595,0.0330453328653166,0.01377237269807595
1.0471975511966,3.14159265358979,0.261799387799149,2.0943951023932,0.02370686997403705,0.03285289943769165,0.01391307779928325
1.0471975511966,3.14159265358979,0.279252680319093,2.0943951023932,0.0235538841237198,0.032693505609251106,0.013850592924813651
1.0471975511966,3.14159265358979,0.296705972839036,2.0943951023932,0.02360063184564295,0.032551429449633545,0.01373869077446705
1.0471975511966,3.14159265358979,0.314159265358979,2.0943951023932,0.02381461692345975,0.032340345354218,0.01361293373148075
1.0471975511966,3.14159265358979,0.331612557878923,2.0943951023932,0.02393874190717485,0.0322050140798326,0.0136743050763448
1.0471975511966,3.14159265358979,0.349065850398866,2.0943951023932,0.0239048533328418,0.03207229949641625,0.0138431158438981
1.0471975511966,3.14159265358979,0.366519142918809,2.0943951023932,0.023859924244745402,0.032135602172782746,0.01395855240355555
1.0471975511966,3.14159265358979,0.383972435438752,2.0943951023932,0.0237038837771437,0.03216260924839505,0.0139259241055678
1.0471975511966,3.14159265358979,0.401425727958696,2.0943951023932,0.02380017725038805,0.0319105713683331,0.01361728368331425
1.0471975511966,3.14159265358979,0.418879020478639,2.0943951023932,0.0238644027902654,0.0317437145513283,0.01365739155842555
1.0471975511966,3.14159265358979,0.436332312998582,2.0943951023932,0.02385396827607405,0.03172694276056345,0.013679491085597649
1.0471975511966,3.14159265358979,0.453785605518526,2.0943951023932,0.0238126212281752,0.03160262587060245,0.01361124971322215
1.0471975511966,3.14159265358979,0.471238898038469,2.0943951023932,0.02373603448233055,0.0316000281663194,0.013520647372679651
1.0471975511966,3.14159265358979,0.488692190558412,2.0943951023932,0.02373898565308815,0.0316054869277646,0.0134856684719246
1.0471975511966,3.14159265358979,0.506145483078356,2.0943951023932,0.023761878607810802,0.03168844742238625,0.0135016614265833
1.0471975511966,3.14159265358979,0.523598775598299,2.0943951023932,0.02380835573530075,0.0315573076468745,0.0136097370685327
1.0471975511966,3.14159265358979,0.541052068118242,2.0943951023932,0.0237178549952466,0.0314685143575341,0.013434345042841848
1.0471975511966,3.14159265358979,0.558505360638185,2.0943951023932,0.023694100770326153,0.0315803356411646,0.01330589763988305
1.0471975511966,3.14159265358979,0.575958653158129,2.0943951023932,0.0238482777216348,0.031773066152616505,0.0133276556890584
1.0471975511966,3.14159265358979,0.593411945678072,2.0943951023932,0.02389224211679805,0.03191460424309755,0.013287960353554451
1.0471975511966,3.14159265358979,0.610865238198015,2.0943951023932,0.0237597331278062,0.03199291715163985,0.01320747602315525
1.0471975511966,3.14159265358979,0.628318530717959,2.0943951023932,0.02370861811659595,0.03224799471660605,0.01339126517588835
1.0471975511966,3.14159265358979,0.645771823237902,2.0943951023932,0.02371644208007105,0.03237763976305395,0.013586928761355851
1.0471975511966,3.14159265358979,0.663225115757845,2.0943951023932,0.023721431509168202,0.03234334913946755,0.0136467379794336
1.0471975511966,3.14159265358979,0.680678408277788,2.0943951023932,0.02375677429842675,0.032532650728593696,0.0135460397247685
1.0471975511966,3.14159265358979,0.698131700797732,2.0943951023932,0.0235810031721074,0.0325685312051518,0.013455917462269248
1.0471975511966,3.14159265358979,0.715584993317675,2.0943951023932,0.023438093084772953,0.0324323997130854,0.013230695166365
1.0471975511966,3.14159265358979,0.733038285837618,2.0943951023932,0.0233493946676097,0.0322734867498604,0.012891798148472449
1.0471975511966,3.14159265358979,0.750491578357562,2.0943951023932,0.023354010032824453,0.0320569340478224,0.01297157439150005
1.0471975511966,3.14159265358979,0.767944870877505,2.0943951023932,0.0233169347757871,0.03183353390476115,0.0133831557281511
1.0471975511966,3.14159265358979,0.785398163397448,2.0943951023932,0.023174766144668048,0.03179932039829885,0.01345756223191165
1.0471975511966,3.14159265358979,0.802851455917391,2.0943951023932,0.022957279194278653,0.031519383747316845,0.01356708514368265
1.0471975511966,3.14159265358979,0.820304748437335,2.0943951023932,0.02270327273140825,0.03143939329113765,0.013607405663777699
1.0471975511966,3.14159265358979,0.837758040957278,2.0943951023932,0.02253936506247235,0.03128855830403095,0.01372522724008275
1.0471975511966,3.14159265358979,0.855211333477221,2.0943951023932,0.02252296134598115,0.031094605432732098,0.0135675903313871
1.0471975511966,3.14159265358979,0.872664625997165,2.0943951023932,0.022528858065085602,0.03083903038025515,0.0134611008729835
1.0471975511966,3.14159265358979,0.890117918517108,2.0943951023932,0.022486783918131102,0.030696847569799804,0.013512472817051448
1.0471975511966,3.14159265358979,0.907571211037051,2.0943951023932,0.022395199450717197,0.030288427442879753,0.013391197360727351
1.0471975511966,3.14159265358979,0.925024503556995,2.0943951023932,0.02218694736505,0.02999771684357335,0.01276357880153
1.0471975511966,3.14159265358979,0.942477796076938,2.0943951023932,0.0220336228965663,0.02995784080530845,0.01290101084952465
1.0471975511966,3.14159265358979,0.959931088596881,2.0943951023932,0.0219978575029314,0.03002983834809905,0.0121183554323327
1.0471975511966,3.14159265358979,0.977384381116825,2.0943951023932,0.021865525833702652,0.0302174734110893,0.0116210191335911
1.0471975511966,3.14159265358979,0.994837673636768,2.0943951023932,0.0217305907928787,0.0302943623267534,0.0115303920373324
1.0471975511966,3.14159265358979,1.01229096615671,2.0943951023932,0.021726371724837698,0.03027536329467155,0.0113340161559687
1.0471975511966,3.14159265358979,1.02974425867665,2.0943951023932,0.0216026230839229,0.02990915310297605,0.0114861826531412
1.0471975511966,3.14159265358979,1.0471975511966,2.0943951023932,0.02127072203197755,0.0298559020485893,0.011465066985150395
1.0471975511966,3.14159265358979,1.06465084371654,2.0943951023932,0.02110477466830145,0.029683022311593497,0.0120287480822815
1.0471975511966,3.14159265358979,1.08210413623648,2.0943951023932,0.02095580602096395,0.02962553943156905,0.012381338852205
1.0471975511966,3.14159265358979,1.09955742875643,2.0943951023932,0.0207228185532938,0.029400608054681,0.0118613962081734
1.0471975511966,3.14159265358979,1.11701072127637,2.0943951023932,0.02054110164961405,0.02944297002265575,0.0116128123931239
1.0471975511966,3.14159265358979,1.13446401379631,2.0943951023932,0.0204035550419712,0.02918017930996355,0.0118275908853086
1.0471975511966,3.14159265358979,1.15191730631626,2.0943951023932,0.0203870335091779,0.02905815148895235,0.0116831136022808
1.0471975511966,3.14159265358979,1.1693705988362,2.0943951023932,0.02042000687785025,0.02898246869699795,0.01166831257347205
1.0471975511966,3.14159265358979,1.18682389135614,2.0943951023932,0.0204763228312245,0.02851807671153005,0.01176058113535735
1.0471975511966,3.14159265358979,1.20427718387609,2.0943951023932,0.0204383073859361,0.02825204803215075,0.011751825843391898
1.0471975511966,3.14159265358979,1.22173047639603,2.0943951023932,0.0205928479856087,0.0281867117048879,0.0113958092486475
1.0471975511966,3.14159265358979,1.23918376891597,2.0943951023932,0.02051852455597855,0.02795521622074225,0.011403262134295399
1.0471975511966,3.14159265358979,1.25663706143592,2.0943951023932,0.020554766217133598,0.027828117005658348,0.0109699359306553
1.0471975511966,3.14159265358979,1.27409035395586,2.0943951023932,0.02049013673322975,0.02777422926285715,0.011256376304761201
1.0471975511966,3.14159265358979,1.2915436464758,2.0943951023932,0.02049661273713055,0.0276865515225191,0.011049598367978801
1.0471975511966,3.14159265358979,1.30899693899575,2.0943951023932,0.020242407595880703,0.027205924549374448,0.01141946193027055
1.0471975511966,3.14159265358979,1.32645023151569,2.0943951023932,0.01905233345332525,0.0255940395541032,0.010826879420950099
1.0471975511966,3.14159265358979,1.34390352403563,2.0943951023932,0.01766667692860935,0.023780313940443353,0.00996784925276081
1.0471975511966,3.14159265358979,1.36135681655558,2.0943951023932,0.01641231767797785,0.0219747063915693,0.009268094624492025
1.0471975511966,3.14159265358979,1.37881010907552,2.0943951023932,0.01492708320126525,0.0201638248337513,0.008519519484870255
1.0471975511966,3.14159265358979,1.39626340159546,2.0943951023932,0.01362599262827815,0.01829353768216855,0.00772028607637298
1.0471975511966,3.14159265358979,1.41371669411541,2.0943951023932,0.01226167510298585,0.0164801422639799,0.0069672106543084405
1.0471975511966,3.14159265358979,1.43116998663535,2.0943951023932,0.01088924527148765,0.014626077154733852,0.0061871399766583405
1.0471975511966,3.14159265358979,1.44862327915529,2.0943951023932,0.009534308099912086,0.01280880625461925,0.005383607716379845
1.0471975511966,3.14159265358979,1.46607657167524,2.0943951023932,0.008242130082145215,0.010997781433291186,0.00464261817751786
1.0471975511966,3.14159265358979,1.48352986419518,2.0943951023932,0.006811078991031245,0.009151704916991545,0.0038304668022217
1.0471975511966,3.14159265358979,1.50098315671512,2.0943951023932,0.00546081649775305,0.007321191759337275,0.003087978940502065
1.0471975511966,3.14159265358979,1.51843644923507,2.0943951023932,0.004086147718977615,0.005496009205252474,0.0023364641397355546
1.0471975511966,3.14159265358979,1.53588974175501,2.0943951023932,0.002720910779739375,0.003656766496585205,0.00154399888064912
1.0471975511966,3.14159265358979,1.55334303427495,2.0943951023932,0.001364993553190795,0.0018294258640834948,0.0007724607113341605
1.0471975511966,3.14159265358979,1.5707963267949,2.0943951023932,-4.84013407808515e-05,-1.2359488823998636e-05,8.004253121897398e-06
1.0471975511966,3.14159265358979,0.0174532925199433,2.26892802759263,0.024013371560863347,0.03340473562214525,0.01394142054476045
1.0471975511966,3.14159265358979,0.0349065850398866,2.26892802759263,0.02391178382923995,0.0333409964491046,0.013814524633691
1.0471975511966,3.14159265358979,0.0523598775598299,2.26892802759263,0.02387231146015075,0.033214325384184396,0.01386341733281045
1.0471975511966,3.14159265358979,0.0698131700797732,2.26892802759263,0.02402955053335855,0.0330465265130266,0.01380602042331895
1.0471975511966,3.14159265358979,0.0872664625997165,2.26892802759263,0.02415911215167765,0.032942301208284896,0.01381922125155485
1.0471975511966,3.14159265358979,0.10471975511966,2.26892802759263,0.02409393848708765,0.03280910708227005,0.01386787421889
1.0471975511966,3.14159265358979,0.122173047639603,2.26892802759263,0.024088482458541602,0.0327876176310259,0.0138357038243089
1.0471975511966,3.14159265358979,0.139626340159546,2.26892802759263,0.024194971251967498,0.03293470220551815,0.01380827882233275
1.0471975511966,3.14159265358979,0.15707963267949,2.26892802759263,0.024058558443790498,0.0332208339575307,0.01378906648529115
1.0471975511966,3.14159265358979,0.174532925199433,2.26892802759263,0.023959856229047498,0.0332675045582242,0.01386624956133705
1.0471975511966,3.14159265358979,0.191986217719376,2.26892802759263,0.0239448839495319,0.03318514777859275,0.013825775770871001
1.0471975511966,3.14159265358979,0.20943951023932,2.26892802759263,0.02394575505569515,0.032970027670976246,0.0135925582806749
1.0471975511966,3.14159265358979,0.226892802759263,2.26892802759263,0.02393248587873225,0.032886400565818596,0.013525999540238049
1.0471975511966,3.14159265358979,0.244346095279206,2.26892802759263,0.02388826204679055,0.03286710327389105,0.0135533600151258
1.0471975511966,3.14159265358979,0.261799387799149,2.26892802759263,0.0238296575622039,0.03289356323386565,0.013653257303570449
1.0471975511966,3.14159265358979,0.279252680319093,2.26892802759263,0.023755741603285252,0.03291948121377355,0.01369687183666895
1.0471975511966,3.14159265358979,0.296705972839036,2.26892802759263,0.0236370851248038,0.03294161248313055,0.01370551549695445
1.0471975511966,3.14159265358979,0.314159265358979,2.26892802759263,0.0237739062877164,0.0328108025329434,0.01356349435476595
1.0471975511966,3.14159265358979,0.331612557878923,2.26892802759263,0.02388171227532335,0.03266318044240205,0.013471157538391749
1.0471975511966,3.14159265358979,0.349065850398866,2.26892802759263,0.0238383547366411,0.0324772937268272,0.01336398662719655
1.0471975511966,3.14159265358979,0.366519142918809,2.26892802759263,0.02373894914570615,0.03239678522239015,0.0135071982532666
1.0471975511966,3.14159265358979,0.383972435438752,2.26892802759263,0.0237281586283589,0.03241041949509135,0.01376301605391015
1.0471975511966,3.14159265358979,0.401425727958696,2.26892802759263,0.0237821376590055,0.03254983602569215,0.0137083528972317
1.0471975511966,3.14159265358979,0.418879020478639,2.26892802759263,0.023809257081171,0.03258642449050315,0.01358784466171035
1.0471975511966,3.14159265358979,0.436332312998582,2.26892802759263,0.02384420400067725,0.0325609857007704,0.0134100889582517
1.0471975511966,3.14159265358979,0.453785605518526,2.26892802759263,0.023779855224641197,0.032307416899754304,0.01348317179984505
1.0471975511966,3.14159265358979,0.471238898038469,2.26892802759263,0.0236835727543477,0.03210274972256385,0.0135427691888557
1.0471975511966,3.14159265358979,0.488692190558412,2.26892802759263,0.0236573242999089,0.0321654913806002,0.013592479544953299
1.0471975511966,3.14159265358979,0.506145483078356,2.26892802759263,0.02363701069771465,0.03210329022762205,0.01376161836998635
1.0471975511966,3.14159265358979,0.523598775598299,2.26892802759263,0.023557473997954548,0.0320144983790792,0.0137325700623944
1.0471975511966,3.14159265358979,0.541052068118242,2.26892802759263,0.02345406044216565,0.0320448130327366,0.01369936364833195
1.0471975511966,3.14159265358979,0.558505360638185,2.26892802759263,0.0235523333971106,0.032003296230519646,0.01362321665374075
1.0471975511966,3.14159265358979,0.575958653158129,2.26892802759263,0.0236282670394047,0.03193660151789765,0.013432940877105351
1.0471975511966,3.14159265358979,0.593411945678072,2.26892802759263,0.02361694447021415,0.0319571750700873,0.013183739731809599
1.0471975511966,3.14159265358979,0.610865238198015,2.26892802759263,0.0235314948826391,0.0319925420335469,0.01340195869371545
1.0471975511966,3.14159265358979,0.628318530717959,2.26892802759263,0.02342092233043685,0.0321173977480069,0.013538692074254451
1.0471975511966,3.14159265358979,0.645771823237902,2.26892802759263,0.02334506433533895,0.032326783363468004,0.01357671125582215
1.0471975511966,3.14159265358979,0.663225115757845,2.26892802759263,0.0232830994619018,0.03237905092830165,0.013534995871982
1.0471975511966,3.14159265358979,0.680678408277788,2.26892802759263,0.02320148402088415,0.03228971876014135,0.01351750889887085
1.0471975511966,3.14159265358979,0.698131700797732,2.26892802759263,0.0230724071107218,0.03207076125848415,0.0132838831397087
1.0471975511966,3.14159265358979,0.715584993317675,2.26892802759263,0.0229449207792895,0.0319550592295484,0.01303567850860015
1.0471975511966,3.14159265358979,0.733038285837618,2.26892802759263,0.0228698277934587,0.0318573431507443,0.012975724233727899
1.0471975511966,3.14159265358979,0.750491578357562,2.26892802759263,0.0229183700999707,0.03179866487591875,0.013259431652652101
1.0471975511966,3.14159265358979,0.767944870877505,2.26892802759263,0.0228336371039079,0.031862669317003,0.01334337960888235
1.0471975511966,3.14159265358979,0.785398163397448,2.26892802759263,0.02279786537358675,0.0319926169205852,0.0133371524227916
1.0471975511966,3.14159265358979,0.802851455917391,2.26892802759263,0.0226495580157908,0.0319600549815915,0.013142298480225901
1.0471975511966,3.14159265358979,0.820304748437335,2.26892802759263,0.022491808761360102,0.03209383265490355,0.0128266462580677
1.0471975511966,3.14159265358979,0.837758040957278,2.26892802759263,0.022495993892876848,0.031951888707436704,0.01272528637623405
1.0471975511966,3.14159265358979,0.855211333477221,2.26892802759263,0.02240492945330515,0.031730327620151,0.01296156138068495
1.0471975511966,3.14159265358979,0.872664625997165,2.26892802759263,0.0223410327067887,0.0314508585565099,0.01334097417998705
1.0471975511966,3.14159265358979,0.890117918517108,2.26892802759263,0.02231379810713735,0.0312149235562129,0.01336177575210875
1.0471975511966,3.14159265358979,0.907571211037051,2.26892802759263,0.02215381188367755,0.03086216076231365,0.01330403522475805
1.0471975511966,3.14159265358979,0.925024503556995,2.26892802759263,0.0219097745694464,0.0308923903769597,0.012681550373512599
1.0471975511966,3.14159265358979,0.942477796076938,2.26892802759263,0.02178812632145685,0.03076002183031535,0.0127810533920397
1.0471975511966,3.14159265358979,0.959931088596881,2.26892802759263,0.0216916282153696,0.03051131619884525,0.01329210811442085
1.0471975511966,3.14159265358979,0.977384381116825,2.26892802759263,0.02154445676258485,0.0302382384996803,0.0132716320382993
1.0471975511966,3.14159265358979,0.994837673636768,2.26892802759263,0.0215812872860674,0.030098623728415298,0.01282899715975685
1.0471975511966,3.14159265358979,1.01229096615671,2.26892802759263,0.021513773023013952,0.030146200616241847,0.01261612827263725
1.0471975511966,3.14159265358979,1.02974425867665,2.26892802759263,0.021462488793127,0.030047743520579002,0.0129159018966385
1.0471975511966,3.14159265358979,1.0471975511966,2.26892802759263,0.02137851606652405,0.02961688731098895,0.0129628037134552
1.0471975511966,3.14159265358979,1.06465084371654,2.26892802759263,0.0212804286898991,0.0295471974396418,0.013138466322402249
1.0471975511966,3.14159265358979,1.08210413623648,2.26892802759263,0.0210892266091759,0.02958061889995465,0.012920550233263599
1.0471975511966,3.14159265358979,1.09955742875643,2.26892802759263,0.021034128768211,0.029590971894118398,0.01254778145718725
1.0471975511966,3.14159265358979,1.11701072127637,2.26892802759263,0.0210719427511579,0.02944247905270825,0.0122309544252199
1.0471975511966,3.14159265358979,1.13446401379631,2.26892802759263,0.0210957911198714,0.029014863569524797,0.01213459667885235
1.0471975511966,3.14159265358979,1.15191730631626,2.26892802759263,0.0210630719422154,0.028580399433991002,0.0121983862082463
1.0471975511966,3.14159265358979,1.1693705988362,2.26892802759263,0.02095767957951805,0.0282796419396295,0.0119884161412501
1.0471975511966,3.14159265358979,1.18682389135614,2.26892802759263,0.0207468802549777,0.027760041810265798,0.0121990514912283
1.0471975511966,3.14159265358979,1.20427718387609,2.26892802759263,0.02062118207831515,0.02753199151330645,0.0119456216909311
1.0471975511966,3.14159265358979,1.22173047639603,2.26892802759263,0.020418957606041552,0.02735153605807685,0.01211075055078675
1.0471975511966,3.14159265358979,1.23918376891597,2.26892802759263,0.0204597274933714,0.0274739216711177,0.0120340746840664
1.0471975511966,3.14159265358979,1.25663706143592,2.26892802759263,0.020328494239440553,0.02722328685712215,0.012073045993484851
1.0471975511966,3.14159265358979,1.27409035395586,2.26892802759263,0.02024154431927555,0.0271166740830098,0.01215680732024645
1.0471975511966,3.14159265358979,1.2915436464758,2.26892802759263,0.02021964406216855,0.02722773122761165,0.0118678459230805
1.0471975511966,3.14159265358979,1.30899693899575,2.26892802759263,0.019798957175429552,0.026919567477610352,0.011883152135896049
1.0471975511966,3.14159265358979,1.32645023151569,2.26892802759263,0.018758443344086398,0.0254796419228597,0.01131937796421615
1.0471975511966,3.14159265358979,1.34390352403563,2.26892802759263,0.01740616653645945,0.02368613998786745,0.010527718132094945
1.0471975511966,3.14159265358979,1.36135681655558,2.26892802759263,0.0160801346333393,0.0218081208966439,0.009710960283834145
1.0471975511966,3.14159265358979,1.37881010907552,2.26892802759263,0.0147521416943728,0.0199873242595471,0.0088626174090705
1.0471975511966,3.14159265358979,1.39626340159546,2.26892802759263,0.013400698844268,0.0181831836816015,0.008089760153798765
1.0471975511966,3.14159265358979,1.41371669411541,2.26892802759263,0.01206034466074455,0.0163560389479714,0.007302247986947549
1.0471975511966,3.14159265358979,1.43116998663535,2.26892802759263,0.0107192244247824,0.01455375770619905,0.006469552833587125
1.0471975511966,3.14159265358979,1.44862327915529,2.26892802759263,0.00936566052805783,0.01273692458256295,0.00561982425415772
1.0471975511966,3.14159265358979,1.46607657167524,2.26892802759263,0.008036043324196974,0.010920491940546409,0.00486501866381767
1.0471975511966,3.14159265358979,1.48352986419518,2.26892802759263,0.006697482957024135,0.009101488028374176,0.004043512891702985
1.0471975511966,3.14159265358979,1.50098315671512,2.26892802759263,0.0053576427412972295,0.0072656216833735295,0.003239641523531
1.0471975511966,3.14159265358979,1.51843644923507,2.26892802759263,0.00401949583446944,0.005451156021194449,0.002431673970680435
1.0471975511966,3.14159265358979,1.53588974175501,2.26892802759263,0.00267856211405968,0.003634875680132055,0.00161723145315816
1.0471975511966,3.14159265358979,1.55334303427495,2.26892802759263,0.001338615456406535,0.00181591080788343,0.000810038787709487
1.0471975511966,3.14159265358979,1.5707963267949,2.26892802759263,-6.76610697841751e-06,-4.2127403832442995e-06,-9.413811924409452e-06
1.0471975511966,3.14159265358979,0.0174532925199433,2.44346095279206,0.02404815837009485,0.03345331742953065,0.0139263341930639
1.0471975511966,3.14159265358979,0.0349065850398866,2.44346095279206,0.02393101686367065,0.033397034185736196,0.0138156650915481
1.0471975511966,3.14159265358979,0.0523598775598299,2.44346095279206,0.023843896007321,0.0332760849761805,0.0138700342850645
1.0471975511966,3.14159265358979,0.0698131700797732,2.44346095279206,0.0239834513377512,0.033123562807066395,0.0137961789644193
1.0471975511966,3.14159265358979,0.0872664625997165,2.44346095279206,0.02418126182810505,0.03303217397709135,0.01366507309482835
1.0471975511966,3.14159265358979,0.10471975511966,2.44346095279206,0.024089680949860748,0.0328150363802615,0.01364726075345905
1.0471975511966,3.14159265358979,0.122173047639603,2.44346095279206,0.02399553901822265,0.0328035532546482,0.0136350019147371
1.0471975511966,3.14159265358979,0.139626340159546,2.44346095279206,0.023974167414816852,0.0330569365436284,0.0136835188153784
1.0471975511966,3.14159265358979,0.15707963267949,2.44346095279206,0.02402688132879725,0.033185154235568906,0.0138996528134533
1.0471975511966,3.14159265358979,0.174532925199433,2.44346095279206,0.024096716508221552,0.033068484274264454,0.0139399187440817
1.0471975511966,3.14159265358979,0.191986217719376,2.44346095279206,0.024087900514799802,0.0330360865860335,0.0136975280098548
1.0471975511966,3.14159265358979,0.20943951023932,2.44346095279206,0.0239302175536536,0.03292385797100225,0.013487588021180049
1.0471975511966,3.14159265358979,0.226892802759263,2.44346095279206,0.023824465026564948,0.032740362493890354,0.0134134272991655
1.0471975511966,3.14159265358979,0.244346095279206,2.44346095279206,0.02369911784703865,0.03256557546441965,0.013473954168305501
1.0471975511966,3.14159265358979,0.261799387799149,2.44346095279206,0.0237530072741729,0.03249004145785495,0.01350534716785445
1.0471975511966,3.14159265358979,0.279252680319093,2.44346095279206,0.023856782034215852,0.032489723251035996,0.01352289276593735
1.0471975511966,3.14159265358979,0.296705972839036,2.44346095279206,0.02374007885281285,0.0324198843943033,0.013416642931732899
1.0471975511966,3.14159265358979,0.314159265358979,2.44346095279206,0.02366040485486565,0.03244982417686985,0.0133517154735662
1.0471975511966,3.14159265358979,0.331612557878923,2.44346095279206,0.02369341891212525,0.03240615644552615,0.01338912038797925
1.0471975511966,3.14159265358979,0.349065850398866,2.44346095279206,0.02373871959963055,0.032447214391497295,0.0135773205064218
1.0471975511966,3.14159265358979,0.366519142918809,2.44346095279206,0.02370221343440105,0.0324360802115876,0.0137564283699163
1.0471975511966,3.14159265358979,0.383972435438752,2.44346095279206,0.0236238090326032,0.03229072052221215,0.01377170436147375
1.0471975511966,3.14159265358979,0.401425727958696,2.44346095279206,0.02354927886063505,0.032243593034298246,0.013711860423557449
1.0471975511966,3.14159265358979,0.418879020478639,2.44346095279206,0.023521291480218247,0.0323123065640264,0.0136148688088355
1.0471975511966,3.14159265358979,0.436332312998582,2.44346095279206,0.02352416916226965,0.03237676328553175,0.01344471765313495
1.0471975511966,3.14159265358979,0.453785605518526,2.44346095279206,0.023399954249319,0.032368633528742904,0.013632621614935399
1.0471975511966,3.14159265358979,0.471238898038469,2.44346095279206,0.02338893502007295,0.0323068046845576,0.013667377019218701
1.0471975511966,3.14159265358979,0.488692190558412,2.44346095279206,0.023417907072560848,0.0323524736129309,0.0137507848710156
1.0471975511966,3.14159265358979,0.506145483078356,2.44346095279206,0.023453754983269952,0.0324625846523729,0.01368941468125655
1.0471975511966,3.14159265358979,0.523598775598299,2.44346095279206,0.023418027534422098,0.03257946498888045,0.013493948890462501
1.0471975511966,3.14159265358979,0.541052068118242,2.44346095279206,0.023533249740141503,0.03255862257291605,0.013336862190944699
1.0471975511966,3.14159265358979,0.558505360638185,2.44346095279206,0.0234201182421241,0.03237599682464875,0.01348778328324615
1.0471975511966,3.14159265358979,0.575958653158129,2.44346095279206,0.0232709855222703,0.0321094251263908,0.0136303887238999
1.0471975511966,3.14159265358979,0.593411945678072,2.44346095279206,0.0230334156074802,0.0320210587807317,0.0138677517002574
1.0471975511966,3.14159265358979,0.610865238198015,2.44346095279206,0.0230736516126542,0.0319557874813122,0.013810741689032801
1.0471975511966,3.14159265358979,0.628318530717959,2.44346095279206,0.023123791233199652,0.0319551115847307,0.01359422684915345
1.0471975511966,3.14159265358979,0.645771823237902,2.44346095279206,0.022990910193450148,0.03211436428752455,0.0134034029775837
1.0471975511966,3.14159265358979,0.663225115757845,2.44346095279206,0.02287395928163345,0.032226861714819796,0.013463123141015651
1.0471975511966,3.14159265358979,0.680678408277788,2.44346095279206,0.0228903937187018,0.03209897398501125,0.013518857252366099
1.0471975511966,3.14159265358979,0.698131700797732,2.44346095279206,0.0229209237366223,0.0318707460700628,0.01325093652245565
1.0471975511966,3.14159265358979,0.715584993317675,2.44346095279206,0.0228168756552683,0.03180736513492175,0.0130225398279128
1.0471975511966,3.14159265358979,0.733038285837618,2.44346095279206,0.02270149572896655,0.03169837626276275,0.013115737757980351
1.0471975511966,3.14159265358979,0.750491578357562,2.44346095279206,0.022523048385546647,0.0317234494040484,0.01324297769164965
1.0471975511966,3.14159265358979,0.767944870877505,2.44346095279206,0.02244363569822925,0.0318132944392831,0.0130918320978146
1.0471975511966,3.14159265358979,0.785398163397448,2.44346095279206,0.02241253253346155,0.0318191334753827,0.0130167370377834
1.0471975511966,3.14159265358979,0.802851455917391,2.44346095279206,0.0223311202547907,0.0316647339446184,0.012993814583956001
1.0471975511966,3.14159265358979,0.820304748437335,2.44346095279206,0.0223786992970528,0.0315485511939724,0.01276725164232715
1.0471975511966,3.14159265358979,0.837758040957278,2.44346095279206,0.0224121090623439,0.03143369523719305,0.012762853625971252
1.0471975511966,3.14159265358979,0.855211333477221,2.44346095279206,0.02234926148168845,0.0313795410314252,0.01281418788638405
1.0471975511966,3.14159265358979,0.872664625997165,2.44346095279206,0.022331184453547252,0.03145503943213975,0.012836952116555049
1.0471975511966,3.14159265358979,0.890117918517108,2.44346095279206,0.02230132930366035,0.03139919927246145,0.013004536577865749
1.0471975511966,3.14159265358979,0.907571211037051,2.44346095279206,0.0223329254609416,0.031028596941323597,0.01285412362465505
1.0471975511966,3.14159265358979,0.925024503556995,2.44346095279206,0.02230661399024515,0.0308468172380055,0.012587730522912
1.0471975511966,3.14159265358979,0.942477796076938,2.44346095279206,0.02225214648667755,0.0308118067262742,0.012275152307872201
1.0471975511966,3.14159265358979,0.959931088596881,2.44346095279206,0.02203981878712155,0.030706210674418102,0.01262199528221075
1.0471975511966,3.14159265358979,0.977384381116825,2.44346095279206,0.02177946810124115,0.0305513946710377,0.01321985487985935
1.0471975511966,3.14159265358979,0.994837673636768,2.44346095279206,0.0216125691636651,0.030544652926760948,0.01318657013207155
1.0471975511966,3.14159265358979,1.01229096615671,2.44346095279206,0.02155753939473315,0.0307063407403536,0.01318193621827525
1.0471975511966,3.14159265358979,1.02974425867665,2.44346095279206,0.0216121852196994,0.030804347048827802,0.0130769743888578
1.0471975511966,3.14159265358979,1.0471975511966,2.44346095279206,0.02148578889256945,0.03060678545449655,0.012550256926557101
1.0471975511966,3.14159265358979,1.06465084371654,2.44346095279206,0.021498799231371803,0.0304585460968268,0.012046784616480701
1.0471975511966,3.14159265358979,1.08210413623648,2.44346095279206,0.021389966813470003,0.03013916852861865,0.011788471803972349
1.0471975511966,3.14159265358979,1.09955742875643,2.44346095279206,0.0213012843696799,0.03011572714588935,0.01162687407687545
1.0471975511966,3.14159265358979,1.11701072127637,2.44346095279206,0.02123223372621575,0.029973560895042852,0.0112187271742222
1.0471975511966,3.14159265358979,1.13446401379631,2.44346095279206,0.0210341077712408,0.02975535666482105,0.01113143842622045
1.0471975511966,3.14159265358979,1.15191730631626,2.44346095279206,0.0208555172505185,0.029574274887891397,0.01131894062975165
1.0471975511966,3.14159265358979,1.1693705988362,2.44346095279206,0.02060825998301245,0.0292881798520886,0.011455417951485351
1.0471975511966,3.14159265358979,1.18682389135614,2.44346095279206,0.0204789007452855,0.02901552024014655,0.0117149732392464
1.0471975511966,3.14159265358979,1.20427718387609,2.44346095279206,0.020215824215626052,0.028578427809625,0.011816031942609901
1.0471975511966,3.14159265358979,1.22173047639603,2.44346095279206,0.02006116954054215,0.02842478000999155,0.01206008294408565
1.0471975511966,3.14159265358979,1.23918376891597,2.44346095279206,0.0200022132369552,0.0281444034811297,0.01201631088152735
1.0471975511966,3.14159265358979,1.25663706143592,2.44346095279206,0.01990902059361905,0.028101912878416,0.0118816197809075
1.0471975511966,3.14159265358979,1.27409035395586,2.44346095279206,0.01981424003079395,0.0281007950028321,0.0120034579758817
1.0471975511966,3.14159265358979,1.2915436464758,2.44346095279206,0.019878743447946448,0.0280294863854796,0.012140191678274001
1.0471975511966,3.14159265358979,1.30899693899575,2.44346095279206,0.0194756539072675,0.027365265872088852,0.0118134216447318
1.0471975511966,3.14159265358979,1.32645023151569,2.44346095279206,0.0184298861360944,0.025928196042846352,0.01124494098019405
1.0471975511966,3.14159265358979,1.34390352403563,2.44346095279206,0.01709749107185595,0.023985749033563597,0.010352629370541329
1.0471975511966,3.14159265358979,1.36135681655558,2.44346095279206,0.015810906629876498,0.0223600660441447,0.00974863910384511
1.0471975511966,3.14159265358979,1.37881010907552,2.44346095279206,0.014500116776261701,0.0204736729500766,0.008932736362147605
1.0471975511966,3.14159265358979,1.39626340159546,2.44346095279206,0.01316851086338615,0.01857566463262935,0.008086820484623105
1.0471975511966,3.14159265358979,1.41371669411541,2.44346095279206,0.0118526503337489,0.01676536058529375,0.007323918810488825
1.0471975511966,3.14159265358979,1.43116998663535,2.44346095279206,0.010532299520156649,0.01483372616087445,0.00644338903497595
1.0471975511966,3.14159265358979,1.44862327915529,2.44346095279206,0.009214434936935665,0.01294727540103385,0.00558756845904811
1.0471975511966,3.14159265358979,1.46607657167524,2.44346095279206,0.00789473465907303,0.0111133662877174,0.0048213076749548354
1.0471975511966,3.14159265358979,1.48352986419518,2.44346095279206,0.006579627570033665,0.009248816230637131,0.004005916323896925
1.0471975511966,3.14159265358979,1.50098315671512,2.44346095279206,0.005267843795588215,0.007456312844988535,0.0032570825090218747
1.0471975511966,3.14159265358979,1.51843644923507,2.44346095279206,0.003950262357200535,0.00558519980893114,0.002438737753352465
1.0471975511966,3.14159265358979,1.53588974175501,2.44346095279206,0.00263210361362052,0.003712246894731855,0.00161567126071022
1.0471975511966,3.14159265358979,1.55334303427495,2.44346095279206,0.0013154932689448699,0.00185899387479381,0.0008110788756870155
1.0471975511966,3.14159265358979,1.5707963267949,2.44346095279206,-7.3417786467175246e-06,-2.85526774994882e-05,-2.29806330888649e-05
1.0471975511966,3.14159265358979,0.0174532925199433,2.61799387799149,0.0240800912627898,0.0334972983406961,0.01392184304841935
1.0471975511966,3.14159265358979,0.0349065850398866,2.61799387799149,0.023955359055278347,0.0334596320209964,0.013811478160906599
1.0471975511966,3.14159265358979,0.0523598775598299,2.61799387799149,0.023881865069265353,0.0333350208881473,0.01391292260908455
1.0471975511966,3.14159265358979,0.0698131700797732,2.61799387799149,0.02395365424506285,0.033180837862051296,0.0138024864229204
1.0471975511966,3.14159265358979,0.0872664625997165,2.61799387799149,0.024135468084903952,0.03310724837965915,0.0136443715400998
1.0471975511966,3.14159265358979,0.10471975511966,2.61799387799149,0.02404029712776705,0.03303991815357255,0.01359704336871205
1.0471975511966,3.14159265358979,0.122173047639603,2.61799387799149,0.02386011210067245,0.032882586749375955,0.01352287825828595
1.0471975511966,3.14159265358979,0.139626340159546,2.61799387799149,0.02373048550865115,0.032907884165203946,0.01362556993099115
1.0471975511966,3.14159265358979,0.15707963267949,2.61799387799149,0.02391005855199935,0.03293167339096095,0.013874043183982599
1.0471975511966,3.14159265358979,0.174532925199433,2.61799387799149,0.024048085267243252,0.03289495380304885,0.0141108981451625
1.0471975511966,3.14159265358979,0.191986217719376,2.61799387799149,0.02404248792507695,0.03275582458119105,0.01380434439220585
1.0471975511966,3.14159265358979,0.20943951023932,2.61799387799149,0.023954389002228002,0.032593379293566004,0.013456320899841851
1.0471975511966,3.14159265358979,0.226892802759263,2.61799387799149,0.0237936144352312,0.03237323915881925,0.0134016887080842
1.0471975511966,3.14159265358979,0.244346095279206,2.61799387799149,0.023588415559326052,0.032362934930155,0.013529286900048499
1.0471975511966,3.14159265358979,0.261799387799149,2.61799387799149,0.023419402648276598,0.03218269845119815,0.01353460767648855
1.0471975511966,3.14159265358979,0.279252680319093,2.61799387799149,0.023379446115860653,0.03220862443735625,0.0134472113106874
1.0471975511966,3.14159265358979,0.296705972839036,2.61799387799149,0.0235047056633303,0.03228999228129685,0.01350562777048165
1.0471975511966,3.14159265358979,0.314159265358979,2.61799387799149,0.02341068998588925,0.03236816546908705,0.01344131868784375
1.0471975511966,3.14159265358979,0.331612557878923,2.61799387799149,0.023394509843914647,0.03243637265245185,0.0133533621021293
1.0471975511966,3.14159265358979,0.349065850398866,2.61799387799149,0.023521372408205,0.0323819096330467,0.0134465493769797
1.0471975511966,3.14159265358979,0.366519142918809,2.61799387799149,0.02361750033986955,0.0323517409787883,0.01343290414067215
1.0471975511966,3.14159265358979,0.383972435438752,2.61799387799149,0.0236484215895178,0.03243068006394405,0.0133782138011951
1.0471975511966,3.14159265358979,0.401425727958696,2.61799387799149,0.023300681570214997,0.03245588368305185,0.013337901511861799
1.0471975511966,3.14159265358979,0.418879020478639,2.61799387799149,0.02299043174061375,0.0323777650568916,0.0135741337491968
1.0471975511966,3.14159265358979,0.436332312998582,2.61799387799149,0.0231507546055947,0.0324495773579817,0.01374369361735645
1.0471975511966,3.14159265358979,0.453785605518526,2.61799387799149,0.023167876572279353,0.03245774341597975,0.01373004044025095
1.0471975511966,3.14159265358979,0.471238898038469,2.61799387799149,0.02317045814900925,0.0323253854991988,0.01354025616416495
1.0471975511966,3.14159265358979,0.488692190558412,2.61799387799149,0.0232234859405464,0.0322498970476635,0.01358796321660715
1.0471975511966,3.14159265358979,0.506145483078356,2.61799387799149,0.02331332236047515,0.0323324123656114,0.0138100577562528
1.0471975511966,3.14159265358979,0.523598775598299,2.61799387799149,0.0233856941796768,0.0323411915547651,0.01391013585193805
1.0471975511966,3.14159265358979,0.541052068118242,2.61799387799149,0.02342544140451535,0.03229957100469365,0.0135984308560082
1.0471975511966,3.14159265358979,0.558505360638185,2.61799387799149,0.02352436478643275,0.0323284932269378,0.0135327487424052
1.0471975511966,3.14159265358979,0.575958653158129,2.61799387799149,0.0233940665693251,0.032116180704602745,0.013537420110878249
1.0471975511966,3.14159265358979,0.593411945678072,2.61799387799149,0.023200899710667952,0.031986184369941,0.01358955022609205
1.0471975511966,3.14159265358979,0.610865238198015,2.61799387799149,0.023074235807530298,0.0319836744220482,0.01362003978837875
1.0471975511966,3.14159265358979,0.628318530717959,2.61799387799149,0.022922449969661002,0.0319626938828169,0.01335657528673795
1.0471975511966,3.14159265358979,0.645771823237902,2.61799387799149,0.0228330747721273,0.03203886925677365,0.01311930759119525
1.0471975511966,3.14159265358979,0.663225115757845,2.61799387799149,0.02279744855562835,0.032004835581895,0.013127119183206401
1.0471975511966,3.14159265358979,0.680678408277788,2.61799387799149,0.022830852510547603,0.0318606760742869,0.0132682704212246
1.0471975511966,3.14159265358979,0.698131700797732,2.61799387799149,0.02276048284679235,0.031859082547723946,0.013281570468668201
1.0471975511966,3.14159265358979,0.715584993317675,2.61799387799149,0.0226689104472904,0.03175649266193235,0.0132348520374704
1.0471975511966,3.14159265358979,0.733038285837618,2.61799387799149,0.02263320177909385,0.03167176123399845,0.0132356943922767
1.0471975511966,3.14159265358979,0.750491578357562,2.61799387799149,0.022639483764383447,0.03172830666016325,0.01307869225943765
1.0471975511966,3.14159265358979,0.767944870877505,2.61799387799149,0.022650279146710098,0.0316712480900823,0.01285809798548075
1.0471975511966,3.14159265358979,0.785398163397448,2.61799387799149,0.02261751805617515,0.031419714145884556,0.013022755172725001
1.0471975511966,3.14159265358979,0.802851455917391,2.61799387799149,0.0224777215141287,0.03124411371710225,0.013191841926756698
1.0471975511966,3.14159265358979,0.820304748437335,2.61799387799149,0.02247172155883395,0.031325663793009204,0.0131357381818056
1.0471975511966,3.14159265358979,0.837758040957278,2.61799387799149,0.022473871394277048,0.0313540459926491,0.0130780512604338
1.0471975511966,3.14159265358979,0.855211333477221,2.61799387799149,0.022399777854483348,0.0313450779966079,0.0128543174488896
1.0471975511966,3.14159265358979,0.872664625997165,2.61799387799149,0.022320099234192647,0.031324921472441,0.012770032844736798
1.0471975511966,3.14159265358979,0.890117918517108,2.61799387799149,0.02227481539153285,0.03135467872814295,0.012972900302466
1.0471975511966,3.14159265358979,0.907571211037051,2.61799387799149,0.02234741747758625,0.031427099819309454,0.013163362126849251
1.0471975511966,3.14159265358979,0.925024503556995,2.61799387799149,0.02223067503937265,0.03139025706052275,0.0130944341551228
1.0471975511966,3.14159265358979,0.942477796076938,2.61799387799149,0.022101502911368948,0.0311571613752908,0.01287173456805555
1.0471975511966,3.14159265358979,0.959931088596881,2.61799387799149,0.02218295326559945,0.03094016178305605,0.01253398450818775
1.0471975511966,3.14159265358979,0.977384381116825,2.61799387799149,0.02218369826754205,0.0307103486578518,0.01225314369247395
1.0471975511966,3.14159265358979,0.994837673636768,2.61799387799149,0.0220878810822523,0.03084686234745075,0.01236121355233415
1.0471975511966,3.14159265358979,1.01229096615671,2.61799387799149,0.0220266372477332,0.0310424204939519,0.012505205860933899
1.0471975511966,3.14159265358979,1.02974425867665,2.61799387799149,0.02179571689826445,0.031185627598949203,0.012180074235379201
1.0471975511966,3.14159265358979,1.0471975511966,2.61799387799149,0.02177455625897695,0.03121308209976345,0.012206154057155999
1.0471975511966,3.14159265358979,1.06465084371654,2.61799387799149,0.0215625518546326,0.030921406942449,0.01238920696911655
1.0471975511966,3.14159265358979,1.08210413623648,2.61799387799149,0.02144711685532405,0.03097754959393005,0.01221893436799685
1.0471975511966,3.14159265358979,1.09955742875643,2.61799387799149,0.0211418073543912,0.03076044199767735,0.0121080248068028
1.0471975511966,3.14159265358979,1.11701072127637,2.61799387799149,0.02093993721695675,0.03059841195653875,0.011931274631992051
1.0471975511966,3.14159265358979,1.13446401379631,2.61799387799149,0.020824958094134052,0.030336531687005,0.0118598225441151
1.0471975511966,3.14159265358979,1.15191730631626,2.61799387799149,0.020934425707676903,0.030206714979238,0.0117791269714885
1.0471975511966,3.14159265358979,1.1693705988362,2.61799387799149,0.02094265504824775,0.03013732870557185,0.01179441846317865
1.0471975511966,3.14159265358979,1.18682389135614,2.61799387799149,0.0207115546404152,0.0298517256319049,0.0121552155049678
1.0471975511966,3.14159265358979,1.20427718387609,2.61799387799149,0.02062854619952465,0.0297077490078888,0.01209015453149865
1.0471975511966,3.14159265358979,1.22173047639603,2.61799387799149,0.020573683393410452,0.0295785376846281,0.01230836892321405
1.0471975511966,3.14159265358979,1.23918376891597,2.61799387799149,0.0204966501284637,0.0294785097054375,0.0123029595030704
1.0471975511966,3.14159265358979,1.25663706143592,2.61799387799149,0.02054698425143455,0.02935969507955795,0.0126096162290967
1.0471975511966,3.14159265358979,1.27409035395586,2.61799387799149,0.02042599833423855,0.02933692794863655,0.01252750763268105
1.0471975511966,3.14159265358979,1.2915436464758,2.61799387799149,0.020447846783305502,0.029310641241621797,0.012784217849367
1.0471975511966,3.14159265358979,1.30899693899575,2.61799387799149,0.0199564769124198,0.02896556183962325,0.01202425178995745
1.0471975511966,3.14159265358979,1.32645023151569,2.61799387799149,0.01875129736834215,0.02736366596715325,0.0112699994525952
1.0471975511966,3.14159265358979,1.34390352403563,2.61799387799149,0.017449917793250003,0.02539333133538765,0.01050897548941675
1.0471975511966,3.14159265358979,1.36135681655558,2.61799387799149,0.01609121137003445,0.02345539266684135,0.009788053688358774
1.0471975511966,3.14159265358979,1.37881010907552,2.61799387799149,0.014782917689554701,0.02145158883737725,0.008921890136556995
1.0471975511966,3.14159265358979,1.39626340159546,2.61799387799149,0.013404212629420102,0.01954556285226495,0.008088560180757456
1.0471975511966,3.14159265358979,1.41371669411541,2.61799387799149,0.012072842032043701,0.0175819645290034,0.00730292976180449
1.0471975511966,3.14159265358979,1.43116998663535,2.61799387799149,0.01071530989934475,0.01563663892152525,0.006442671624355745
1.0471975511966,3.14159265358979,1.44862327915529,2.61799387799149,0.00939141687038023,0.0136770419724173,0.00567606420262254
1.0471975511966,3.14159265358979,1.46607657167524,2.61799387799149,0.008045128110922855,0.0117279109020302,0.004935236492095586
1.0471975511966,3.14159265358979,1.48352986419518,2.61799387799149,0.006713456446491305,0.009763873596713725,0.00406700900951939
1.0471975511966,3.14159265358979,1.50098315671512,2.61799387799149,0.005362838149671615,0.007817901564283719,0.003250270478033055
1.0471975511966,3.14159265358979,1.51843644923507,2.61799387799149,0.00402290773285326,0.00585595740269503,0.0024360671239888297
1.0471975511966,3.14159265358979,1.53588974175501,2.61799387799149,0.002680000253442965,0.00390872397010506,0.001611797801371175
1.0471975511966,3.14159265358979,1.55334303427495,2.61799387799149,0.001339590049049755,0.00195168219821137,0.0008145748289491959
1.0471975511966,3.14159265358979,1.5707963267949,2.61799387799149,0.0007540246118863025,0.001094338955000775,0.0004406850901490705
1.0471975511966,3.14159265358979,0.0174532925199433,2.79252680319093,0.02410952863920515,0.03353637886223515,0.0139280422620605
1.0471975511966,3.14159265358979,0.0349065850398866,2.79252680319093,0.02400085306033095,0.033500775847452396,0.013843609666243002
1.0471975511966,3.14159265358979,0.0523598775598299,2.79252680319093,0.02391557574945595,0.0334076080083783,0.01399371433728285
1.0471975511966,3.14159265358979,0.0698131700797732,2.79252680319093,0.024039978823077852,0.033300317082088096,0.013868539622289601
1.0471975511966,3.14159265358979,0.0872664625997165,2.79252680319093,0.024140697436188602,0.03316833013827385,0.013686451007003251
1.0471975511966,3.14159265358979,0.10471975511966,2.79252680319093,0.024105792056931002,0.03306765155543365,0.0135593429304697
1.0471975511966,3.14159265358979,0.122173047639603,2.79252680319093,0.02389681149149975,0.033030972970989905,0.0135424566988067
1.0471975511966,3.14159265358979,0.139626340159546,2.79252680319093,0.0237297411319871,0.03294910212857925,0.01353298682884155
1.0471975511966,3.14159265358979,0.15707963267949,2.79252680319093,0.023763474314918098,0.03281063376951545,0.0135235681405935
1.0471975511966,3.14159265358979,0.174532925199433,2.79252680319093,0.0239109157678919,0.032680424197333344,0.01360465377842195
1.0471975511966,3.14159265358979,0.191986217719376,2.79252680319093,0.0238890624737157,0.03246507399458645,0.013523787638752099
1.0471975511966,3.14159265358979,0.20943951023932,2.79252680319093,0.02368349456305855,0.03235395352063905,0.01341304064121575
1.0471975511966,3.14159265358979,0.226892802759263,2.79252680319093,0.0234264375589606,0.03227512702072945,0.013460146355444649
1.0471975511966,3.14159265358979,0.244346095279206,2.79252680319093,0.023298721583577903,0.0322582305047314,0.0135150236135642
1.0471975511966,3.14159265358979,0.261799387799149,2.79252680319093,0.023285165857585048,0.03230778749606455,0.013357152919070501
1.0471975511966,3.14159265358979,0.279252680319093,2.79252680319093,0.023302656972932302,0.03216159297796725,0.0135694682152037
1.0471975511966,3.14159265358979,0.296705972839036,2.79252680319093,0.02332917225394765,0.0321897640892037,0.01362824503727075
1.0471975511966,3.14159265358979,0.314159265358979,2.79252680319093,0.0232793588651997,0.0321792499270376,0.01341123251598415
1.0471975511966,3.14159265358979,0.331612557878923,2.79252680319093,0.02321729606814105,0.03230019237783665,0.01340586179286715
1.0471975511966,3.14159265358979,0.349065850398866,2.79252680319093,0.02315317669767295,0.03235725304096445,0.01356102386583285
1.0471975511966,3.14159265358979,0.366519142918809,2.79252680319093,0.02321333235332685,0.0324631546310037,0.013833920870535601
1.0471975511966,3.14159265358979,0.383972435438752,2.79252680319093,0.023314774607001848,0.03270376365864045,0.01385588617958725
1.0471975511966,3.14159265358979,0.401425727958696,2.79252680319093,0.02330594930391535,0.03295165166794255,0.01369772288960765
1.0471975511966,3.14159265358979,0.418879020478639,2.79252680319093,0.02327670992451395,0.033041683066859645,0.01357831519853515
1.0471975511966,3.14159265358979,0.436332312998582,2.79252680319093,0.02332303043654695,0.032933906000945645,0.013502083187788151
1.0471975511966,3.14159265358979,0.453785605518526,2.79252680319093,0.02330200333469625,0.0327416956976017,0.0133972067595885
1.0471975511966,3.14159265358979,0.471238898038469,2.79252680319093,0.0233223564203133,0.032644379201309845,0.01340927819315995
1.0471975511966,3.14159265358979,0.488692190558412,2.79252680319093,0.02340765934142735,0.0325632507559851,0.0134712821815404
1.0471975511966,3.14159265358979,0.506145483078356,2.79252680319093,0.02343710685852385,0.0325707826134922,0.0134324675617491
1.0471975511966,3.14159265358979,0.523598775598299,2.79252680319093,0.02337550452627215,0.0327257877283108,0.0134754780171183
1.0471975511966,3.14159265358979,0.541052068118242,2.79252680319093,0.0233107126116171,0.03268719726999385,0.0134215548073212
1.0471975511966,3.14159265358979,0.558505360638185,2.79252680319093,0.0234120195346256,0.03273891170498025,0.0134504958177595
1.0471975511966,3.14159265358979,0.575958653158129,2.79252680319093,0.0232428882173366,0.0326268251905146,0.0135589862116176
1.0471975511966,3.14159265358979,0.593411945678072,2.79252680319093,0.02308714669734325,0.0325552678480113,0.013597070153570149
1.0471975511966,3.14159265358979,0.610865238198015,2.79252680319093,0.023080410752606452,0.032402805527184095,0.013460670785660999
1.0471975511966,3.14159265358979,0.628318530717959,2.79252680319093,0.0229789732140759,0.032389564794315845,0.0133212190109217
1.0471975511966,3.14159265358979,0.645771823237902,2.79252680319093,0.022930879282801103,0.0323687948691867,0.013422621819349199
1.0471975511966,3.14159265358979,0.663225115757845,2.79252680319093,0.02295051430357415,0.032263198248466546,0.013336840221010601
1.0471975511966,3.14159265358979,0.680678408277788,2.79252680319093,0.022935834753699202,0.032216237019536395,0.0131544080980238
1.0471975511966,3.14159265358979,0.698131700797732,2.79252680319093,0.0228108875424761,0.032165606616811795,0.012981660095119099
1.0471975511966,3.14159265358979,0.715584993317675,2.79252680319093,0.022621807489685848,0.0321307641391248,0.012705254918904601
1.0471975511966,3.14159265358979,0.733038285837618,2.79252680319093,0.02258913216811265,0.03197855733213695,0.012602755062498298
1.0471975511966,3.14159265358979,0.750491578357562,2.79252680319093,0.02257084501134865,0.03190071769696585,0.01261731397414045
1.0471975511966,3.14159265358979,0.767944870877505,2.79252680319093,0.02248839940430645,0.0319588908700661,0.01270740780419125
1.0471975511966,3.14159265358979,0.785398163397448,2.79252680319093,0.0225524282428025,0.03213052030640995,0.01281015837671585
1.0471975511966,3.14159265358979,0.802851455917391,2.79252680319093,0.02263212556791645,0.03227316310496575,0.01281316158217465
1.0471975511966,3.14159265358979,0.820304748437335,2.79252680319093,0.022737292400937602,0.032210116199272304,0.012753356999207249
1.0471975511966,3.14159265358979,0.837758040957278,2.79252680319093,0.022654741694979698,0.0319960349463115,0.0126503645023185
1.0471975511966,3.14159265358979,0.855211333477221,2.79252680319093,0.022584137792585897,0.03185217775587705,0.012585249616792
1.0471975511966,3.14159265358979,0.872664625997165,2.79252680319093,0.02242897814773975,0.031821846920694105,0.01254582265243365
1.0471975511966,3.14159265358979,0.890117918517108,2.79252680319093,0.022218105304658647,0.0315475669713726,0.012268439391585801
1.0471975511966,3.14159265358979,0.907571211037051,2.79252680319093,0.02235909426610715,0.0311927611776547,0.012043304554806601
1.0471975511966,3.14159265358979,0.925024503556995,2.79252680319093,0.0223724115817739,0.03097956546633895,0.0123087403043544
1.0471975511966,3.14159265358979,0.942477796076938,2.79252680319093,0.02205568968035395,0.03101623751069195,0.01250011533063715
1.0471975511966,3.14159265358979,0.959931088596881,2.79252680319093,0.021849330326878698,0.03109482669648015,0.0127841148088262
1.0471975511966,3.14159265358979,0.977384381116825,2.79252680319093,0.0216521888949031,0.031215306032646953,0.0131032317182766
1.0471975511966,3.14159265358979,0.994837673636768,2.79252680319093,0.021320448589468598,0.031175030909505748,0.0129845758756381
1.0471975511966,3.14159265358979,1.01229096615671,2.79252680319093,0.0210809550285532,0.03091698289301915,0.012620872267510599
1.0471975511966,3.14159265358979,1.02974425867665,2.79252680319093,0.021013754269594148,0.03087008087369085,0.01234331371264585
1.0471975511966,3.14159265358979,1.0471975511966,2.79252680319093,0.02088756595805805,0.0308576340236103,0.01243318818031885
1.0471975511966,3.14159265358979,1.06465084371654,2.79252680319093,0.020808833360891447,0.0307930214464866,0.0124105579152901
1.0471975511966,3.14159265358979,1.08210413623648,2.79252680319093,0.02081601871797525,0.0306893821833127,0.0126705286176751
1.0471975511966,3.14159265358979,1.09955742875643,2.79252680319093,0.0209119750633735,0.0305941362868245,0.0126526641786161
1.0471975511966,3.14159265358979,1.11701072127637,2.79252680319093,0.0208993584038976,0.030596027902098748,0.0123939389215929
1.0471975511966,3.14159265358979,1.13446401379631,2.79252680319093,0.020963163020933748,0.030537283215235703,0.01237440599952325
1.0471975511966,3.14159265358979,1.15191730631626,2.79252680319093,0.0210039359380228,0.030574729857575297,0.01230206235863755
1.0471975511966,3.14159265358979,1.1693705988362,2.79252680319093,0.021063223933284803,0.030600737365917653,0.01210985817606355
1.0471975511966,3.14159265358979,1.18682389135614,2.79252680319093,0.02097623810521785,0.0301404515543085,0.01183625997852965
1.0471975511966,3.14159265358979,1.20427718387609,2.79252680319093,0.02086023175424575,0.029905384740797902,0.01179915995053215
1.0471975511966,3.14159265358979,1.22173047639603,2.79252680319093,0.0208005101298007,0.0296708420966684,0.01197258750696955
1.0471975511966,3.14159265358979,1.23918376891597,2.79252680319093,0.0207024661631994,0.02950739098341275,0.011868191512453101
1.0471975511966,3.14159265358979,1.25663706143592,2.79252680319093,0.020589402249887048,0.029341418655613148,0.011619445594360699
1.0471975511966,3.14159265358979,1.27409035395586,2.79252680319093,0.02058508240763915,0.0294282701842269,0.011725583806941
1.0471975511966,3.14159265358979,1.2915436464758,2.79252680319093,0.02053783116863055,0.029151398445360348,0.011619377395620599
1.0471975511966,3.14159265358979,1.30899693899575,2.79252680319093,0.02013208674363835,0.02862036759229485,0.01128044291984585
1.0471975511966,3.14159265358979,1.32645023151569,2.79252680319093,0.01910358088993075,0.0271137018019355,0.010648849766342
1.0471975511966,3.14159265358979,1.34390352403563,2.79252680319093,0.017689773033547247,0.02517123554330155,0.00984812637219624
1.0471975511966,3.14159265358979,1.36135681655558,2.79252680319093,0.01631242426794335,0.02324848710462565,0.00910959822207364
1.0471975511966,3.14159265358979,1.37881010907552,2.79252680319093,0.0150074109088922,0.0213022387807476,0.008362669825136164
1.0471975511966,3.14159265358979,1.39626340159546,2.79252680319093,0.01361082254536675,0.01936213548340065,0.007578082003283855
1.0471975511966,3.14159265358979,1.41371669411541,2.79252680319093,0.0122800608969315,0.0174314562333477,0.0068522804825534595
1.0471975511966,3.14159265358979,1.43116998663535,2.79252680319093,0.010912157127498899,0.015492259018695349,0.006080192790821855
1.0471975511966,3.14159265358979,1.44862327915529,2.79252680319093,0.009521012674409836,0.013552652901586651,0.005299725825927165
1.0471975511966,3.14159265358979,1.46607657167524,2.79252680319093,0.008182218783227859,0.01161746220947755,0.00455894146062418
1.0471975511966,3.14159265358979,1.48352986419518,2.79252680319093,0.006818463771755694,0.009682119341126585,0.0037989424267143197
1.0471975511966,3.14159265358979,1.50098315671512,2.79252680319093,0.0054389807430293,0.0077431311077513,0.0030273700092437452
1.0471975511966,3.14159265358979,1.51843644923507,2.79252680319093,0.0040847245512161505,0.005807479250750714,0.002274738190106775
1.0471975511966,3.14159265358979,1.53588974175501,2.79252680319093,0.00272647913009509,0.003872030166353015,0.00151900137490551
1.0471975511966,3.14159265358979,1.55334303427495,2.79252680319093,0.00136017239092306,0.001933850512916305,0.000757462334586489
1.0471975511966,3.14159265358979,1.5707963267949,2.79252680319093,0.000863682195170918,0.00122576885839149,0.0004813023544122455
1.0471975511966,3.14159265358979,0.0174532925199433,2.96705972839036,0.024138073133027252,0.0335713201821964,0.01394466583675675
1.0471975511966,3.14159265358979,0.0349065850398866,2.96705972839036,0.02405075602027605,0.03353611795204945,0.0138702895094253
1.0471975511966,3.14159265358979,0.0523598775598299,2.96705972839036,0.023985192392784897,0.03347861304860165,0.013996925359373701
1.0471975511966,3.14159265358979,0.0698131700797732,2.96705972839036,0.0241105554690803,0.0334553457075221,0.01388950843265445
1.0471975511966,3.14159265358979,0.0872664625997165,2.96705972839036,0.024219264305834952,0.0333146917288389,0.01379937571775625
1.0471975511966,3.14159265358979,0.10471975511966,2.96705972839036,0.024186109556475648,0.0333992648426768,0.0138461625219026
1.0471975511966,3.14159265358979,0.122173047639603,2.96705972839036,0.0239994988642471,0.0334560195518995,0.01381103563007945
1.0471975511966,3.14159265358979,0.139626340159546,2.96705972839036,0.0240055808350657,0.03345721907553385,0.01379988927825855
1.0471975511966,3.14159265358979,0.15707963267949,2.96705972839036,0.02400750505391755,0.0334297800643956,0.0137739958358831
1.0471975511966,3.14159265358979,0.174532925199433,2.96705972839036,0.02401142545411035,0.0330881663737078,0.01368535503266215
1.0471975511966,3.14159265358979,0.191986217719376,2.96705972839036,0.02404565907661675,0.03280552070543615,0.013644656923303251
1.0471975511966,3.14159265358979,0.20943951023932,2.96705972839036,0.02395278450650495,0.03263732403878035,0.01345361676602825
1.0471975511966,3.14159265358979,0.226892802759263,2.96705972839036,0.02357238434850815,0.032563859062903946,0.01336753193338385
1.0471975511966,3.14159265358979,0.244346095279206,2.96705972839036,0.023306094267583947,0.0325286037367233,0.0133858049811342
1.0471975511966,3.14159265358979,0.261799387799149,2.96705972839036,0.023187713791449502,0.032449057774803655,0.01332295464854915
1.0471975511966,3.14159265358979,0.279252680319093,2.96705972839036,0.0231343735541613,0.03235616039432395,0.01334901865708525
1.0471975511966,3.14159265358979,0.296705972839036,2.96705972839036,0.0231233050631674,0.0324506672035631,0.013453110881127099
1.0471975511966,3.14159265358979,0.314159265358979,2.96705972839036,0.023143403694573197,0.03260947951408795,0.01363835414879135
1.0471975511966,3.14159265358979,0.331612557878923,2.96705972839036,0.02320185896813895,0.0327642616015508,0.01377872372092355
1.0471975511966,3.14159265358979,0.349065850398866,2.96705972839036,0.0232250079159943,0.0329288453126595,0.013825685700641
1.0471975511966,3.14159265358979,0.366519142918809,2.96705972839036,0.0232257574303116,0.033173207754582046,0.013906541711751451
1.0471975511966,3.14159265358979,0.383972435438752,2.96705972839036,0.0233915889955906,0.033470753236847,0.01396878991298975
1.0471975511966,3.14159265358979,0.401425727958696,2.96705972839036,0.02363961422402695,0.033585837645132746,0.0138643860301504
1.0471975511966,3.14159265358979,0.418879020478639,2.96705972839036,0.0237431319006829,0.03344438173499665,0.013674817992582
1.0471975511966,3.14159265358979,0.436332312998582,2.96705972839036,0.023710200198626352,0.03329729219813135,0.01356622589986915
1.0471975511966,3.14159265358979,0.453785605518526,2.96705972839036,0.02368578740172675,0.03324459168066205,0.013531409730320701
1.0471975511966,3.14159265358979,0.471238898038469,2.96705972839036,0.023631489052427,0.033163406371496354,0.0135132217472932
1.0471975511966,3.14159265358979,0.488692190558412,2.96705972839036,0.0235247556378726,0.03310709680084,0.01348811754129595
1.0471975511966,3.14159265358979,0.506145483078356,2.96705972839036,0.0235657408409018,0.033032691460622196,0.0134340082429792
1.0471975511966,3.14159265358979,0.523598775598299,2.96705972839036,0.0237110386884887,0.03305172080651695,0.013411906680316051
1.0471975511966,3.14159265358979,0.541052068118242,2.96705972839036,0.0235771056293909,0.03310404230576805,0.01339996720908425
1.0471975511966,3.14159265358979,0.558505360638185,2.96705972839036,0.0233982353514089,0.0330090876416348,0.01341241089002955
1.0471975511966,3.14159265358979,0.575958653158129,2.96705972839036,0.023382059115046698,0.03280719971058875,0.013441678338093
1.0471975511966,3.14159265358979,0.593411945678072,2.96705972839036,0.0233358309501659,0.03254978766983145,0.013458222872835601
1.0471975511966,3.14159265358979,0.610865238198015,2.96705972839036,0.02328387263477935,0.03240662044166515,0.0134308741404928
1.0471975511966,3.14159265358979,0.628318530717959,2.96705972839036,0.0231494965162872,0.0323649983794919,0.013318259924494251
1.0471975511966,3.14159265358979,0.645771823237902,2.96705972839036,0.02305270469998235,0.032365401121614554,0.01315653727386925
1.0471975511966,3.14159265358979,0.663225115757845,2.96705972839036,0.023066557248041047,0.0324256118983008,0.0131030965077516
1.0471975511966,3.14159265358979,0.680678408277788,2.96705972839036,0.02301574171570725,0.032495363078954245,0.013184328345706299
1.0471975511966,3.14159265358979,0.698131700797732,2.96705972839036,0.022850158086306048,0.03250934488784535,0.013206300112624251
1.0471975511966,3.14159265358979,0.715584993317675,2.96705972839036,0.02276607362547765,0.03250057365228015,0.01316234697733275
1.0471975511966,3.14159265358979,0.733038285837618,2.96705972839036,0.02275798904919685,0.03246432801196415,0.01315390087916735
1.0471975511966,3.14159265358979,0.750491578357562,2.96705972839036,0.02273309347264125,0.03249729424514585,0.0131272064736529
1.0471975511966,3.14159265358979,0.767944870877505,2.96705972839036,0.0224922387936241,0.03243943877796375,0.0131170949701797
1.0471975511966,3.14159265358979,0.785398163397448,2.96705972839036,0.02245047837117655,0.0324331637928059,0.01311123693827445
1.0471975511966,3.14159265358979,0.802851455917391,2.96705972839036,0.022556469889671048,0.0324990945420206,0.0131447116947879
1.0471975511966,3.14159265358979,0.820304748437335,2.96705972839036,0.02265514941575745,0.0326701578662323,0.0131384917476385
1.0471975511966,3.14159265358979,0.837758040957278,2.96705972839036,0.022711691857704303,0.03295298870456425,0.013141324180854449
1.0471975511966,3.14159265358979,0.855211333477221,2.96705972839036,0.02276503866838175,0.03303548075595185,0.01301691072290345
1.0471975511966,3.14159265358979,0.872664625997165,2.96705972839036,0.022850382161850147,0.0329978024750595,0.01274732939096115
1.0471975511966,3.14159265358979,0.890117918517108,2.96705972839036,0.0229632390153788,0.0330769430113568,0.0127741914874731
1.0471975511966,3.14159265358979,0.907571211037051,2.96705972839036,0.023060409947989302,0.0329972846885484,0.012949238073195
1.0471975511966,3.14159265358979,0.925024503556995,2.96705972839036,0.0230902600811378,0.032784708418405153,0.0126912955037862
1.0471975511966,3.14159265358979,0.942477796076938,2.96705972839036,0.023003609894929097,0.0327172695572089,0.0125560026916193
1.0471975511966,3.14159265358979,0.959931088596881,2.96705972839036,0.022924447323733298,0.0325168022450575,0.01251833128278705
1.0471975511966,3.14159265358979,0.977384381116825,2.96705972839036,0.02270612444497625,0.0322485246091583,0.012494373945333849
1.0471975511966,3.14159265358979,0.994837673636768,2.96705972839036,0.0222357318250645,0.0318573866560435,0.01253980001965955
1.0471975511966,3.14159265358979,1.01229096615671,2.96705972839036,0.022053119665436847,0.0319038308176426,0.01270907448145195
1.0471975511966,3.14159265358979,1.02974425867665,2.96705972839036,0.0220201414238919,0.031871822569036,0.012461261014707199
1.0471975511966,3.14159265358979,1.0471975511966,2.96705972839036,0.02199228974204805,0.03176876663611295,0.01240185225064745
1.0471975511966,3.14159265358979,1.06465084371654,2.96705972839036,0.02194453699563885,0.0317140307313977,0.0121919224558149
1.0471975511966,3.14159265358979,1.08210413623648,2.96705972839036,0.02200209260889445,0.03168019383339035,0.01233017335833905
1.0471975511966,3.14159265358979,1.09955742875643,2.96705972839036,0.0220887596349017,0.03171486644973115,0.0122011132951371
1.0471975511966,3.14159265358979,1.11701072127637,2.96705972839036,0.0220358632056941,0.031473610521286,0.0123451461769635
1.0471975511966,3.14159265358979,1.13446401379631,2.96705972839036,0.0220114524506094,0.03137323340676095,0.0121386826152581
1.0471975511966,3.14159265358979,1.15191730631626,2.96705972839036,0.02192241647918585,0.0313279746896154,0.0116775889340207
1.0471975511966,3.14159265358979,1.1693705988362,2.96705972839036,0.02189337806627845,0.03108028823930825,0.011355607228971349
1.0471975511966,3.14159265358979,1.18682389135614,2.96705972839036,0.02173771000372355,0.030616264514358747,0.011096505357297549
1.0471975511966,3.14159265358979,1.20427718387609,2.96705972839036,0.02171558942252055,0.0306166532745576,0.011030566148621551
1.0471975511966,3.14159265358979,1.22173047639603,2.96705972839036,0.02150267739694505,0.03044606969598585,0.01095243267519015
1.0471975511966,3.14159265358979,1.23918376891597,2.96705972839036,0.02138407749106475,0.030353190027877598,0.010814367899921216
1.0471975511966,3.14159265358979,1.25663706143592,2.96705972839036,0.02139350050759025,0.030160006838676548,0.01092502729954813
1.0471975511966,3.14159265358979,1.27409035395586,2.96705972839036,0.021348560218049747,0.029998625812177798,0.01101186565788235
1.0471975511966,3.14159265358979,1.2915436464758,2.96705972839036,0.0211823615630841,0.02984821011718595,0.01093853044478195
1.0471975511966,3.14159265358979,1.30899693899575,2.96705972839036,0.02093609208092595,0.0295688995404505,0.01088012045606815
1.0471975511966,3.14159265358979,1.32645023151569,2.96705972839036,0.01976914973875965,0.02781114448627075,0.010152225873188795
1.0471975511966,3.14159265358979,1.34390352403563,2.96705972839036,0.01841110353816005,0.02583074589723,0.009352540826952586
1.0471975511966,3.14159265358979,1.36135681655558,2.96705972839036,0.0170232743916729,0.0238564563214407,0.008575586203394376
1.0471975511966,3.14159265358979,1.37881010907552,2.96705972839036,0.0156117235786816,0.02188647257362385,0.00781824685525273
1.0471975511966,3.14159265358979,1.39626340159546,2.96705972839036,0.0141869790522067,0.019917817791880753,0.007075036730098129
1.0471975511966,3.14159265358979,1.41371669411541,2.96705972839036,0.0126960174508422,0.017892452876268297,0.006514308221892456
1.0471975511966,3.14159265358979,1.43116998663535,2.96705972839036,0.0113018715745728,0.01589261053518285,0.005791298135159726
1.0471975511966,3.14159265358979,1.44862327915529,2.96705972839036,0.009914103035748696,0.0139099978278568,0.00502922530565446
1.0471975511966,3.14159265358979,1.46607657167524,2.96705972839036,0.00850947005394683,0.0119296692438399,0.004283223521709106
1.0471975511966,3.14159265358979,1.48352986419518,2.96705972839036,0.00709317052504395,0.009950082456262024,0.003550618798320125
1.0471975511966,3.14159265358979,1.50098315671512,2.96705972839036,0.00567123249085046,0.007969482900186186,0.00282829357125167
1.0471975511966,3.14159265358979,1.51843644923507,2.96705972839036,0.004237583383746875,0.00596630991196156,0.00215830264571125
1.0471975511966,3.14159265358979,1.53588974175501,2.96705972839036,0.002824899572785775,0.0039718017418853,0.001445696540068395
1.0471975511966,3.14159265358979,1.55334303427495,2.96705972839036,0.00141434052403458,0.00198492373401191,0.0007176609414180351
1.0471975511966,3.14159265358979,1.5707963267949,2.96705972839036,0.0009130427823857725,0.00127996786970688,0.000462072506149826
1.0471975511966,3.14159265358979,0.0174532925199433,3.14159265358979,0.024168221732243998,0.0336036860082431,0.01397110407320385
1.0471975511966,3.14159265358979,0.0349065850398866,3.14159265358979,0.0241047702855151,0.03356925183071275,0.01389613638294595
1.0471975511966,3.14159265358979,0.0523598775598299,3.14159265358979,0.02406155256749715,0.0335611046685029,0.0139684347861911
1.0471975511966,3.14159265358979,0.0698131700797732,3.14159265358979,0.02418420526753285,0.03363721179302705,0.0138210246980944
1.0471975511966,3.14159265358979,0.0872664625997165,3.14159265358979,0.024276991356951202,0.03357528986924205,0.0138168833999408
1.0471975511966,3.14159265358979,0.10471975511966,3.14159265358979,0.02420424282048195,0.03370883534362175,0.01392851345606785
1.0471975511966,3.14159265358979,0.122173047639603,3.14159265358979,0.02408850780725855,0.0336944601765697,0.01393052969873375
1.0471975511966,3.14159265358979,0.139626340159546,3.14159265358979,0.024207507568359952,0.03375201374058145,0.013958898436528599
1.0471975511966,3.14159265358979,0.15707963267949,3.14159265358979,0.0241664745623684,0.03382447241095475,0.0139741129239081
1.0471975511966,3.14159265358979,0.174532925199433,3.14159265358979,0.0241325685767429,0.03360322871114215,0.0139668292627925
1.0471975511966,3.14159265358979,0.191986217719376,3.14159265358979,0.024285016411259748,0.033292794097664544,0.014008645166298
1.0471975511966,3.14159265358979,0.20943951023932,3.14159265358979,0.0243239872204013,0.0330015766959776,0.014010715319514248
1.0471975511966,3.14159265358979,0.226892802759263,3.14159265358979,0.0241101869231253,0.03276991792838605,0.014009728552039049
1.0471975511966,3.14159265358979,0.244346095279206,3.14159265358979,0.02379514859441865,0.03260427740492075,0.01386056737100915
1.0471975511966,3.14159265358979,0.261799387799149,3.14159265358979,0.023452993753305652,0.0325973967355602,0.0137159279728493
1.0471975511966,3.14159265358979,0.279252680319093,3.14159265358979,0.0232479160259036,0.03239710329759385,0.013652225897813501
1.0471975511966,3.14159265358979,0.296705972839036,3.14159265358979,0.0231898315598444,0.032450429453562704,0.013642022254311999
1.0471975511966,3.14159265358979,0.314159265358979,3.14159265358979,0.0232596267839857,0.0325639596324171,0.01374959140654355
1.0471975511966,3.14159265358979,0.331612557878923,3.14159265358979,0.023365378861028352,0.03268692079806555,0.01397196457588025
1.0471975511966,3.14159265358979,0.349065850398866,3.14159265358979,0.0234428338731988,0.033119389421409795,0.014149956501880251
1.0471975511966,3.14159265358979,0.366519142918809,3.14159265358979,0.02328786549162265,0.033286637684036155,0.014008602200164151
1.0471975511966,3.14159265358979,0.383972435438752,3.14159265358979,0.02319831925160605,0.03342145870823435,0.0139351756707978
1.0471975511966,3.14159265358979,0.401425727958696,3.14159265358979,0.02337875765262045,0.0337469404179081,0.0140627301956094
1.0471975511966,3.14159265358979,0.418879020478639,3.14159265358979,0.023882143573275498,0.0342241841405764,0.014181237462889601
1.0471975511966,3.14159265358979,0.436332312998582,3.14159265358979,0.02385645791989345,0.0340897424245243,0.0142568537723098
1.0471975511966,3.14159265358979,0.453785605518526,3.14159265358979,0.02368574367240885,0.033892265108706354,0.014135317885526098
1.0471975511966,3.14159265358979,0.471238898038469,3.14159265358979,0.0235209799525107,0.03357856974278425,0.0138588396645223
1.0471975511966,3.14159265358979,0.488692190558412,3.14159265358979,0.02334373898140505,0.03340082578557555,0.0135176173629821
1.0471975511966,3.14159265358979,0.506145483078356,3.14159265358979,0.02333932403147175,0.03329459795367595,0.01327427221632075
1.0471975511966,3.14159265358979,0.523598775598299,3.14159265358979,0.02342743197365845,0.0331337413600268,0.0132635337488018
1.0471975511966,3.14159265358979,0.541052068118242,3.14159265358979,0.0234605832786758,0.0330146604775647,0.01327824614685865
1.0471975511966,3.14159265358979,0.558505360638185,3.14159265358979,0.0236634571522722,0.03325789131614655,0.013221173265808149
1.0471975511966,3.14159265358979,0.575958653158129,3.14159265358979,0.02385682813633485,0.033407351044607,0.013186486881630599
1.0471975511966,3.14159265358979,0.593411945678072,3.14159265358979,0.02379098189256955,0.03344469837620205,0.013457043894102499
1.0471975511966,3.14159265358979,0.610865238198015,3.14159265358979,0.023507107370362,0.03332290182614085,0.013700011593897301
1.0471975511966,3.14159265358979,0.628318530717959,3.14159265358979,0.0234229898242863,0.03356470360531215,0.01357285573237605
1.0471975511966,3.14159265358979,0.645771823237902,3.14159265358979,0.023398751804284253,0.03345294762572475,0.0133177384208177
1.0471975511966,3.14159265358979,0.663225115757845,3.14159265358979,0.02347089826026315,0.03324861703164385,0.0131217764795684
1.0471975511966,3.14159265358979,0.680678408277788,3.14159265358979,0.0235821255569651,0.033496591502943,0.01310128907293135
1.0471975511966,3.14159265358979,0.698131700797732,3.14159265358979,0.0233562529992655,0.03359653591404445,0.0131697768624678
1.0471975511966,3.14159265358979,0.715584993317675,3.14159265358979,0.0231376019491887,0.033656241211325696,0.013454608207493949
1.0471975511966,3.14159265358979,0.733038285837618,3.14159265358979,0.0231087680642413,0.0336090831977376,0.013442095797459499
1.0471975511966,3.14159265358979,0.750491578357562,3.14159265358979,0.0230446232050119,0.03365062670711265,0.01319281499344065
1.0471975511966,3.14159265358979,0.767944870877505,3.14159265358979,0.02293632006787695,0.03350332261508445,0.0128862494750084
1.0471975511966,3.14159265358979,0.785398163397448,3.14159265358979,0.0230711532817666,0.0333839375474352,0.01269216962649205
1.0471975511966,3.14159265358979,0.802851455917391,3.14159265358979,0.02315820661061765,0.03339471382011855,0.012912184296720801
1.0471975511966,3.14159265358979,0.820304748437335,3.14159265358979,0.023111711897595748,0.0332296776372811,0.012943281868102549
1.0471975511966,3.14159265358979,0.837758040957278,3.14159265358979,0.022917250117864503,0.0333152207879178,0.012810575336152302
1.0471975511966,3.14159265358979,0.855211333477221,3.14159265358979,0.02288710134486595,0.033159346615749596,0.01273171778234365
1.0471975511966,3.14159265358979,0.872664625997165,3.14159265358979,0.02295499661837375,0.03340891983199355,0.012782816514772
1.0471975511966,3.14159265358979,0.890117918517108,3.14159265358979,0.02296965822376415,0.033667446871091355,0.0127206389142323
1.0471975511966,3.14159265358979,0.907571211037051,3.14159265358979,0.02289564074927545,0.0334836988437628,0.01203642557024015
1.0471975511966,3.14159265358979,0.925024503556995,3.14159265358979,0.0233683575007333,0.0335677752728787,0.01206697115529645
1.0471975511966,3.14159265358979,0.942477796076938,3.14159265358979,0.023439968604969302,0.03323902634307985,0.0121673514013088
1.0471975511966,3.14159265358979,0.959931088596881,3.14159265358979,0.02322487338249615,0.0331628545849148,0.01198773281731615
1.0471975511966,3.14159265358979,0.977384381116825,3.14159265358979,0.02332147080811805,0.03319049213903275,0.01166002710771525
1.0471975511966,3.14159265358979,0.994837673636768,3.14159265358979,0.023196826401446498,0.033209949538384,0.011595230110895749
1.0471975511966,3.14159265358979,1.01229096615671,3.14159265358979,0.023007906260378748,0.03301560630514325,0.0118107480058811
1.0471975511966,3.14159265358979,1.02974425867665,3.14159265358979,0.02297955935322275,0.0330993106117854,0.011851024927035499
1.0471975511966,3.14159265358979,1.0471975511966,3.14159265358979,0.02295403501011805,0.03290081486025595,0.012077760238033902
1.0471975511966,3.14159265358979,1.06465084371654,3.14159265358979,0.022903341336867902,0.0328095715218557,0.012304061651441048
1.0471975511966,3.14159265358979,1.08210413623648,3.14159265358979,0.022889829189657353,0.0325611141320816,0.0125206755640686
1.0471975511966,3.14159265358979,1.09955742875643,3.14159265358979,0.0230344520018444,0.033119374609188304,0.012255661430183501
1.0471975511966,3.14159265358979,1.11701072127637,3.14159265358979,0.02314424103876195,0.0335343313776124,0.0118744972484783
1.0471975511966,3.14159265358979,1.13446401379631,3.14159265358979,0.02299937196365665,0.03387874526344445,0.0117035512905613
1.0471975511966,3.14159265358979,1.15191730631626,3.14159265358979,0.02285731782202705,0.03387549129210325,0.01165165172861995
1.0471975511966,3.14159265358979,1.1693705988362,3.14159265358979,0.0229727620348864,0.03402382347784964,0.011726806668450648
1.0471975511966,3.14159265358979,1.18682389135614,3.14159265358979,0.0227738764440212,0.03347948867655665,0.011767471230271751
1.0471975511966,3.14159265358979,1.20427718387609,3.14159265358979,0.0228217862243634,0.0336267881661616,0.011608997407123251
1.0471975511966,3.14159265358979,1.22173047639603,3.14159265358979,0.022683832672183,0.03332062127725155,0.01154136518366115
1.0471975511966,3.14159265358979,1.23918376891597,3.14159265358979,0.02274499698217175,0.03338667989073465,0.0114977652713845
1.0471975511966,3.14159265358979,1.25663706143592,3.14159265358979,0.02265674507581825,0.0331797576802922,0.01134615104680015
1.0471975511966,3.14159265358979,1.27409035395586,3.14159265358979,0.02255468919311665,0.032957079275294204,0.01119111869900985
1.0471975511966,3.14159265358979,1.2915436464758,3.14159265358979,0.022485026518609,0.0328041104862275,0.0110778964646842
1.0471975511966,3.14159265358979,1.30899693899575,3.14159265358979,0.02234942005163855,0.032519613559912,0.01101415956329605
1.0471975511966,3.14159265358979,1.32645023151569,3.14159265358979,0.02085945871486265,0.03035163932258455,0.0102798822590763
1.0471975511966,3.14159265358979,1.34390352403563,3.14159265358979,0.01936949737808675,0.028183665085257048,0.00954560495485657
1.0471975511966,3.14159265358979,1.36135681655558,3.14159265358979,0.017879536041310852,0.0260156908479296,0.008811327650636835
1.0471975511966,3.14159265358979,1.37881010907552,3.14159265358979,0.016389574704534948,0.02384771661060215,0.008077050346417095
1.0471975511966,3.14159265358979,1.39626340159546,3.14159265358979,0.014899613367759051,0.02167974237327465,0.007342773042197365
1.0471975511966,3.14159265358979,1.41371669411541,3.14159265358979,0.013409652030983151,0.0195117681359472,0.006608495737977624
1.0471975511966,3.14159265358979,1.43116998663535,3.14159265358979,0.01191969069420725,0.01734379389861975,0.0058742184337578895
1.0471975511966,3.14159265358979,1.44862327915529,3.14159265358979,0.010429729357431305,0.0151758196612923,0.005139941129538155
1.0471975511966,3.14159265358979,1.46607657167524,3.14159265358979,0.008939768020655435,0.01300784542396485,0.004405663825318415
1.0471975511966,3.14159265358979,1.48352986419518,3.14159265358979,0.007449806683879525,0.010839871186637349,0.003671386521098685
1.0471975511966,3.14159265358979,1.50098315671512,3.14159265358979,0.00595984534710362,0.008671896949309876,0.0029371092168789447
1.0471975511966,3.14159265358979,1.51843644923507,3.14159265358979,0.00446988401032772,0.0065039227119824,0.00220283191265921
1.0471975511966,3.14159265358979,1.53588974175501,3.14159265358979,0.002979922673551815,0.00433594847465493,0.00146855460843947
1.0471975511966,3.14159265358979,1.55334303427495,3.14159265358979,0.001489961336775905,0.0021679742373274602,0.0007342773042197355
1.0471975511966,3.14159265358979,1.5707963267949,3.14159265358979,2.5749801596530854e-18,-1.306463617845035e-17,0.0
1.0471975511966,3.14159265358979,0.0174532925199433,3.31612557878923,0.02419069506068005,0.03359823917569525,0.013984806118809
1.0471975511966,3.14159265358979,0.0349065850398866,3.31612557878923,0.0241417897781961,0.0335621314173008,0.013963332490217
1.0471975511966,3.14159265358979,0.0523598775598299,3.31612557878923,0.02417445254960205,0.0335614374008089,0.0140902845412395
1.0471975511966,3.14159265358979,0.0698131700797732,3.31612557878923,0.02436711440368635,0.03363524293584865,0.0139451258120128
1.0471975511966,3.14159265358979,0.0872664625997165,3.31612557878923,0.024501550448769248,0.03371742529358859,0.0139218671111209
1.0471975511966,3.14159265358979,0.10471975511966,3.31612557878923,0.0245300440667231,0.033906391851863046,0.0140103572615105
1.0471975511966,3.14159265358979,0.122173047639603,3.31612557878923,0.02439854501636505,0.033790315873342,0.014042522847811548
1.0471975511966,3.14159265358979,0.139626340159546,3.31612557878923,0.02436656680198455,0.033751833950358454,0.01407209456973795
1.0471975511966,3.14159265358979,0.15707963267949,3.31612557878923,0.0242297805548932,0.03372541442267995,0.014109995164890251
1.0471975511966,3.14159265358979,0.174532925199433,3.31612557878923,0.0242281524145743,0.033659481890075005,0.0141188462278853
1.0471975511966,3.14159265358979,0.191986217719376,3.31612557878923,0.0242360636994121,0.03369336486224095,0.014256052408444301
1.0471975511966,3.14159265358979,0.20943951023932,3.31612557878923,0.02425833179213045,0.03361526463436035,0.014213448503899051
1.0471975511966,3.14159265358979,0.226892802759263,3.31612557878923,0.02418560430258345,0.033212115474215445,0.0140476456058834
1.0471975511966,3.14159265358979,0.244346095279206,3.31612557878923,0.0239727305156901,0.03288123460306455,0.014013410164959949
1.0471975511966,3.14159265358979,0.261799387799149,3.31612557878923,0.02372579421456425,0.0327200107668163,0.0139712596551267
1.0471975511966,3.14159265358979,0.279252680319093,3.31612557878923,0.02351285511551825,0.0327109735008139,0.0139883666363847
1.0471975511966,3.14159265358979,0.296705972839036,3.31612557878923,0.02334609769979485,0.03263213134620595,0.01386958735515105
1.0471975511966,3.14159265358979,0.314159265358979,3.31612557878923,0.0232302195662493,0.0326196460727267,0.01387455240557155
1.0471975511966,3.14159265358979,0.331612557878923,3.31612557878923,0.023312508086009348,0.032844484675162,0.013972802057179799
1.0471975511966,3.14159265358979,0.349065850398866,3.31612557878923,0.02347134332701645,0.03308128322741475,0.013978962051558
1.0471975511966,3.14159265358979,0.366519142918809,3.31612557878923,0.023605395686942747,0.03333114935830135,0.0139308497803356
1.0471975511966,3.14159265358979,0.383972435438752,3.31612557878923,0.0237624227002533,0.0335739506120907,0.014047969759358798
1.0471975511966,3.14159265358979,0.401425727958696,3.31612557878923,0.0238371689496027,0.033838804224310945,0.01422182579109655
1.0471975511966,3.14159265358979,0.418879020478639,3.31612557878923,0.0238967109460025,0.0340400635283017,0.0142011496440182
1.0471975511966,3.14159265358979,0.436332312998582,3.31612557878923,0.02401242209940045,0.03407087690750675,0.014097526815064449
1.0471975511966,3.14159265358979,0.453785605518526,3.31612557878923,0.02410907613083435,0.034102094073647546,0.0140922936864332
1.0471975511966,3.14159265358979,0.471238898038469,3.31612557878923,0.02400793035917075,0.0339648609562162,0.014054786884161351
1.0471975511966,3.14159265358979,0.488692190558412,3.31612557878923,0.02390551731735535,0.03380966899883395,0.01392624185551165
1.0471975511966,3.14159265358979,0.506145483078356,3.31612557878923,0.02388612830322695,0.03375783109243365,0.0138157703506165
1.0471975511966,3.14159265358979,0.523598775598299,3.31612557878923,0.0238365975021969,0.03379420975537415,0.013910638672636099
1.0471975511966,3.14159265358979,0.541052068118242,3.31612557878923,0.0236863097667549,0.0338165051632764,0.0140153428477224
1.0471975511966,3.14159265358979,0.558505360638185,3.31612557878923,0.02362283182593665,0.0338070672271525,0.01397669056173175
1.0471975511966,3.14159265358979,0.575958653158129,3.31612557878923,0.02367570256067445,0.0337833694356023,0.013972079715587851
1.0471975511966,3.14159265358979,0.593411945678072,3.31612557878923,0.0237166465394991,0.0335588797306434,0.013989741865323951
1.0471975511966,3.14159265358979,0.610865238198015,3.31612557878923,0.02371886495845405,0.033426307925614504,0.0139910551683486
1.0471975511966,3.14159265358979,0.628318530717959,3.31612557878923,0.023611219428379952,0.03370189059066035,0.01390883482317465
1.0471975511966,3.14159265358979,0.645771823237902,3.31612557878923,0.023583521163415402,0.0340653625148873,0.0137799429086988
1.0471975511966,3.14159265358979,0.663225115757845,3.31612557878923,0.0236862763913851,0.0341862803735042,0.013732978918282651
1.0471975511966,3.14159265358979,0.680678408277788,3.31612557878923,0.0237580463540141,0.0341247462817106,0.01368132372183025
1.0471975511966,3.14159265358979,0.698131700797732,3.31612557878923,0.02369077836271895,0.034022274144052456,0.0136014888790008
1.0471975511966,3.14159265358979,0.715584993317675,3.31612557878923,0.02364454646441385,0.03390480936993165,0.0134238698946612
1.0471975511966,3.14159265358979,0.733038285837618,3.31612557878923,0.02373359311179215,0.033636506609751995,0.013214028838409449
1.0471975511966,3.14159265358979,0.750491578357562,3.31612557878923,0.0238648234806232,0.033505707889316505,0.013089641850772951
1.0471975511966,3.14159265358979,0.767944870877505,3.31612557878923,0.02380010487896735,0.03345118864358705,0.0130929870618331
1.0471975511966,3.14159265358979,0.785398163397448,3.31612557878923,0.02372929584976665,0.033528500098693,0.0131983909307654
1.0471975511966,3.14159265358979,0.802851455917391,3.31612557878923,0.023589903479415447,0.0335116717434354,0.0132089371466345
1.0471975511966,3.14159265358979,0.820304748437335,3.31612557878923,0.02363576955799545,0.03364349423205085,0.013084396720157699
1.0471975511966,3.14159265358979,0.837758040957278,3.31612557878923,0.02371134773873125,0.0336977223800025,0.013005790303587901
1.0471975511966,3.14159265358979,0.855211333477221,3.31612557878923,0.0237168365258947,0.03355657008453695,0.0129143701771903
1.0471975511966,3.14159265358979,0.872664625997165,3.31612557878923,0.0237934628400835,0.0334635563531067,0.0127282808670932
1.0471975511966,3.14159265358979,0.890117918517108,3.31612557878923,0.02382491791194185,0.0334750936422387,0.0123659431559386
1.0471975511966,3.14159265358979,0.907571211037051,3.31612557878923,0.0238719477167906,0.03377143091788125,0.01220191208056385
1.0471975511966,3.14159265358979,0.925024503556995,3.31612557878923,0.02377384511505545,0.03367979686215265,0.01227321986156785
1.0471975511966,3.14159265358979,0.942477796076938,3.31612557878923,0.0239223297022155,0.033742948635767545,0.012059894403230399
1.0471975511966,3.14159265358979,0.959931088596881,3.31612557878923,0.0241805510729887,0.03386657074229065,0.0118896924940224
1.0471975511966,3.14159265358979,0.977384381116825,3.31612557878923,0.0243260842574193,0.0339479772093251,0.0117642482892666
1.0471975511966,3.14159265358979,0.994837673636768,3.31612557878923,0.024275282764648153,0.034213639186721906,0.01169351745231725
1.0471975511966,3.14159265358979,1.01229096615671,3.31612557878923,0.02423284401412245,0.034177449418029,0.0118440613694398
1.0471975511966,3.14159265358979,1.02974425867665,3.31612557878923,0.02435175339154065,0.0341422080347554,0.01221768284140535
1.0471975511966,3.14159265358979,1.0471975511966,3.31612557878923,0.024394536346129952,0.03441855437058635,0.0124915631526904
1.0471975511966,3.14159265358979,1.06465084371654,3.31612557878923,0.0244067342372105,0.03476212970876835,0.0125596562026804
1.0471975511966,3.14159265358979,1.08210413623648,3.31612557878923,0.0243338280424073,0.03522872664758195,0.01252702974232085
1.0471975511966,3.14159265358979,1.09955742875643,3.31612557878923,0.02430259042762315,0.0357506133005212,0.01234936372040355
1.0471975511966,3.14159265358979,1.11701072127637,3.31612557878923,0.02443159640929425,0.036103257260711,0.01223007621204085
1.0471975511966,3.14159265358979,1.13446401379631,3.31612557878923,0.0245319168542752,0.036339253757248904,0.0121893089132769
1.0471975511966,3.14159265358979,1.15191730631626,3.31612557878923,0.0246695311026459,0.0362069358211823,0.01234301268414115
1.0471975511966,3.14159265358979,1.1693705988362,3.31612557878923,0.024707623738817998,0.0362056060185727,0.012393363020991699
1.0471975511966,3.14159265358979,1.18682389135614,3.31612557878923,0.0244893996260786,0.0357170554856924,0.01226258669780525
1.0471975511966,3.14159265358979,1.20427718387609,3.31612557878923,0.0244808449560164,0.03559674801911235,0.01202684746257485
1.0471975511966,3.14159265358979,1.22173047639603,3.31612557878923,0.02437913039136335,0.03510390376182105,0.01186768133611885
1.0471975511966,3.14159265358979,1.23918376891597,3.31612557878923,0.0243640364091042,0.03486523944238805,0.0117223650172744
1.0471975511966,3.14159265358979,1.25663706143592,3.31612557878923,0.0242410321628992,0.03469324095017315,0.0116144974758673
1.0471975511966,3.14159265358979,1.27409035395586,3.31612557878923,0.0241024433322653,0.03443888168653565,0.011613002863841749
1.0471975511966,3.14159265358979,1.2915436464758,3.31612557878923,0.02391763297318805,0.03403051257286065,0.0116413970202944
1.0471975511966,3.14159265358979,1.30899693899575,3.31612557878923,0.023588752456279602,0.03354793028343725,0.01156646036390435
1.0471975511966,3.14159265358979,1.32645023151569,3.31612557878923,0.02222972994470295,0.03155603663469635,0.01087378731351855
1.0471975511966,3.14159265358979,1.34390352403563,3.31612557878923,0.0206651349416802,0.02931508059180045,0.01010352522271881
1.0471975511966,3.14159265358979,1.36135681655558,3.31612557878923,0.01907027306021035,0.02706739161362815,0.00934594828517084
1.0471975511966,3.14159265358979,1.37881010907552,3.31612557878923,0.017452618283976,0.024814415019352103,0.008597348004371706
1.0471975511966,3.14159265358979,1.39626340159546,3.31612557878923,0.01582527765494305,0.0225591084946616,0.007851370114820136
1.0471975511966,3.14159265358979,1.41371669411541,3.31612557878923,0.01425683544783465,0.020283649519487752,0.007015007862943396
1.0471975511966,3.14159265358979,1.43116998663535,3.31612557878923,0.0127030271540646,0.018032421304641402,0.0062152865645277704
1.0471975511966,3.14159265358979,1.44862327915529,3.31612557878923,0.01112272139277355,0.01578400212071025,0.005443920385822625
1.0471975511966,3.14159265358979,1.46607657167524,3.31612557878923,0.009528087925249704,0.01353198394263015,0.00467734920265253
1.0471975511966,3.14159265358979,1.48352986419518,3.31612557878923,0.00792554056212677,0.01127761999983085,0.00391239470557452
1.0471975511966,3.14159265358979,1.50098315671512,3.31612557878923,0.0063225448422712695,0.009022461715954916,0.003145390166929965
1.0471975511966,3.14159265358979,1.51843644923507,3.31612557878923,0.00475012033085978,0.006761899629528121,0.00234262736027723
1.0471975511966,3.14159265358979,1.53588974175501,3.31612557878923,0.003174100865095025,0.00450631742590163,0.001553743449049575
1.0471975511966,3.14159265358979,1.55334303427495,3.31612557878923,0.001586638355724155,0.00225212152326454,0.0007770401837329181
1.0471975511966,3.14159265358979,1.5707963267949,3.31612557878923,0.00102410979769579,0.00145264626035094,0.0005008048857868055
1.0471975511966,3.14159265358979,0.0174532925199433,3.49065850398866,0.0242162535063557,0.0335882618967549,0.0140026996348665
1.0471975511966,3.14159265358979,0.0349065850398866,3.49065850398866,0.0241825660748308,0.033557183535658,0.01402480535045195
1.0471975511966,3.14159265358979,0.0523598775598299,3.49065850398866,0.0242711062078723,0.03356383147076415,0.01418905336536525
1.0471975511966,3.14159265358979,0.0698131700797732,3.49065850398866,0.0244984427536354,0.0337569790829436,0.014065186924235251
1.0471975511966,3.14159265358979,0.0872664625997165,3.49065850398866,0.024692581604576748,0.03400115491495735,0.0141009869936439
1.0471975511966,3.14159265358979,0.10471975511966,3.49065850398866,0.024757991284284797,0.03408176261843375,0.0142400643844427
1.0471975511966,3.14159265358979,0.122173047639603,3.49065850398866,0.024697422051963902,0.0340595750478299,0.01427615003111125
1.0471975511966,3.14159265358979,0.139626340159546,3.49065850398866,0.0245991649505984,0.0340410000401992,0.014263509770110101
1.0471975511966,3.14159265358979,0.15707963267949,3.49065850398866,0.0244950228513182,0.033987083488468,0.01428921234732995
1.0471975511966,3.14159265358979,0.174532925199433,3.49065850398866,0.024462829967793698,0.03392641915206275,0.01431309728517975
1.0471975511966,3.14159265358979,0.191986217719376,3.49065850398866,0.024432026830874698,0.033936303898518996,0.01428279863252625
1.0471975511966,3.14159265358979,0.20943951023932,3.49065850398866,0.024323809517126947,0.03379319966930385,0.01416225271147075
1.0471975511966,3.14159265358979,0.226892802759263,3.49065850398866,0.0241923679932112,0.03333360222398695,0.0140252860416871
1.0471975511966,3.14159265358979,0.244346095279206,3.49065850398866,0.02400166015331865,0.03290040216810345,0.013897380436359501
1.0471975511966,3.14159265358979,0.261799387799149,3.49065850398866,0.02380989143351955,0.0325249860562873,0.013994506806041751
1.0471975511966,3.14159265358979,0.279252680319093,3.49065850398866,0.02359068345592425,0.032507211704789554,0.0141969621814552
1.0471975511966,3.14159265358979,0.296705972839036,3.49065850398866,0.0234677398792132,0.03262697070280515,0.01429626613383565
1.0471975511966,3.14159265358979,0.314159265358979,3.49065850398866,0.0235294699659051,0.03266347005521665,0.014282196947650299
1.0471975511966,3.14159265358979,0.331612557878923,3.49065850398866,0.023525331613477897,0.0328572591093529,0.01424240662925485
1.0471975511966,3.14159265358979,0.349065850398866,3.49065850398866,0.023555426797593648,0.033069134028894956,0.0142918448713509
1.0471975511966,3.14159265358979,0.366519142918809,3.49065850398866,0.0236603502714818,0.03343700757957415,0.01422688239120035
1.0471975511966,3.14159265358979,0.383972435438752,3.49065850398866,0.0238422702277813,0.03378402652169875,0.014221515473477251
1.0471975511966,3.14159265358979,0.401425727958696,3.49065850398866,0.023946381524461248,0.0339872018325919,0.01425018743706565
1.0471975511966,3.14159265358979,0.418879020478639,3.49065850398866,0.02406027257113445,0.0341184408405089,0.0141917811695083
1.0471975511966,3.14159265358979,0.436332312998582,3.49065850398866,0.0241791240700456,0.034089062510897605,0.01410943059550205
1.0471975511966,3.14159265358979,0.453785605518526,3.49065850398866,0.024165694044237247,0.03399710025533875,0.01414326656825925
1.0471975511966,3.14159265358979,0.471238898038469,3.49065850398866,0.02402311107622555,0.03391421244694915,0.014191979554061849
1.0471975511966,3.14159265358979,0.488692190558412,3.49065850398866,0.0239203441815172,0.03375444888205225,0.01417794057165455
1.0471975511966,3.14159265358979,0.506145483078356,3.49065850398866,0.0237830960340758,0.03355792468179765,0.014101276040402701
1.0471975511966,3.14159265358979,0.523598775598299,3.49065850398866,0.0237083368135046,0.03342439982099275,0.01402140646355595
1.0471975511966,3.14159265358979,0.541052068118242,3.49065850398866,0.02369432429384945,0.0336103635508049,0.0138657842273516
1.0471975511966,3.14159265358979,0.558505360638185,3.49065850398866,0.023698597216321497,0.0338589854994112,0.013624881249784001
1.0471975511966,3.14159265358979,0.575958653158129,3.49065850398866,0.02361990715114315,0.0336371502949671,0.01351687896545315
1.0471975511966,3.14159265358979,0.593411945678072,3.49065850398866,0.0235696625127591,0.033492015257434546,0.013583983037127299
1.0471975511966,3.14159265358979,0.610865238198015,3.49065850398866,0.023502341564915152,0.0334388808554541,0.0136192269265589
1.0471975511966,3.14159265358979,0.628318530717959,3.49065850398866,0.0236768125300591,0.0337017850270605,0.01370654667537595
1.0471975511966,3.14159265358979,0.645771823237902,3.49065850398866,0.02377868597679845,0.03389507717929745,0.0138656800791155
1.0471975511966,3.14159265358979,0.663225115757845,3.49065850398866,0.02381980977928045,0.0338205044081161,0.01382347561701765
1.0471975511966,3.14159265358979,0.680678408277788,3.49065850398866,0.02384359737551955,0.034067279237072146,0.013619449425082801
1.0471975511966,3.14159265358979,0.698131700797732,3.49065850398866,0.02387822605315315,0.034218316125433954,0.013474961932697701
1.0471975511966,3.14159265358979,0.715584993317675,3.49065850398866,0.0238741157326663,0.03415651753830695,0.0135094509212156
1.0471975511966,3.14159265358979,0.733038285837618,3.49065850398866,0.02382602001934795,0.0339259784498988,0.0136112015585225
1.0471975511966,3.14159265358979,0.750491578357562,3.49065850398866,0.023792724657692,0.033800083751624646,0.01363484404764775
1.0471975511966,3.14159265358979,0.767944870877505,3.49065850398866,0.0237049242315116,0.0336904898806843,0.013634191066349052
1.0471975511966,3.14159265358979,0.785398163397448,3.49065850398866,0.0236933520132665,0.03367698489732935,0.01358112404794835
1.0471975511966,3.14159265358979,0.802851455917391,3.49065850398866,0.023745356289620698,0.0338391978783903,0.0135908779560291
1.0471975511966,3.14159265358979,0.820304748437335,3.49065850398866,0.023837971002827203,0.0341123707474118,0.013664629632237451
1.0471975511966,3.14159265358979,0.837758040957278,3.49065850398866,0.02379483221126755,0.0340693588900403,0.0136651966811551
1.0471975511966,3.14159265358979,0.855211333477221,3.49065850398866,0.023840577431459252,0.03396786043783505,0.0136522158030013
1.0471975511966,3.14159265358979,0.872664625997165,3.49065850398866,0.02390032040434855,0.03402932678749675,0.013549474448105149
1.0471975511966,3.14159265358979,0.890117918517108,3.49065850398866,0.023956000005267798,0.03394431702995595,0.013232849993986249
1.0471975511966,3.14159265358979,0.907571211037051,3.49065850398866,0.02405820979310095,0.03394770306219155,0.012663493399278001
1.0471975511966,3.14159265358979,0.925024503556995,3.49065850398866,0.02411456195470585,0.0338152653321648,0.01231434415457755
1.0471975511966,3.14159265358979,0.942477796076938,3.49065850398866,0.024013623912591,0.03357857058182535,0.01232978092124265
1.0471975511966,3.14159265358979,0.959931088596881,3.49065850398866,0.02397472759389435,0.033356034843353546,0.0123375461240164
1.0471975511966,3.14159265358979,0.977384381116825,3.49065850398866,0.0239040970314577,0.03355070630738065,0.0119995597423741
1.0471975511966,3.14159265358979,0.994837673636768,3.49065850398866,0.023894956885653948,0.0337462936397914,0.0117694743395006
1.0471975511966,3.14159265358979,1.01229096615671,3.49065850398866,0.023706121830994797,0.03359346221977125,0.01176378357156725
1.0471975511966,3.14159265358979,1.02974425867665,3.49065850398866,0.0236459504331192,0.03368455957951545,0.0118599960857673
1.0471975511966,3.14159265358979,1.0471975511966,3.49065850398866,0.0237885322091936,0.0340413474993429,0.012041802718443951
1.0471975511966,3.14159265358979,1.06465084371654,3.49065850398866,0.02385484241981545,0.0343857195575421,0.012384783359881801
1.0471975511966,3.14159265358979,1.08210413623648,3.49065850398866,0.02392200616041195,0.03455264980682635,0.01271520758786145
1.0471975511966,3.14159265358979,1.09955742875643,3.49065850398866,0.023891244165796702,0.03458278741710605,0.0126935556628719
1.0471975511966,3.14159265358979,1.11701072127637,3.49065850398866,0.0239467418489742,0.034336453905553996,0.0125851328442989
1.0471975511966,3.14159265358979,1.13446401379631,3.49065850398866,0.0241497137419599,0.0340742290517259,0.01250343748688685
1.0471975511966,3.14159265358979,1.15191730631626,3.49065850398866,0.024182603189725448,0.03424464439779425,0.0123279038374538
1.0471975511966,3.14159265358979,1.1693705988362,3.49065850398866,0.0242234934500268,0.03404380162241405,0.01225528816573335
1.0471975511966,3.14159265358979,1.18682389135614,3.49065850398866,0.02428926457530945,0.0337264936468224,0.01214247307567445
1.0471975511966,3.14159265358979,1.20427718387609,3.49065850398866,0.024188509710178552,0.033490359324399796,0.0120428102221264
1.0471975511966,3.14159265358979,1.22173047639603,3.49065850398866,0.02416312034836085,0.0333102179599825,0.0119842012999863
1.0471975511966,3.14159265358979,1.23918376891597,3.49065850398866,0.024146216050404852,0.033258575106969945,0.01190648837649355
1.0471975511966,3.14159265358979,1.25663706143592,3.49065850398866,0.02404604015751325,0.0330041674744714,0.0118831412244706
1.0471975511966,3.14159265358979,1.27409035395586,3.49065850398866,0.0240151936080906,0.032938839641208445,0.011883038609174501
1.0471975511966,3.14159265358979,1.2915436464758,3.49065850398866,0.023977024346955,0.03285108663311235,0.01184681036802795
1.0471975511966,3.14159265358979,1.30899693899575,3.49065850398866,0.0235334320410743,0.0322563279849215,0.01168921641511855
1.0471975511966,3.14159265358979,1.32645023151569,3.49065850398866,0.02235259492886945,0.0305928706164043,0.01107265259146705
1.0471975511966,3.14159265358979,1.34390352403563,3.49065850398866,0.020740558880822102,0.0283561023216054,0.0103273826226199
1.0471975511966,3.14159265358979,1.36135681655558,3.49065850398866,0.01912346174329815,0.0261618705930232,0.009546931385283055
1.0471975511966,3.14159265358979,1.37881010907552,3.49065850398866,0.01756294395736145,0.024034302015432697,0.00870246742371468
1.0471975511966,3.14159265358979,1.39626340159546,3.49065850398866,0.015954987982921248,0.021815546513570448,0.007940360686218874
1.0471975511966,3.14159265358979,1.41371669411541,3.49065850398866,0.014364683655475649,0.01966605491166445,0.0071161709295356704
1.0471975511966,3.14159265358979,1.43116998663535,3.49065850398866,0.0127722201036593,0.01747704790496315,0.006331129889332024
1.0471975511966,3.14159265358979,1.44862327915529,3.49065850398866,0.01116611204098555,0.01526395421588065,0.00556401561770078
1.0471975511966,3.14159265358979,1.46607657167524,3.49065850398866,0.009577545416830875,0.01310515194043445,0.004748334255291575
1.0471975511966,3.14159265358979,1.48352986419518,3.49065850398866,0.00798183673963165,0.0109212888271677,0.003958015510342555
1.0471975511966,3.14159265358979,1.50098315671512,3.49065850398866,0.006379407384494705,0.00872013430654762,0.003179669678687655
1.0471975511966,3.14159265358979,1.51843644923507,3.49065850398866,0.004786187054439995,0.006545652851923765,0.00237928502303489
1.0471975511966,3.14159265358979,1.53588974175501,3.49065850398866,0.00319196736155242,0.0043672622359739646,0.0015832101975778948
1.0471975511966,3.14159265358979,1.55334303427495,3.49065850398866,0.001593763675311255,0.0021796445141234197,0.0007922984805961209
1.0471975511966,3.14159265358979,1.5707963267949,3.49065850398866,0.0010106395678827046,0.00138310581139499,0.0005006235799050629
1.0471975511966,3.14159265358979,0.0174532925199433,3.66519142918809,0.02424346461163745,0.03357043205442075,0.01402047312022
1.0471975511966,3.14159265358979,0.0349065850398866,3.66519142918809,0.024226762230923647,0.03355443862179815,0.014071443436383401
1.0471975511966,3.14159265358979,0.0523598775598299,3.66519142918809,0.02432514119667885,0.03362560761668955,0.01420621541546655
1.0471975511966,3.14159265358979,0.0698131700797732,3.66519142918809,0.0245785068025833,0.03390416788423105,0.014135037641831
1.0471975511966,3.14159265358979,0.0872664625997165,3.66519142918809,0.0247981957564486,0.03428939953382725,0.0141998264629065
1.0471975511966,3.14159265358979,0.10471975511966,3.66519142918809,0.024980199733234253,0.03451555320208835,0.01442715335996025
1.0471975511966,3.14159265358979,0.122173047639603,3.66519142918809,0.0250332276456473,0.03452705770093585,0.014516035727991799
1.0471975511966,3.14159265358979,0.139626340159546,3.66519142918809,0.02499391869173315,0.034479126764257045,0.014406622449327701
1.0471975511966,3.14159265358979,0.15707963267949,3.66519142918809,0.0248299526087163,0.03432524457002155,0.0144224073712765
1.0471975511966,3.14159265358979,0.174532925199433,3.66519142918809,0.02469441468611585,0.034283274460899904,0.014431695665093
1.0471975511966,3.14159265358979,0.191986217719376,3.66519142918809,0.02458528247850385,0.03420712071002,0.01436013815296655
1.0471975511966,3.14159265358979,0.20943951023932,3.66519142918809,0.0244074998874343,0.03397346083691315,0.014335981941029249
1.0471975511966,3.14159265358979,0.226892802759263,3.66519142918809,0.0241550501572823,0.033451454444124354,0.014203266316987151
1.0471975511966,3.14159265358979,0.244346095279206,3.66519142918809,0.023867481417731498,0.032899376765932103,0.01398710108518985
1.0471975511966,3.14159265358979,0.261799387799149,3.66519142918809,0.02351662862150795,0.0324189090305063,0.013882749060698151
1.0471975511966,3.14159265358979,0.279252680319093,3.66519142918809,0.02337715546747425,0.03214982346127785,0.0139807404808463
1.0471975511966,3.14159265358979,0.296705972839036,3.66519142918809,0.0233795897592455,0.032247180779246896,0.01403516442387885
1.0471975511966,3.14159265358979,0.314159265358979,3.66519142918809,0.0235854906215036,0.0325127385649904,0.014135739257335
1.0471975511966,3.14159265358979,0.331612557878923,3.66519142918809,0.02379691941055235,0.032675200871737906,0.014215229863695
1.0471975511966,3.14159265358979,0.349065850398866,3.66519142918809,0.02393740861086515,0.03298565061264175,0.0142412490813939
1.0471975511966,3.14159265358979,0.366519142918809,3.66519142918809,0.024025149149847,0.03343871584794475,0.01421572687644905
1.0471975511966,3.14159265358979,0.383972435438752,3.66519142918809,0.024111564022452,0.033676752807893395,0.01421579384929755
1.0471975511966,3.14159265358979,0.401425727958696,3.66519142918809,0.024104868045061997,0.0338745475577935,0.0141943771314544
1.0471975511966,3.14159265358979,0.418879020478639,3.66519142918809,0.024098909733941652,0.0341004141332105,0.014150603115249651
1.0471975511966,3.14159265358979,0.436332312998582,3.66519142918809,0.02431914907982475,0.0344586126807673,0.01403936211178365
1.0471975511966,3.14159265358979,0.453785605518526,3.66519142918809,0.024459019534232698,0.0344590854010388,0.013959678536383451
1.0471975511966,3.14159265358979,0.471238898038469,3.66519142918809,0.0244746453073144,0.03407858559095125,0.01397694642885505
1.0471975511966,3.14159265358979,0.488692190558412,3.66519142918809,0.0243824054467257,0.0338055877339955,0.0139954332989721
1.0471975511966,3.14159265358979,0.506145483078356,3.66519142918809,0.02409785704763865,0.03361903936313955,0.013928893622385051
1.0471975511966,3.14159265358979,0.523598775598299,3.66519142918809,0.0238185883508416,0.03363138942590345,0.01383019833438925
1.0471975511966,3.14159265358979,0.541052068118242,3.66519142918809,0.0239096002980299,0.0334656702344622,0.01368684460800475
1.0471975511966,3.14159265358979,0.558505360638185,3.66519142918809,0.0239260418066954,0.0337508449541232,0.01362689494562705
1.0471975511966,3.14159265358979,0.575958653158129,3.66519142918809,0.023893764605575248,0.03384859951949775,0.0137111819010403
1.0471975511966,3.14159265358979,0.593411945678072,3.66519142918809,0.023828768196659952,0.0339515334053716,0.0137689575097696
1.0471975511966,3.14159265358979,0.610865238198015,3.66519142918809,0.02372211604414885,0.03405503718126525,0.013911422980218299
1.0471975511966,3.14159265358979,0.628318530717959,3.66519142918809,0.02363674618516025,0.034166137625042295,0.01394974104701715
1.0471975511966,3.14159265358979,0.645771823237902,3.66519142918809,0.023776276142162,0.034244904162633996,0.0138164700633829
1.0471975511966,3.14159265358979,0.663225115757845,3.66519142918809,0.0239015454943654,0.03441463546283415,0.0139716264396272
1.0471975511966,3.14159265358979,0.680678408277788,3.66519142918809,0.023769598046642797,0.03453902088348845,0.01416029816364225
1.0471975511966,3.14159265358979,0.698131700797732,3.66519142918809,0.02369390134618505,0.03447288153859465,0.014084713926685099
1.0471975511966,3.14159265358979,0.715584993317675,3.66519142918809,0.02363365371078845,0.0341276597465337,0.013941831403681701
1.0471975511966,3.14159265358979,0.733038285837618,3.66519142918809,0.0236729612135942,0.03376294761107555,0.013749088150412949
1.0471975511966,3.14159265358979,0.750491578357562,3.66519142918809,0.023565765279421752,0.033472944009131145,0.0136105067529572
1.0471975511966,3.14159265358979,0.767944870877505,3.66519142918809,0.023420145034104653,0.03313428861316925,0.0136497120850063
1.0471975511966,3.14159265358979,0.785398163397448,3.66519142918809,0.02327026653197435,0.033161604869673,0.01366397260120465
1.0471975511966,3.14159265358979,0.802851455917391,3.66519142918809,0.0231910067793111,0.033148988511612,0.013718801392565
1.0471975511966,3.14159265358979,0.820304748437335,3.66519142918809,0.02337245433609455,0.033345541288292146,0.01354981624234995
1.0471975511966,3.14159265358979,0.837758040957278,3.66519142918809,0.0234768871209038,0.0333719030997183,0.01339981529929855
1.0471975511966,3.14159265358979,0.855211333477221,3.66519142918809,0.0235567658177223,0.03350560858417785,0.0133944332779484
1.0471975511966,3.14159265358979,0.872664625997165,3.66519142918809,0.0236977589554973,0.03385505356263345,0.013253136182675901
1.0471975511966,3.14159265358979,0.890117918517108,3.66519142918809,0.02385468677295155,0.033963000972069696,0.013004729247568549
1.0471975511966,3.14159265358979,0.907571211037051,3.66519142918809,0.02388571121047245,0.034275905739771004,0.012836493320158252
1.0471975511966,3.14159265358979,0.925024503556995,3.66519142918809,0.02407727382765995,0.03440865192670345,0.013436713320667499
1.0471975511966,3.14159265358979,0.942477796076938,3.66519142918809,0.02417021420187475,0.0344467870866588,0.01358411494356225
1.0471975511966,3.14159265358979,0.959931088596881,3.66519142918809,0.0240359619298443,0.03455685687394105,0.0134615743176404
1.0471975511966,3.14159265358979,0.977384381116825,3.66519142918809,0.0237364025545002,0.03432328747362465,0.0134625288808194
1.0471975511966,3.14159265358979,0.994837673636768,3.66519142918809,0.02353666134788575,0.033741835330151,0.012980875571720351
1.0471975511966,3.14159265358979,1.01229096615671,3.66519142918809,0.02355943836829015,0.03365205220411595,0.012598047175738349
1.0471975511966,3.14159265358979,1.02974425867665,3.66519142918809,0.0235806609876541,0.033635825759303406,0.0122920953878817
1.0471975511966,3.14159265358979,1.0471975511966,3.66519142918809,0.023386714134800153,0.0336439575580827,0.012185143800099999
1.0471975511966,3.14159265358979,1.06465084371654,3.66519142918809,0.02324668337185805,0.0337425134835224,0.012307281489661249
1.0471975511966,3.14159265358979,1.08210413623648,3.66519142918809,0.02354015279742085,0.0338123186300599,0.0124707522327838
1.0471975511966,3.14159265358979,1.09955742875643,3.66519142918809,0.02366070164965385,0.0337903447425785,0.012557908726422401
1.0471975511966,3.14159265358979,1.11701072127637,3.66519142918809,0.023705248189497402,0.0337897592652706,0.01246192033880715
1.0471975511966,3.14159265358979,1.13446401379631,3.66519142918809,0.02361186207477295,0.03362264672017795,0.0122248523969582
1.0471975511966,3.14159265358979,1.15191730631626,3.66519142918809,0.0234413014911358,0.0336542945759404,0.01188426551147035
1.0471975511966,3.14159265358979,1.1693705988362,3.66519142918809,0.0233181253960261,0.033659765776029596,0.01178361992968455
1.0471975511966,3.14159265358979,1.18682389135614,3.66519142918809,0.0233096185009192,0.0333924505290078,0.01169019293951595
1.0471975511966,3.14159265358979,1.20427718387609,3.66519142918809,0.0231512749637003,0.03306169868667115,0.01159838325060575
1.0471975511966,3.14159265358979,1.22173047639603,3.66519142918809,0.023166618135482847,0.03293612640695135,0.0116081682425637
1.0471975511966,3.14159265358979,1.23918376891597,3.66519142918809,0.02317251829335025,0.03282414557431995,0.01155406440579355
1.0471975511966,3.14159265358979,1.25663706143592,3.66519142918809,0.02305291628393115,0.0325893557519734,0.0116588090264556
1.0471975511966,3.14159265358979,1.27409035395586,3.66519142918809,0.022989465579421352,0.0325312732646336,0.0114719438143271
1.0471975511966,3.14159265358979,1.2915436464758,3.66519142918809,0.0228162873778695,0.03239868683460255,0.01158789861749425
1.0471975511966,3.14159265358979,1.30899693899575,3.66519142918809,0.0225352085278164,0.031886188049928155,0.011192845334175201
1.0471975511966,3.14159265358979,1.32645023151569,3.66519142918809,0.021124469484112902,0.02981320348662345,0.01058068142108
1.0471975511966,3.14159265358979,1.34390352403563,3.66519142918809,0.01963376462624005,0.0277379453577743,0.009858115330652985
1.0471975511966,3.14159265358979,1.36135681655558,3.66519142918809,0.01813502005542625,0.025555775103625798,0.009103769385489013
1.0471975511966,3.14159265358979,1.37881010907552,3.66519142918809,0.01665658248064445,0.0235466685930889,0.008340929219327557
1.0471975511966,3.14159265358979,1.39626340159546,3.66519142918809,0.0150974608486527,0.02130350957383545,0.0075693935142921945
1.0471975511966,3.14159265358979,1.41371669411541,3.66519142918809,0.0136002132325359,0.01919745359065885,0.0068142004420608405
1.0471975511966,3.14159265358979,1.43116998663535,3.66519142918809,0.012071874319012299,0.01703598841459825,0.006046819695735915
1.0471975511966,3.14159265358979,1.44862327915529,3.66519142918809,0.010572126565912849,0.01492347355348195,0.00530668686070136
1.0471975511966,3.14159265358979,1.46607657167524,3.66519142918809,0.009076419925708104,0.012767750679533299,0.00456118827894194
1.0471975511966,3.14159265358979,1.48352986419518,3.66519142918809,0.00755683452087507,0.01066605659272535,0.00379900201613137
1.0471975511966,3.14159265358979,1.50098315671512,3.66519142918809,0.0060419630081166905,0.00851990428517088,0.00303144344844726
1.0471975511966,3.14159265358979,1.51843644923507,3.66519142918809,0.00453592735637732,0.00640230017116183,0.00226886769030559
1.0471975511966,3.14159265358979,1.53588974175501,3.66519142918809,0.00301795072646552,0.004260640549663405,0.00151225094254186
1.0471975511966,3.14159265358979,1.55334303427495,3.66519142918809,0.001509747530042685,0.00212834190343763,0.000757445082894572
1.0471975511966,3.14159265358979,1.5707963267949,3.66519142918809,0.0008441214589130315,0.0012015390719821851,0.000423032132450598
1.0471975511966,3.14159265358979,0.0174532925199433,3.83972435438753,0.024271014770967998,0.03354260062426465,0.01403478996119865
1.0471975511966,3.14159265358979,0.0349065850398866,3.83972435438753,0.02424539923959075,0.033556348822065554,0.01414631824606765
1.0471975511966,3.14159265358979,0.0523598775598299,3.83972435438753,0.0243279900598265,0.03363276512766125,0.01429896659248455
1.0471975511966,3.14159265358979,0.0698131700797732,3.83972435438753,0.024538506403653453,0.03390891758035375,0.01415857145998985
1.0471975511966,3.14159265358979,0.0872664625997165,3.83972435438753,0.0247836239947078,0.0344113711779752,0.014228345956338
1.0471975511966,3.14159265358979,0.10471975511966,3.83972435438753,0.0249791806398003,0.0347476787095041,0.0144733777557111
1.0471975511966,3.14159265358979,0.122173047639603,3.83972435438753,0.02513180874321945,0.034873749518780806,0.014606293252779099
1.0471975511966,3.14159265358979,0.139626340159546,3.83972435438753,0.0251836530395499,0.03482018742793826,0.0146361037863472
1.0471975511966,3.14159265358979,0.15707963267949,3.83972435438753,0.025046145096910048,0.034901355073284304,0.0145286332863219
1.0471975511966,3.14159265358979,0.174532925199433,3.83972435438753,0.02498474029001175,0.034815599239538406,0.01438698886205525
1.0471975511966,3.14159265358979,0.191986217719376,3.83972435438753,0.0248476104373467,0.0345874680430261,0.0142939751197982
1.0471975511966,3.14159265358979,0.20943951023932,3.83972435438753,0.024604606540967,0.0339273195425712,0.0142908809621275
1.0471975511966,3.14159265358979,0.226892802759263,3.83972435438753,0.024400607660717798,0.03315669375014725,0.01424310724853605
1.0471975511966,3.14159265358979,0.244346095279206,3.83972435438753,0.0241714849654115,0.0325598196428813,0.0141246305945899
1.0471975511966,3.14159265358979,0.261799387799149,3.83972435438753,0.02386888049678225,0.0323777468519277,0.0139550064481287
1.0471975511966,3.14159265358979,0.279252680319093,3.83972435438753,0.02361807317498755,0.0321923446375422,0.013897014143965901
1.0471975511966,3.14159265358979,0.296705972839036,3.83972435438753,0.02334705435463855,0.03181746153574745,0.01388532270227235
1.0471975511966,3.14159265358979,0.314159265358979,3.83972435438753,0.0232464743154537,0.0319394297608115,0.01393170542579985
1.0471975511966,3.14159265358979,0.331612557878923,3.83972435438753,0.0233553667569194,0.032295813835493,0.0139576354850503
1.0471975511966,3.14159265358979,0.349065850398866,3.83972435438753,0.0235303720508498,0.03283166452329665,0.01402472316028235
1.0471975511966,3.14159265358979,0.366519142918809,3.83972435438753,0.0238370858679167,0.03344062427602765,0.014120912850872101
1.0471975511966,3.14159265358979,0.383972435438752,3.83972435438753,0.024054378184985,0.0337850860520644,0.0141242556951538
1.0471975511966,3.14159265358979,0.401425727958696,3.83972435438753,0.024136548611181648,0.0339366767165035,0.0140496510166585
1.0471975511966,3.14159265358979,0.418879020478639,3.83972435438753,0.024296874068464203,0.03413253343505715,0.013984489102406999
1.0471975511966,3.14159265358979,0.436332312998582,3.83972435438753,0.0245256907711196,0.0343474781371765,0.0139354564999245
1.0471975511966,3.14159265358979,0.453785605518526,3.83972435438753,0.0244392043867677,0.0343895195707675,0.013905580650983851
1.0471975511966,3.14159265358979,0.471238898038469,3.83972435438753,0.02435122751291325,0.03422789875299595,0.0137590896309133
1.0471975511966,3.14159265358979,0.488692190558412,3.83972435438753,0.0242232228269659,0.03411924630702385,0.0137251983705244
1.0471975511966,3.14159265358979,0.506145483078356,3.83972435438753,0.02405026101474385,0.033966606077432904,0.0137823558699385
1.0471975511966,3.14159265358979,0.523598775598299,3.83972435438753,0.02392105015410095,0.0337742707274801,0.0139103745189547
1.0471975511966,3.14159265358979,0.541052068118242,3.83972435438753,0.0238052286387311,0.033564850135052796,0.01384114035153705
1.0471975511966,3.14159265358979,0.558505360638185,3.83972435438753,0.023647894608200097,0.033543638544066195,0.013736364043015651
1.0471975511966,3.14159265358979,0.575958653158129,3.83972435438753,0.023569778373746797,0.03351384568493275,0.013708526938397251
1.0471975511966,3.14159265358979,0.593411945678072,3.83972435438753,0.02366684996337405,0.033548494798224096,0.01386967053987935
1.0471975511966,3.14159265358979,0.610865238198015,3.83972435438753,0.023676852487521098,0.0337680100279475,0.0138223028997044
1.0471975511966,3.14159265358979,0.628318530717959,3.83972435438753,0.02352707820606215,0.033876544769780345,0.0137056755672912
1.0471975511966,3.14159265358979,0.645771823237902,3.83972435438753,0.0232298433427454,0.034013491756586245,0.013795794215660701
1.0471975511966,3.14159265358979,0.663225115757845,3.83972435438753,0.023265144689697703,0.034052101883143754,0.01385695783660525
1.0471975511966,3.14159265358979,0.680678408277788,3.83972435438753,0.0234964772374159,0.03382721404813315,0.01396310991202725
1.0471975511966,3.14159265358979,0.698131700797732,3.83972435438753,0.02351259037057605,0.033875227816504344,0.0140104852534967
1.0471975511966,3.14159265358979,0.715584993317675,3.83972435438753,0.0234282081314515,0.03389038093690265,0.013885434925198899
1.0471975511966,3.14159265358979,0.733038285837618,3.83972435438753,0.02337536303028845,0.033808157513977255,0.013753340273915449
1.0471975511966,3.14159265358979,0.750491578357562,3.83972435438753,0.02342856335765845,0.03377540286329245,0.013447062920251749
1.0471975511966,3.14159265358979,0.767944870877505,3.83972435438753,0.0234840832379785,0.0336038829152053,0.0134046201145522
1.0471975511966,3.14159265358979,0.785398163397448,3.83972435438753,0.0236337966632714,0.0333998768149171,0.01349491143377535
1.0471975511966,3.14159265358979,0.802851455917391,3.83972435438753,0.023652864236724552,0.033504791674213,0.013596032574118951
1.0471975511966,3.14159265358979,0.820304748437335,3.83972435438753,0.0235788042828583,0.03362303284379915,0.0137494882371995
1.0471975511966,3.14159265358979,0.837758040957278,3.83972435438753,0.02342715749994915,0.0334899523885219,0.013542272675418299
1.0471975511966,3.14159265358979,0.855211333477221,3.83972435438753,0.023484215913506752,0.033597943465712446,0.0134707991274619
1.0471975511966,3.14159265358979,0.872664625997165,3.83972435438753,0.0235606339099544,0.0338696810270776,0.0134657003910057
1.0471975511966,3.14159265358979,0.890117918517108,3.83972435438753,0.023425008437720052,0.034038448698297,0.01345822926874765
1.0471975511966,3.14159265358979,0.907571211037051,3.83972435438753,0.02321812755563625,0.0339826065186015,0.01345070977882705
1.0471975511966,3.14159265358979,0.925024503556995,3.83972435438753,0.02333192310859105,0.0339283200536266,0.013474784064266849
1.0471975511966,3.14159265358979,0.942477796076938,3.83972435438753,0.02344003308914385,0.0338750864357567,0.01338707376670945
1.0471975511966,3.14159265358979,0.959931088596881,3.83972435438753,0.02346836054936105,0.0339314749648596,0.013191395702765549
1.0471975511966,3.14159265358979,0.977384381116825,3.83972435438753,0.023144435692708548,0.033909083659175054,0.013133391873647201
1.0471975511966,3.14159265358979,0.994837673636768,3.83972435438753,0.022764521675164448,0.03373314390766545,0.012788619984596801
1.0471975511966,3.14159265358979,1.01229096615671,3.83972435438753,0.0227138570117106,0.033358541943405,0.0127200941290424
1.0471975511966,3.14159265358979,1.02974425867665,3.83972435438753,0.0228547235136141,0.03285125209717975,0.012781588923373801
1.0471975511966,3.14159265358979,1.0471975511966,3.83972435438753,0.0227764882170875,0.03283148074134665,0.01251587799855005
1.0471975511966,3.14159265358979,1.06465084371654,3.83972435438753,0.02272485874159605,0.033006221048180046,0.0125624613824267
1.0471975511966,3.14159265358979,1.08210413623648,3.83972435438753,0.0227640855032274,0.032943351004420904,0.01250825436690155
1.0471975511966,3.14159265358979,1.09955742875643,3.83972435438753,0.022813930470411248,0.03296103147905635,0.0124957105031089
1.0471975511966,3.14159265358979,1.11701072127637,3.83972435438753,0.0228299631561583,0.03291836060847305,0.012481873258254051
1.0471975511966,3.14159265358979,1.13446401379631,3.83972435438753,0.02285441648772165,0.032631105130924196,0.012358198195715351
1.0471975511966,3.14159265358979,1.15191730631626,3.83972435438753,0.02278023363517845,0.03262725446434315,0.0120611568174531
1.0471975511966,3.14159265358979,1.1693705988362,3.83972435438753,0.02280167910036575,0.03253615698805305,0.011797730758584351
1.0471975511966,3.14159265358979,1.18682389135614,3.83972435438753,0.0226601919764908,0.03229132613197115,0.01156988233968315
1.0471975511966,3.14159265358979,1.20427718387609,3.83972435438753,0.02242531275033675,0.031998031073001046,0.01140658397963885
1.0471975511966,3.14159265358979,1.22173047639603,3.83972435438753,0.0223217143693254,0.031703019188610654,0.01126092221092415
1.0471975511966,3.14159265358979,1.23918376891597,3.83972435438753,0.02224962634876275,0.0317933389164729,0.01126717822986915
1.0471975511966,3.14159265358979,1.25663706143592,3.83972435438753,0.022068103916889348,0.0316909169960249,0.0113072555754834
1.0471975511966,3.14159265358979,1.27409035395586,3.83972435438753,0.021879585181928,0.03165821085625295,0.01128581714147195
1.0471975511966,3.14159265358979,1.2915436464758,3.83972435438753,0.02187692229581225,0.0314230519238957,0.011316117607509751
1.0471975511966,3.14159265358979,1.30899693899575,3.83972435438753,0.02135799089254585,0.031124972844172448,0.01118020206790325
1.0471975511966,3.14159265358979,1.32645023151569,3.83972435438753,0.020200645230207002,0.029483531238824898,0.0105802961259019
1.0471975511966,3.14159265358979,1.34390352403563,3.83972435438753,0.018743988229727,0.0274356222352793,0.009839640135381234
1.0471975511966,3.14159265358979,1.36135681655558,3.83972435438753,0.01728341325715145,0.02519709127546375,0.009043609875972955
1.0471975511966,3.14159265358979,1.37881010907552,3.83972435438753,0.0158928262136486,0.023093097374381852,0.008295502035716964
1.0471975511966,3.14159265358979,1.39626340159546,3.83972435438753,0.01442079064813425,0.021026820688481003,0.00754631916719453
1.0471975511966,3.14159265358979,1.41371669411541,3.83972435438753,0.012959880114464549,0.018907307496938752,0.00678329334833734
1.0471975511966,3.14159265358979,1.43116998663535,3.83972435438753,0.0115399177538669,0.01683628692205265,0.006041999276575425
1.0471975511966,3.14159265358979,1.44862327915529,3.83972435438753,0.01010531166753876,0.014725458878007549,0.005289863593725901
1.0471975511966,3.14159265358979,1.46607657167524,3.83972435438753,0.00864496053485115,0.0126397692891459,0.00453339836202329
1.0471975511966,3.14159265358979,1.48352986419518,3.83972435438753,0.00721273161785346,0.010534704164770401,0.0037798790789413048
1.0471975511966,3.14159265358979,1.50098315671512,3.83972435438753,0.005758272086642,0.00839474101408885,0.0030126812363454603
1.0471975511966,3.14159265358979,1.51843644923507,3.83972435438753,0.0043207025989722755,0.0063014879647879645,0.002261030373668175
1.0471975511966,3.14159265358979,1.53588974175501,3.83972435438753,0.00288245534619974,0.0042035929043603,0.00150857313105088
1.0471975511966,3.14159265358979,1.55334303427495,3.83972435438753,0.0014389850813700802,0.0020995348362653496,0.0007532708122384971
1.0471975511966,3.14159265358979,1.5707963267949,3.83972435438753,-1.5289587996271396e-06,-1.1735598491740987e-06,-2.468808938012493e-08
1.0471975511966,3.14159265358979,0.0174532925199433,4.01425727958696,0.0242978078605633,0.03350418151864765,0.01404372712119075
1.0471975511966,3.14159265358979,0.0349065850398866,4.01425727958696,0.0242514303524076,0.03354552921136225,0.01421137149060925
1.0471975511966,3.14159265358979,0.0523598775598299,4.01425727958696,0.024279457864312,0.03360645007401385,0.0143826895817031
1.0471975511966,3.14159265358979,0.0698131700797732,4.01425727958696,0.024446207288839603,0.03385438966208415,0.01426903342201375
1.0471975511966,3.14159265358979,0.0872664625997165,4.01425727958696,0.024629640262647898,0.034199470074588054,0.01431573557447845
1.0471975511966,3.14159265358979,0.10471975511966,4.01425727958696,0.0248645948182755,0.03463932967428775,0.0144811839648401
1.0471975511966,3.14159265358979,0.122173047639603,4.01425727958696,0.02503312134890365,0.03485500442035705,0.014625419985817751
1.0471975511966,3.14159265358979,0.139626340159546,4.01425727958696,0.025146590015819252,0.03493476677385695,0.0146795917743512
1.0471975511966,3.14159265358979,0.15707963267949,4.01425727958696,0.0251324303569,0.03503830331865285,0.0145689973918241
1.0471975511966,3.14159265358979,0.174532925199433,4.01425727958696,0.0250742163433149,0.035067599087918955,0.0144323801215142
1.0471975511966,3.14159265358979,0.191986217719376,4.01425727958696,0.02508603109878205,0.034858950763524396,0.014373528140216151
1.0471975511966,3.14159265358979,0.20943951023932,4.01425727958696,0.02503882697482635,0.0342440419584361,0.01434716123090265
1.0471975511966,3.14159265358979,0.226892802759263,4.01425727958696,0.02484203429795845,0.03334238000312275,0.014214105214739349
1.0471975511966,3.14159265358979,0.244346095279206,4.01425727958696,0.02443993419849015,0.03251249748698505,0.014011915458937249
1.0471975511966,3.14159265358979,0.261799387799149,4.01425727958696,0.024038217474476653,0.03221854729553805,0.0138353466020494
1.0471975511966,3.14159265358979,0.279252680319093,4.01425727958696,0.023734088907442753,0.03218856130605535,0.01380281278636325
1.0471975511966,3.14159265358979,0.296705972839036,4.01425727958696,0.0234331726368113,0.0322789326868439,0.0139229050759082
1.0471975511966,3.14159265358979,0.314159265358979,4.01425727958696,0.02344941646302545,0.032491226494449604,0.0139710503025426
1.0471975511966,3.14159265358979,0.331612557878923,4.01425727958696,0.0236060537769381,0.032776905910540305,0.0139964417466898
1.0471975511966,3.14159265358979,0.349065850398866,4.01425727958696,0.02378055361737605,0.03291190958001115,0.013862078988224249
1.0471975511966,3.14159265358979,0.366519142918809,4.01425727958696,0.02400523577469195,0.033175029401193504,0.01384060791850475
1.0471975511966,3.14159265358979,0.383972435438752,4.01425727958696,0.02418389390593905,0.03380848737886055,0.01389857862767825
1.0471975511966,3.14159265358979,0.401425727958696,4.01425727958696,0.024282646445634902,0.0339923782811245,0.01405680041771485
1.0471975511966,3.14159265358979,0.418879020478639,4.01425727958696,0.0242641764992691,0.0341492539256222,0.01411139232442765
1.0471975511966,3.14159265358979,0.436332312998582,4.01425727958696,0.0243375521000719,0.034320034528481355,0.014058371046291
1.0471975511966,3.14159265358979,0.453785605518526,4.01425727958696,0.024369607539498052,0.0344015274748442,0.0139098091679661
1.0471975511966,3.14159265358979,0.471238898038469,4.01425727958696,0.02425137325236125,0.0343688649711027,0.01387513717114885
1.0471975511966,3.14159265358979,0.488692190558412,4.01425727958696,0.0241671729925542,0.0343657921997092,0.013855971912178251
1.0471975511966,3.14159265358979,0.506145483078356,4.01425727958696,0.024092916331219898,0.03426879592570725,0.0137809557144309
1.0471975511966,3.14159265358979,0.523598775598299,4.01425727958696,0.02406825483997825,0.0343104080926055,0.0137574993386968
1.0471975511966,3.14159265358979,0.541052068118242,4.01425727958696,0.02399911076200055,0.03423570064726085,0.01365386468780785
1.0471975511966,3.14159265358979,0.558505360638185,4.01425727958696,0.02384368496058595,0.0338731005308733,0.01368423007497865
1.0471975511966,3.14159265358979,0.575958653158129,4.01425727958696,0.0237322440193185,0.033573684560089745,0.01370243069840035
1.0471975511966,3.14159265358979,0.593411945678072,4.01425727958696,0.0237328314152715,0.0335819610519845,0.013781880662719799
1.0471975511966,3.14159265358979,0.610865238198015,4.01425727958696,0.023680149058179,0.03357425694005925,0.0135636426538182
1.0471975511966,3.14159265358979,0.628318530717959,4.01425727958696,0.023569047815982652,0.033550328471601804,0.01352907775389305
1.0471975511966,3.14159265358979,0.645771823237902,4.01425727958696,0.023583936065814402,0.033634668566939196,0.013676099338575401
1.0471975511966,3.14159265358979,0.663225115757845,4.01425727958696,0.023633434365646203,0.03357745693369755,0.0139084986735807
1.0471975511966,3.14159265358979,0.680678408277788,4.01425727958696,0.02365795695533225,0.033610189937607,0.01390506544467075
1.0471975511966,3.14159265358979,0.698131700797732,4.01425727958696,0.02348909966788525,0.0337080838200383,0.01389956111125015
1.0471975511966,3.14159265358979,0.715584993317675,4.01425727958696,0.023259063405373,0.0337914187911381,0.01374608322313395
1.0471975511966,3.14159265358979,0.733038285837618,4.01425727958696,0.0231158573484972,0.0338294377851927,0.013487629472259049
1.0471975511966,3.14159265358979,0.750491578357562,4.01425727958696,0.023112789207952948,0.03363476068389685,0.0134720704600411
1.0471975511966,3.14159265358979,0.767944870877505,4.01425727958696,0.0230753219065792,0.0332351830118407,0.01347354222194845
1.0471975511966,3.14159265358979,0.785398163397448,4.01425727958696,0.0231466568881674,0.03312189780358055,0.0134007834212348
1.0471975511966,3.14159265358979,0.802851455917391,4.01425727958696,0.02333432946530425,0.0333253342686555,0.013341245903221
1.0471975511966,3.14159265358979,0.820304748437335,4.01425727958696,0.0233755364746164,0.0338059132700134,0.01330418905709555
1.0471975511966,3.14159265358979,0.837758040957278,4.01425727958696,0.02335466358492955,0.0339914520658468,0.013231958324737
1.0471975511966,3.14159265358979,0.855211333477221,4.01425727958696,0.02345738819698505,0.03410087098661865,0.013415194896356251
1.0471975511966,3.14159265358979,0.872664625997165,4.01425727958696,0.0235621206908628,0.03426250123021955,0.01351008456686645
1.0471975511966,3.14159265358979,0.890117918517108,4.01425727958696,0.023543881488973198,0.03427605385132605,0.0133959355533742
1.0471975511966,3.14159265358979,0.907571211037051,4.01425727958696,0.0235602621602425,0.0343229544976518,0.01347410095496435
1.0471975511966,3.14159265358979,0.925024503556995,4.01425727958696,0.02324768609103505,0.0342589377540576,0.01348430140506705
1.0471975511966,3.14159265358979,0.942477796076938,4.01425727958696,0.023165654998319,0.03409623935005545,0.013445802613648649
1.0471975511966,3.14159265358979,0.959931088596881,4.01425727958696,0.023096053472488103,0.0337345167202861,0.0131576948030208
1.0471975511966,3.14159265358979,0.977384381116825,4.01425727958696,0.0227984389704342,0.0335013742556785,0.01280101583683625
1.0471975511966,3.14159265358979,0.994837673636768,4.01425727958696,0.023137513371869152,0.03347601795357505,0.0128141572944621
1.0471975511966,3.14159265358979,1.01229096615671,4.01425727958696,0.0232201544490723,0.03339828870520295,0.0128273816834314
1.0471975511966,3.14159265358979,1.02974425867665,4.01425727958696,0.02330868293381785,0.03336043169964265,0.012910143990286449
1.0471975511966,3.14159265358979,1.0471975511966,4.01425727958696,0.02345597119109755,0.0333739565182844,0.01276125583262585
1.0471975511966,3.14159265358979,1.06465084371654,4.01425727958696,0.02357774121231105,0.033588792073946355,0.0127879017873907
1.0471975511966,3.14159265358979,1.08210413623648,4.01425727958696,0.02341166816927695,0.0335057154395479,0.0127339393081649
1.0471975511966,3.14159265358979,1.09955742875643,4.01425727958696,0.02333852663234155,0.03336662268304125,0.01273877514699755
1.0471975511966,3.14159265358979,1.11701072127637,4.01425727958696,0.023290472564536452,0.033213145210575654,0.013005295685410149
1.0471975511966,3.14159265358979,1.13446401379631,4.01425727958696,0.023176166942381997,0.0328237691235642,0.013050588132916499
1.0471975511966,3.14159265358979,1.15191730631626,4.01425727958696,0.02320217881102675,0.0328144010605665,0.01315120835286595
1.0471975511966,3.14159265358979,1.1693705988362,4.01425727958696,0.0231766002822527,0.03276732424369565,0.013180935890376201
1.0471975511966,3.14159265358979,1.18682389135614,4.01425727958696,0.02293405381690075,0.03245598831176415,0.01307911480965785
1.0471975511966,3.14159265358979,1.20427718387609,4.01425727958696,0.02276362351241535,0.032208785489869496,0.0130206858405407
1.0471975511966,3.14159265358979,1.22173047639603,4.01425727958696,0.022605655149715652,0.0321347114869979,0.0129090179812497
1.0471975511966,3.14159265358979,1.23918376891597,4.01425727958696,0.02242003554256955,0.0320883016137154,0.0127537194033642
1.0471975511966,3.14159265358979,1.25663706143592,4.01425727958696,0.02218361384122225,0.031996075528302345,0.0127133006271381
1.0471975511966,3.14159265358979,1.27409035395586,4.01425727958696,0.0220364263731431,0.03196881122535135,0.012675936861207049
1.0471975511966,3.14159265358979,1.2915436464758,4.01425727958696,0.02197862044482965,0.031887787839315854,0.0124972627860309
1.0471975511966,3.14159265358979,1.30899693899575,4.01425727958696,0.0216329499637756,0.0314415831262599,0.0122394173208556
1.0471975511966,3.14159265358979,1.32645023151569,4.01425727958696,0.020395253719806453,0.0297864425275043,0.0116230648987016
1.0471975511966,3.14159265358979,1.34390352403563,4.01425727958696,0.0189211674326774,0.02766111360003,0.01077031832785225
1.0471975511966,3.14159265358979,1.36135681655558,4.01425727958696,0.017539720036787852,0.02555130961304435,0.010006350497707029
1.0471975511966,3.14159265358979,1.37881010907552,4.01425727958696,0.01605054782540575,0.0233953862978913,0.009153493519255405
1.0471975511966,3.14159265358979,1.39626340159546,4.01425727958696,0.014579813426200499,0.0212795143134393,0.008319882221263581
1.0471975511966,3.14159265358979,1.41371669411541,4.01425727958696,0.01313208155317775,0.0191643431588873,0.007508094730088545
1.0471975511966,3.14159265358979,1.43116998663535,4.01425727958696,0.0116577972060074,0.0170213076883817,0.006647321861954005
1.0471975511966,3.14159265358979,1.44862327915529,4.01425727958696,0.010242301760768785,0.0148750729668075,0.005788666999872551
1.0471975511966,3.14159265358979,1.46607657167524,4.01425727958696,0.008739776951516145,0.0127710208933162,0.004985661340060265
1.0471975511966,3.14159265358979,1.48352986419518,4.01425727958696,0.007280551879679165,0.010636583915650501,0.00414797923637489
1.0471975511966,3.14159265358979,1.50098315671512,4.01425727958696,0.00584493031926964,0.008514527924117166,0.00333586273710538
1.0471975511966,3.14159265358979,1.51843644923507,4.01425727958696,0.004376067265924195,0.00638581949609734,0.002501010018785735
1.0471975511966,3.14159265358979,1.53588974175501,4.01425727958696,0.00291414288457845,0.004253578448856565,0.00166286007350073
1.0471975511966,3.14159265358979,1.55334303427495,4.01425727958696,0.0014571973269938499,0.002126855647580585,0.0008326690092022874
1.0471975511966,3.14159265358979,1.5707963267949,4.01425727958696,-1.129263850775664e-05,-1.376353443347659e-05,-1.140316906078802e-05
1.0471975511966,3.14159265358979,0.0174532925199433,4.18879020478639,0.02432302978595385,0.033456342082652954,0.01404701304911235
1.0471975511966,3.14159265358979,0.0349065850398866,4.18879020478639,0.0242446723170631,0.03352230853808445,0.0142646265600913
1.0471975511966,3.14159265358979,0.0523598775598299,4.18879020478639,0.02428150873434875,0.033584453144338444,0.0143996127157378
1.0471975511966,3.14159265358979,0.0698131700797732,4.18879020478639,0.02430601240034875,0.033729046399392754,0.014435747649710649
1.0471975511966,3.14159265358979,0.0872664625997165,4.18879020478639,0.0245125832560329,0.034063065954986746,0.014458244299760649
1.0471975511966,3.14159265358979,0.10471975511966,4.18879020478639,0.024747680932412648,0.0344060412363955,0.0145879725899814
1.0471975511966,3.14159265358979,0.122173047639603,4.18879020478639,0.024857117994141552,0.0346713312263403,0.0146620764651696
1.0471975511966,3.14159265358979,0.139626340159546,4.18879020478639,0.0250694993848272,0.03459662993592745,0.0146395854926269
1.0471975511966,3.14159265358979,0.15707963267949,4.18879020478639,0.0251186350823318,0.0347461235136612,0.01452963444307455
1.0471975511966,3.14159265358979,0.174532925199433,4.18879020478639,0.025138955996013748,0.0347839095877904,0.01456383418874805
1.0471975511966,3.14159265358979,0.191986217719376,4.18879020478639,0.0251280949319228,0.0345900742784598,0.0145825019385936
1.0471975511966,3.14159265358979,0.20943951023932,4.18879020478639,0.0249970991069352,0.03406690108997395,0.01437929286659175
1.0471975511966,3.14159265358979,0.226892802759263,4.18879020478639,0.0247259527711481,0.0333548865475151,0.0141023796885637
1.0471975511966,3.14159265358979,0.244346095279206,4.18879020478639,0.0243514052912494,0.03289515066937655,0.013963218542776351
1.0471975511966,3.14159265358979,0.261799387799149,4.18879020478639,0.0239495351189484,0.032346812091431795,0.0140023363764718
1.0471975511966,3.14159265358979,0.279252680319093,4.18879020478639,0.0238214516377726,0.0320693849743343,0.0139741151509476
1.0471975511966,3.14159265358979,0.296705972839036,4.18879020478639,0.023904927823566402,0.03214369790469225,0.0139589002763719
1.0471975511966,3.14159265358979,0.314159265358979,4.18879020478639,0.0240174938130753,0.03232809284379715,0.013918270290116101
1.0471975511966,3.14159265358979,0.331612557878923,4.18879020478639,0.024043746061891448,0.032462768578565046,0.013917695835191701
1.0471975511966,3.14159265358979,0.349065850398866,4.18879020478639,0.02397327658511255,0.03259646738997115,0.0139197519683935
1.0471975511966,3.14159265358979,0.366519142918809,4.18879020478639,0.0240496882362451,0.032935587639435854,0.013954338395763849
1.0471975511966,3.14159265358979,0.383972435438752,4.18879020478639,0.024306676774239602,0.0334831966774777,0.0139846296055169
1.0471975511966,3.14159265358979,0.401425727958696,4.18879020478639,0.024360409562281048,0.0339593718231416,0.0141014085378467
1.0471975511966,3.14159265358979,0.418879020478639,4.18879020478639,0.02439807851228375,0.03424183444732675,0.014247983358377899
1.0471975511966,3.14159265358979,0.436332312998582,4.18879020478639,0.0245167530579989,0.03444053662690405,0.0142410743481879
1.0471975511966,3.14159265358979,0.453785605518526,4.18879020478639,0.0245567111750054,0.03451826258202775,0.0142189556641454
1.0471975511966,3.14159265358979,0.471238898038469,4.18879020478639,0.024417583221726,0.03445552673424565,0.01419369982319405
1.0471975511966,3.14159265358979,0.488692190558412,4.18879020478639,0.0243174426927844,0.03424952145008225,0.014218174965298251
1.0471975511966,3.14159265358979,0.506145483078356,4.18879020478639,0.024228691470315998,0.03415671463806015,0.0143910376900812
1.0471975511966,3.14159265358979,0.523598775598299,4.18879020478639,0.02423076100652065,0.0338954986830751,0.014527988159763298
1.0471975511966,3.14159265358979,0.541052068118242,4.18879020478639,0.02429757259058685,0.033956959996720354,0.0144499071461497
1.0471975511966,3.14159265358979,0.558505360638185,4.18879020478639,0.0241181718804016,0.03402480375491485,0.01434540120331965
1.0471975511966,3.14159265358979,0.575958653158129,4.18879020478639,0.0238802165089615,0.03380200985503625,0.014035757956847951
1.0471975511966,3.14159265358979,0.593411945678072,4.18879020478639,0.023726954661009,0.03365843422207325,0.01383832655259595
1.0471975511966,3.14159265358979,0.610865238198015,4.18879020478639,0.023661516290686947,0.03352824213565605,0.013835465269263051
1.0471975511966,3.14159265358979,0.628318530717959,4.18879020478639,0.023533237161946198,0.03342821300913425,0.0137198368532088
1.0471975511966,3.14159265358979,0.645771823237902,4.18879020478639,0.0234269493958568,0.0336623148101297,0.0135776768379645
1.0471975511966,3.14159265358979,0.663225115757845,4.18879020478639,0.023482562958388797,0.0338427700435977,0.0136638618524006
1.0471975511966,3.14159265358979,0.680678408277788,4.18879020478639,0.023738011538720648,0.03392867525002235,0.013794886071526551
1.0471975511966,3.14159265358979,0.698131700797732,4.18879020478639,0.0237430257083559,0.0339978916995089,0.01367193716854225
1.0471975511966,3.14159265358979,0.715584993317675,4.18879020478639,0.02353309143178685,0.033884648483684346,0.013568484677981451
1.0471975511966,3.14159265358979,0.733038285837618,4.18879020478639,0.0234036102104511,0.03358834303942975,0.013501630551322
1.0471975511966,3.14159265358979,0.750491578357562,4.18879020478639,0.0232675388539091,0.033425874107112105,0.013455720238989301
1.0471975511966,3.14159265358979,0.767944870877505,4.18879020478639,0.0232938048946529,0.03352070973538155,0.0133015332576676
1.0471975511966,3.14159265358979,0.785398163397448,4.18879020478639,0.0233224254619751,0.033553553743243855,0.01330445757515755
1.0471975511966,3.14159265358979,0.802851455917391,4.18879020478639,0.02348237894172775,0.03364447289402135,0.0134536273228445
1.0471975511966,3.14159265358979,0.820304748437335,4.18879020478639,0.02359849285632295,0.0336507939131093,0.013480154163119401
1.0471975511966,3.14159265358979,0.837758040957278,4.18879020478639,0.023692490166341798,0.03367000727910535,0.0134020312759236
1.0471975511966,3.14159265358979,0.855211333477221,4.18879020478639,0.02383202931840645,0.03383654648683585,0.01333391870986105
1.0471975511966,3.14159265358979,0.872664625997165,4.18879020478639,0.02391250100626065,0.033884005183380195,0.0133757839265057
1.0471975511966,3.14159265358979,0.890117918517108,4.18879020478639,0.023965733386279303,0.03385452968925935,0.013421964325671401
1.0471975511966,3.14159265358979,0.907571211037051,4.18879020478639,0.024286350057935897,0.03380715619794465,0.0134297652248104
1.0471975511966,3.14159265358979,0.925024503556995,4.18879020478639,0.02408580910842895,0.03403712476768535,0.0135984704056405
1.0471975511966,3.14159265358979,0.942477796076938,4.18879020478639,0.02376317925987935,0.0342393922814633,0.01363860816415565
1.0471975511966,3.14159265358979,0.959931088596881,4.18879020478639,0.02343564026745225,0.03407069461901855,0.013470079380390802
1.0471975511966,3.14159265358979,0.977384381116825,4.18879020478639,0.0232179957831114,0.033737030427234804,0.0133727519741937
1.0471975511966,3.14159265358979,0.994837673636768,4.18879020478639,0.02341681163992855,0.0338902194343016,0.0133140911870018
1.0471975511966,3.14159265358979,1.01229096615671,4.18879020478639,0.02349739495804605,0.0339670517538079,0.01321451809935945
1.0471975511966,3.14159265358979,1.02974425867665,4.18879020478639,0.02321293108261005,0.03394438767054095,0.01321224227264455
1.0471975511966,3.14159265358979,1.0471975511966,4.18879020478639,0.0228945098786217,0.033852226721987705,0.0129244837269148
1.0471975511966,3.14159265358979,1.06465084371654,4.18879020478639,0.0228226066928761,0.033838312260747405,0.013167431109516299
1.0471975511966,3.14159265358979,1.08210413623648,4.18879020478639,0.02297156166472375,0.033833409661809546,0.01331133248442375
1.0471975511966,3.14159265358979,1.09955742875643,4.18879020478639,0.0228580138902379,0.03384416992911035,0.01331866884407785
1.0471975511966,3.14159265358979,1.11701072127637,4.18879020478639,0.022975056078396,0.0335616468194751,0.01321334147452095
1.0471975511966,3.14159265358979,1.13446401379631,4.18879020478639,0.022711808904167352,0.03343468575613575,0.013232952369503101
1.0471975511966,3.14159265358979,1.15191730631626,4.18879020478639,0.02278912510202355,0.033356376466777346,0.01331108407463245
1.0471975511966,3.14159265358979,1.1693705988362,4.18879020478639,0.0224298876459137,0.033401377496709905,0.0134756356080552
1.0471975511966,3.14159265358979,1.18682389135614,4.18879020478639,0.0223622132650661,0.033244186627104655,0.01350176546973755
1.0471975511966,3.14159265358979,1.20427718387609,4.18879020478639,0.02219560187117045,0.03315318880891705,0.0134693152186816
1.0471975511966,3.14159265358979,1.22173047639603,4.18879020478639,0.0222306516586495,0.03314834706919065,0.01343294786930365
1.0471975511966,3.14159265358979,1.23918376891597,4.18879020478639,0.022199350948655952,0.03292320724897925,0.013290483717960301
1.0471975511966,3.14159265358979,1.25663706143592,4.18879020478639,0.0221216769859802,0.03287971810455305,0.0132494060812527
1.0471975511966,3.14159265358979,1.27409035395586,4.18879020478639,0.0220700996992503,0.03271133854565595,0.01309391761690235
1.0471975511966,3.14159265358979,1.2915436464758,4.18879020478639,0.022135616529466752,0.03249761628827105,0.0130418615129224
1.0471975511966,3.14159265358979,1.30899693899575,4.18879020478639,0.02178875546990755,0.0321768815922531,0.0127885684506547
1.0471975511966,3.14159265358979,1.32645023151569,4.18879020478639,0.0205000288817795,0.030309319987225698,0.012029256271521651
1.0471975511966,3.14159265358979,1.34390352403563,4.18879020478639,0.019055685068943153,0.02811328681719075,0.01119192320500775
1.0471975511966,3.14159265358979,1.36135681655558,4.18879020478639,0.01763292965968815,0.02598688088123725,0.01030560133654783
1.0471975511966,3.14159265358979,1.37881010907552,4.18879020478639,0.01613596693859155,0.023792240674194297,0.009485383176620479
1.0471975511966,3.14159265358979,1.39626340159546,4.18879020478639,0.01465788101848155,0.02165117067937615,0.008594243232987355
1.0471975511966,3.14159265358979,1.41371669411541,4.18879020478639,0.013194814947610451,0.01949122977708835,0.00773975380215427
1.0471975511966,3.14159265358979,1.43116998663535,4.18879020478639,0.01171589813992265,0.017320051166102,0.006873675995781935
1.0471975511966,3.14159265358979,1.44862327915529,4.18879020478639,0.01026575587547083,0.015147761252429452,0.00602021345861171
1.0471975511966,3.14159265358979,1.46607657167524,4.18879020478639,0.00884072033550235,0.012996336616059749,0.005146433412709345
1.0471975511966,3.14159265358979,1.48352986419518,4.18879020478639,0.0073431332827807744,0.01080976874695495,0.004302407681253385
1.0471975511966,3.14159265358979,1.50098315671512,4.18879020478639,0.00587057035602335,0.008660942152592945,0.0034363615819645397
1.0471975511966,3.14159265358979,1.51843644923507,4.18879020478639,0.004397430879645191,0.0064978427528789295,0.0025793706285798202
1.0471975511966,3.14159265358979,1.53588974175501,4.18879020478639,0.00292837583865236,0.0043294880600681,0.001719101605759955
1.0471975511966,3.14159265358979,1.55334303427495,4.18879020478639,0.001467062050639165,0.002163071557135355,0.0008580739398175565
1.0471975511966,3.14159265358979,1.5707963267949,4.18879020478639,0.000813875500180551,0.00121023949480692,0.00048558732943269596
1.0471975511966,3.14159265358979,0.0174532925199433,4.36332312998582,0.0243461732178335,0.03340196762489615,0.01404603593034955
1.0471975511966,3.14159265358979,0.0349065850398866,4.36332312998582,0.02430376942901975,0.03354514602678895,0.014274723185736901
1.0471975511966,3.14159265358979,0.0523598775598299,4.36332312998582,0.024286625717705998,0.0335361025510914,0.01442631330892305
1.0471975511966,3.14159265358979,0.0698131700797732,4.36332312998582,0.02428469220607655,0.033719931669752096,0.0144743464541408
1.0471975511966,3.14159265358979,0.0872664625997165,4.36332312998582,0.02445210835084255,0.0340477068198592,0.0145323251913526
1.0471975511966,3.14159265358979,0.10471975511966,4.36332312998582,0.02461063402175165,0.0344124513319234,0.014549127952873251
1.0471975511966,3.14159265358979,0.122173047639603,4.36332312998582,0.0247850091898583,0.034617299310658545,0.014541423380859349
1.0471975511966,3.14159265358979,0.139626340159546,4.36332312998582,0.0249683432321187,0.03468982583591135,0.0145755509547563
1.0471975511966,3.14159265358979,0.15707963267949,4.36332312998582,0.0250122704300373,0.03472612773631245,0.0146791397087864
1.0471975511966,3.14159265358979,0.174532925199433,4.36332312998582,0.02499015284050255,0.0346231171242419,0.0146617623904406
1.0471975511966,3.14159265358979,0.191986217719376,4.36332312998582,0.025025311285487552,0.03435305623494685,0.014531992261811049
1.0471975511966,3.14159265358979,0.20943951023932,4.36332312998582,0.02499922115671655,0.034023461606069144,0.014278354327618498
1.0471975511966,3.14159265358979,0.226892802759263,4.36332312998582,0.0248091423342727,0.03357498956288245,0.0140809389421337
1.0471975511966,3.14159265358979,0.244346095279206,4.36332312998582,0.02453883609755695,0.0330373332798877,0.014044043513698649
1.0471975511966,3.14159265358979,0.261799387799149,4.36332312998582,0.0243389977014891,0.03253811760108005,0.013846703057116251
1.0471975511966,3.14159265358979,0.279252680319093,4.36332312998582,0.02415223987525955,0.03222369396151975,0.01380687086211205
1.0471975511966,3.14159265358979,0.296705972839036,4.36332312998582,0.024060203432468598,0.0323970207099667,0.013806202222613601
1.0471975511966,3.14159265358979,0.314159265358979,4.36332312998582,0.024031766979341097,0.03251739058150055,0.01401908171467555
1.0471975511966,3.14159265358979,0.331612557878923,4.36332312998582,0.0240799613391046,0.0325675679539462,0.014146235341878751
1.0471975511966,3.14159265358979,0.349065850398866,4.36332312998582,0.024165190635939,0.03272530424031865,0.01417562501153885
1.0471975511966,3.14159265358979,0.366519142918809,4.36332312998582,0.024217389237273297,0.033021695001936954,0.01412734637529125
1.0471975511966,3.14159265358979,0.383972435438752,4.36332312998582,0.0242686751678746,0.033473618844650804,0.0139812970892887
1.0471975511966,3.14159265358979,0.401425727958696,4.36332312998582,0.02438958205324825,0.03388887388897385,0.01399719109651385
1.0471975511966,3.14159265358979,0.418879020478639,4.36332312998582,0.02454603705637095,0.034261834342306,0.0141322523671812
1.0471975511966,3.14159265358979,0.436332312998582,4.36332312998582,0.024620590421842697,0.034503405098480044,0.014351398270992851
1.0471975511966,3.14159265358979,0.453785605518526,4.36332312998582,0.0246123293101956,0.03467228801625945,0.01454940945381705
1.0471975511966,3.14159265358979,0.471238898038469,4.36332312998582,0.02463542065949515,0.034707255882361246,0.01456371997973225
1.0471975511966,3.14159265358979,0.488692190558412,4.36332312998582,0.0247086940038549,0.03457886211047585,0.0144709608905358
1.0471975511966,3.14159265358979,0.506145483078356,4.36332312998582,0.024696826101916952,0.034383791259867805,0.0143986540656006
1.0471975511966,3.14159265358979,0.523598775598299,4.36332312998582,0.0245501671357111,0.0342443259591921,0.0144015031403219
1.0471975511966,3.14159265358979,0.541052068118242,4.36332312998582,0.024463291225078253,0.0340520182320275,0.01448665296824635
1.0471975511966,3.14159265358979,0.558505360638185,4.36332312998582,0.0245797580020699,0.03415558637726515,0.0145374123172803
1.0471975511966,3.14159265358979,0.575958653158129,4.36332312998582,0.024393356080449798,0.03424407973165475,0.0143891940925648
1.0471975511966,3.14159265358979,0.593411945678072,4.36332312998582,0.0241384868223138,0.034077272652343255,0.01417008416387765
1.0471975511966,3.14159265358979,0.610865238198015,4.36332312998582,0.0242075537336109,0.0340967184249681,0.01411593423850905
1.0471975511966,3.14159265358979,0.628318530717959,4.36332312998582,0.02423996958582355,0.03409501474557945,0.013929231875165649
1.0471975511966,3.14159265358979,0.645771823237902,4.36332312998582,0.024217532093342202,0.034282690478314545,0.01377950272409205
1.0471975511966,3.14159265358979,0.663225115757845,4.36332312998582,0.024240616588725047,0.03429438557030485,0.01382739208430725
1.0471975511966,3.14159265358979,0.680678408277788,4.36332312998582,0.02412203775542375,0.03413646898254575,0.0138827862752326
1.0471975511966,3.14159265358979,0.698131700797732,4.36332312998582,0.024092691786758248,0.03417861522271695,0.0138325814976067
1.0471975511966,3.14159265358979,0.715584993317675,4.36332312998582,0.02407470861019055,0.034137524963150104,0.0137251660547595
1.0471975511966,3.14159265358979,0.733038285837618,4.36332312998582,0.02402466724667785,0.034091034652544955,0.01356932367040095
1.0471975511966,3.14159265358979,0.750491578357562,4.36332312998582,0.02398944986397945,0.034019783948957355,0.013517162394042551
1.0471975511966,3.14159265358979,0.767944870877505,4.36332312998582,0.0241390069681211,0.0337755838948082,0.0135630639269829
1.0471975511966,3.14159265358979,0.785398163397448,4.36332312998582,0.02424610155954655,0.03372423513902975,0.01350382123425235
1.0471975511966,3.14159265358979,0.802851455917391,4.36332312998582,0.024276157923215552,0.03378687423626375,0.01341244032734975
1.0471975511966,3.14159265358979,0.820304748437335,4.36332312998582,0.0243107882914844,0.03380349386351325,0.0135100784571023
1.0471975511966,3.14159265358979,0.837758040957278,4.36332312998582,0.0244060017077296,0.0340204012518574,0.013645589819183051
1.0471975511966,3.14159265358979,0.855211333477221,4.36332312998582,0.02434189660862365,0.034362097820932,0.0137595549315926
1.0471975511966,3.14159265358979,0.872664625997165,4.36332312998582,0.024479485542055153,0.0345034951496516,0.013810341019915101
1.0471975511966,3.14159265358979,0.890117918517108,4.36332312998582,0.02437933091853365,0.0342382297976819,0.0138814969837053
1.0471975511966,3.14159265358979,0.907571211037051,4.36332312998582,0.0241536176852975,0.034216511441900854,0.013700766907526401
1.0471975511966,3.14159265358979,0.925024503556995,4.36332312998582,0.02400409283280025,0.034272389970711054,0.0137097953468634
1.0471975511966,3.14159265358979,0.942477796076938,4.36332312998582,0.024071291095967298,0.03422628499865775,0.0139251134767763
1.0471975511966,3.14159265358979,0.959931088596881,4.36332312998582,0.0238046975163812,0.0341599218104389,0.01406380226543385
1.0471975511966,3.14159265358979,0.977384381116825,4.36332312998582,0.023841834947087748,0.03406075254911145,0.0140962374262689
1.0471975511966,3.14159265358979,0.994837673636768,4.36332312998582,0.02375450380176955,0.0338342419165892,0.0141322741989239
1.0471975511966,3.14159265358979,1.01229096615671,4.36332312998582,0.0234645563691153,0.03371559620162835,0.01404136067648075
1.0471975511966,3.14159265358979,1.02974425867665,4.36332312998582,0.02315969270211345,0.03374949352370595,0.01388120274551265
1.0471975511966,3.14159265358979,1.0471975511966,4.36332312998582,0.0229314149136315,0.0340047803051503,0.01378335695291215
1.0471975511966,3.14159265358979,1.06465084371654,4.36332312998582,0.02289141677339655,0.0341517294623251,0.01365349545475695
1.0471975511966,3.14159265358979,1.08210413623648,4.36332312998582,0.023079502281787997,0.03425916802988125,0.013486152024968799
1.0471975511966,3.14159265358979,1.09955742875643,4.36332312998582,0.02315094533711825,0.0345447516518836,0.01327113484841165
1.0471975511966,3.14159265358979,1.11701072127637,4.36332312998582,0.02305435410654035,0.03467663839906205,0.01304461623141805
1.0471975511966,3.14159265358979,1.13446401379631,4.36332312998582,0.02323619838286175,0.0346482022991822,0.0129012390117303
1.0471975511966,3.14159265358979,1.15191730631626,4.36332312998582,0.0235342460995545,0.0348440202851072,0.0128919727563363
1.0471975511966,3.14159265358979,1.1693705988362,4.36332312998582,0.023749584843636047,0.0348379548925183,0.0128848844846545
1.0471975511966,3.14159265358979,1.18682389135614,4.36332312998582,0.023637928396937097,0.0346984292441481,0.01284600586304965
1.0471975511966,3.14159265358979,1.20427718387609,4.36332312998582,0.0233770058386175,0.034371606995993356,0.01285580583455565
1.0471975511966,3.14159265358979,1.22173047639603,4.36332312998582,0.02316941486100735,0.034343092374755246,0.01286228310665975
1.0471975511966,3.14159265358979,1.23918376891597,4.36332312998582,0.0230725181217203,0.0342787972559191,0.012831434860963449
1.0471975511966,3.14159265358979,1.25663706143592,4.36332312998582,0.022938982026585453,0.0343394347680956,0.01288373259213215
1.0471975511966,3.14159265358979,1.27409035395586,4.36332312998582,0.022784005847937,0.0343069658236901,0.0129182811248556
1.0471975511966,3.14159265358979,1.2915436464758,4.36332312998582,0.022712791514193947,0.0341463524911602,0.01290218444551775
1.0471975511966,3.14159265358979,1.30899693899575,4.36332312998582,0.022457169185615952,0.03354216704464125,0.01267075328299995
1.0471975511966,3.14159265358979,1.32645023151569,4.36332312998582,0.02124684773409455,0.0318375138488133,0.01202084652610195
1.0471975511966,3.14159265358979,1.34390352403563,4.36332312998582,0.01980825173903,0.029507268947205102,0.01117235396889845
1.0471975511966,3.14159265358979,1.36135681655558,4.36332312998582,0.01832428951724735,0.027210695707688498,0.010311143487240201
1.0471975511966,3.14159265358979,1.37881010907552,4.36332312998582,0.0166972637078537,0.02501274920728335,0.00944586274453072
1.0471975511966,3.14159265358979,1.39626340159546,4.36332312998582,0.01523041440720895,0.0227014522118876,0.008593068322434165
1.0471975511966,3.14159265358979,1.41371669411541,4.36332312998582,0.013658411827378099,0.0204636927763599,0.007725423906387575
1.0471975511966,3.14159265358979,1.43116998663535,4.36332312998582,0.01214709292460475,0.0181883881474123,0.006870129809303635
1.0471975511966,3.14159265358979,1.44862327915529,4.36332312998582,0.01067142393621405,0.0158833622228387,0.0060162753217447296
1.0471975511966,3.14159265358979,1.46607657167524,4.36332312998582,0.00911018940002127,0.01363849941360145,0.00515199998328654
1.0471975511966,3.14159265358979,1.48352986419518,4.36332312998582,0.00759377183066893,0.01136570739417405,0.00429390535600345
1.0471975511966,3.14159265358979,1.50098315671512,4.36332312998582,0.006098290152086934,0.009073941460549784,0.0034375026411669098
1.0471975511966,3.14159265358979,1.51843644923507,4.36332312998582,0.00456406280775427,0.006811635549405515,0.002576828306122555
1.0471975511966,3.14159265358979,1.53588974175501,4.36332312998582,0.0030374652691394447,0.004544954071987505,0.0017172826762636949
1.0471975511966,3.14159265358979,1.55334303427495,4.36332312998582,0.0015198243725005499,0.002268213455184365,0.0008580692348598295
1.0471975511966,3.14159265358979,1.5707963267949,4.36332312998582,0.0009605571844558035,0.00143942225842452,0.0005434993862018431
1.0471975511966,3.14159265358979,0.0174532925199433,4.53785605518526,0.02436702176462865,0.03334540106092655,0.0140436220294737
1.0471975511966,3.14159265358979,0.0349065850398866,4.53785605518526,0.0243780191523159,0.0336009443777041,0.0142550185266772
1.0471975511966,3.14159265358979,0.0523598775598299,4.53785605518526,0.0243516410402375,0.03359993770237405,0.0144268159416537
1.0471975511966,3.14159265358979,0.0698131700797732,4.53785605518526,0.02429778599386025,0.03369914475980025,0.01446777585464225
1.0471975511966,3.14159265358979,0.0872664625997165,4.53785605518526,0.0243750788342057,0.033957848977268404,0.014540768066614751
1.0471975511966,3.14159265358979,0.10471975511966,4.53785605518526,0.024448909487696402,0.03427734429300715,0.01455671813441195
1.0471975511966,3.14159265358979,0.122173047639603,4.53785605518526,0.0245905842234235,0.03449594711755745,0.014477013488083251
1.0471975511966,3.14159265358979,0.139626340159546,4.53785605518526,0.0246734539153761,0.0346122857089914,0.01444885377757325
1.0471975511966,3.14159265358979,0.15707963267949,4.53785605518526,0.02477738798644305,0.0346028195248134,0.01466335497809685
1.0471975511966,3.14159265358979,0.174532925199433,4.53785605518526,0.02481327781553765,0.03447276011235745,0.014598311863077
1.0471975511966,3.14159265358979,0.191986217719376,4.53785605518526,0.024850184619245298,0.034222640432763046,0.01437423872986245
1.0471975511966,3.14159265358979,0.20943951023932,4.53785605518526,0.0249262469852615,0.03407921552167465,0.0142242190070498
1.0471975511966,3.14159265358979,0.226892802759263,4.53785605518526,0.02480247858310915,0.0339065865358993,0.0142062291163162
1.0471975511966,3.14159265358979,0.244346095279206,4.53785605518526,0.024758473113247498,0.03345507710921315,0.014048808594760352
1.0471975511966,3.14159265358979,0.261799387799149,4.53785605518526,0.0246207432178962,0.032922803870527456,0.01398490421802005
1.0471975511966,3.14159265358979,0.279252680319093,4.53785605518526,0.02450818564381265,0.03279322390399495,0.013956074905824
1.0471975511966,3.14159265358979,0.296705972839036,4.53785605518526,0.02459577500085905,0.0329936234635888,0.0138342076102533
1.0471975511966,3.14159265358979,0.314159265358979,4.53785605518526,0.02447020831972285,0.033050367847512904,0.01393978874023105
1.0471975511966,3.14159265358979,0.331612557878923,4.53785605518526,0.024485697312563247,0.03315554005664695,0.0140954570934565
1.0471975511966,3.14159265358979,0.349065850398866,4.53785605518526,0.02446394803854855,0.0332997061714496,0.0142492817216761
1.0471975511966,3.14159265358979,0.366519142918809,4.53785605518526,0.02459431224382885,0.03358264995541175,0.0143171307922983
1.0471975511966,3.14159265358979,0.383972435438752,4.53785605518526,0.02472147270910065,0.03383355821812655,0.01438450527121755
1.0471975511966,3.14159265358979,0.401425727958696,4.53785605518526,0.0246781024779821,0.0341203946973485,0.0144814005954153
1.0471975511966,3.14159265358979,0.418879020478639,4.53785605518526,0.0245848787206875,0.0343562451370113,0.0146149360291929
1.0471975511966,3.14159265358979,0.436332312998582,4.53785605518526,0.02457498030546905,0.03450697796347055,0.01465539310870665
1.0471975511966,3.14159265358979,0.453785605518526,4.53785605518526,0.0246566933688828,0.03453175729746405,0.0145914629472966
1.0471975511966,3.14159265358979,0.471238898038469,4.53785605518526,0.024664700804473,0.034369847745106305,0.01443994055702525
1.0471975511966,3.14159265358979,0.488692190558412,4.53785605518526,0.02465716403525895,0.0341638536222944,0.0143850368340257
1.0471975511966,3.14159265358979,0.506145483078356,4.53785605518526,0.024702479117095548,0.034091910038501205,0.01442037308217315
1.0471975511966,3.14159265358979,0.523598775598299,4.53785605518526,0.0247743181506618,0.03428577277039295,0.014401328798408549
1.0471975511966,3.14159265358979,0.541052068118242,4.53785605518526,0.0247106323590778,0.034445847829175646,0.0143842258042499
1.0471975511966,3.14159265358979,0.558505360638185,4.53785605518526,0.024609655614713,0.0343898824881243,0.014462023274205
1.0471975511966,3.14159265358979,0.575958653158129,4.53785605518526,0.024579916411867297,0.0342900704674699,0.014485476267434249
1.0471975511966,3.14159265358979,0.593411945678072,4.53785605518526,0.024477145730305,0.03433390498620245,0.0143884637301686
1.0471975511966,3.14159265358979,0.610865238198015,4.53785605518526,0.02439964751988815,0.034401433984782695,0.01434225680557015
1.0471975511966,3.14159265358979,0.628318530717959,4.53785605518526,0.0243527787336874,0.034283447786199545,0.01436268326443305
1.0471975511966,3.14159265358979,0.645771823237902,4.53785605518526,0.024333174471755502,0.03418097626249075,0.014293791278358298
1.0471975511966,3.14159265358979,0.663225115757845,4.53785605518526,0.024364895231381897,0.0342533337118372,0.01411902597159045
1.0471975511966,3.14159265358979,0.680678408277788,4.53785605518526,0.02436027866624515,0.03443819759781305,0.01396898793870965
1.0471975511966,3.14159265358979,0.698131700797732,4.53785605518526,0.02440067546035175,0.034454122822661,0.01384110182272495
1.0471975511966,3.14159265358979,0.715584993317675,4.53785605518526,0.024304535861491998,0.03421875367234115,0.01370181584932045
1.0471975511966,3.14159265358979,0.733038285837618,4.53785605518526,0.024098174967719453,0.0340978183920425,0.0136991044830312
1.0471975511966,3.14159265358979,0.750491578357562,4.53785605518526,0.0241576026210748,0.034037489407458196,0.0137497263749931
1.0471975511966,3.14159265358979,0.767944870877505,4.53785605518526,0.024337499360872497,0.0339954721340958,0.01363028005750385
1.0471975511966,3.14159265358979,0.785398163397448,4.53785605518526,0.0243733073943888,0.03396248075079455,0.0136100380507434
1.0471975511966,3.14159265358979,0.802851455917391,4.53785605518526,0.0242487509572889,0.034126225237646496,0.01372689419815205
1.0471975511966,3.14159265358979,0.820304748437335,4.53785605518526,0.0241691103825223,0.0343088266790878,0.013824348137864751
1.0471975511966,3.14159265358979,0.837758040957278,4.53785605518526,0.024158410973142502,0.03417956622209625,0.013856417556026599
1.0471975511966,3.14159265358979,0.855211333477221,4.53785605518526,0.02426517887353235,0.0340803372246498,0.01394660842681585
1.0471975511966,3.14159265358979,0.872664625997165,4.53785605518526,0.0242226489805274,0.034197891932892105,0.013945915951070899
1.0471975511966,3.14159265358979,0.890117918517108,4.53785605518526,0.0241484714388357,0.0345401402698296,0.0138557250350254
1.0471975511966,3.14159265358979,0.907571211037051,4.53785605518526,0.02397972223339615,0.03469441239855085,0.01394614221249355
1.0471975511966,3.14159265358979,0.925024503556995,4.53785605518526,0.023751745587527552,0.03474396054972925,0.01373875781231865
1.0471975511966,3.14159265358979,0.942477796076938,4.53785605518526,0.023772837892411303,0.034622786899627944,0.0134677701828587
1.0471975511966,3.14159265358979,0.959931088596881,4.53785605518526,0.0239808778371365,0.0344429970501654,0.0133073971493557
1.0471975511966,3.14159265358979,0.977384381116825,4.53785605518526,0.023639016253675503,0.034271316669076304,0.01338534378509435
1.0471975511966,3.14159265358979,0.994837673636768,4.53785605518526,0.0232005968679645,0.03412884458799525,0.0135099555011748
1.0471975511966,3.14159265358979,1.01229096615671,4.53785605518526,0.023061848876536048,0.034347069847341496,0.01369810969630655
1.0471975511966,3.14159265358979,1.02974425867665,4.53785605518526,0.0231477678277082,0.03482086139352955,0.01389353194610025
1.0471975511966,3.14159265358979,1.0471975511966,4.53785605518526,0.02344195142350465,0.03495096604072775,0.014066559577118
1.0471975511966,3.14159265358979,1.06465084371654,4.53785605518526,0.023147833118252498,0.034564724200904354,0.01391254330378385
1.0471975511966,3.14159265358979,1.08210413623648,4.53785605518526,0.02325636224965195,0.0342444755401373,0.013718552372219701
1.0471975511966,3.14159265358979,1.09955742875643,4.53785605518526,0.0231606923046529,0.03424927676643915,0.013409209369590301
1.0471975511966,3.14159265358979,1.11701072127637,4.53785605518526,0.02365385137649565,0.03445539069467694,0.01308244306172475
1.0471975511966,3.14159265358979,1.13446401379631,4.53785605518526,0.0236485052260299,0.0343674740627745,0.012779880722232548
1.0471975511966,3.14159265358979,1.15191730631626,4.53785605518526,0.02393921851817515,0.03459105140726265,0.01254830319914985
1.0471975511966,3.14159265358979,1.1693705988362,4.53785605518526,0.024074944808456,0.03455609504010875,0.01239774690783775
1.0471975511966,3.14159265358979,1.18682389135614,4.53785605518526,0.0238796542295596,0.034662821419208956,0.0123183174386098
1.0471975511966,3.14159265358979,1.20427718387609,4.53785605518526,0.0235251670762828,0.03419403679395305,0.01225831277595825
1.0471975511966,3.14159265358979,1.22173047639603,4.53785605518526,0.02344534786113535,0.0340418683001932,0.012260510619398
1.0471975511966,3.14159265358979,1.23918376891597,4.53785605518526,0.02334276960085845,0.03389126407600865,0.01227259372825705
1.0471975511966,3.14159265358979,1.25663706143592,4.53785605518526,0.02341023169296205,0.0338766171209411,0.01227396571941395
1.0471975511966,3.14159265358979,1.27409035395586,4.53785605518526,0.023418861922964898,0.03398622121520685,0.012230826691357399
1.0471975511966,3.14159265358979,1.2915436464758,4.53785605518526,0.02338156454237085,0.0341241264195901,0.01218030488299485
1.0471975511966,3.14159265358979,1.30899693899575,4.53785605518526,0.02328532508268415,0.033625090726399395,0.012044454814723899
1.0471975511966,3.14159265358979,1.32645023151569,4.53785605518526,0.02180120611802235,0.03157924171478535,0.011405770011657601
1.0471975511966,3.14159265358979,1.34390352403563,4.53785605518526,0.020189506525788298,0.0293304157326763,0.0106507827404834
1.0471975511966,3.14159265358979,1.36135681655558,4.53785605518526,0.01863906087695395,0.02710193550943405,0.009870989445980185
1.0471975511966,3.14159265358979,1.37881010907552,4.53785605518526,0.0171353637014513,0.02488802034360545,0.009070803998255255
1.0471975511966,3.14159265358979,1.39626340159546,4.53785605518526,0.01565338620657155,0.0226795504209256,0.00825789425837469
1.0471975511966,3.14159265358979,1.41371669411541,4.53785605518526,0.0140783418649084,0.0203382343811197,0.007331328992797175
1.0471975511966,3.14159265358979,1.43116998663535,4.53785605518526,0.0124537938957238,0.01804697969490415,0.006524371064740805
1.0471975511966,3.14159265358979,1.44862327915529,4.53785605518526,0.010876405929277501,0.015797791509894098,0.005737952572946859
1.0471975511966,3.14159265358979,1.46607657167524,4.53785605518526,0.009329378586207044,0.01355674844615095,0.0049361391850005105
1.0471975511966,3.14159265358979,1.48352986419518,4.53785605518526,0.007800275669600745,0.01131892126407245,0.004122716006053655
1.0471975511966,3.14159265358979,1.50098315671512,4.53785605518526,0.00627471144342148,0.009078795395908449,0.003302072966954215
1.0471975511966,3.14159265358979,1.51843644923507,4.53785605518526,0.00469341386761707,0.0067850198983898154,0.002452170229987575
1.0471975511966,3.14159265358979,1.53588974175501,4.53785605518526,0.0031124264537940047,0.0045106351200460346,0.00163137268045273
1.0471975511966,3.14159265358979,1.55334303427495,4.53785605518526,0.001552774058090615,0.00225454843739805,0.0008185730076852735
1.0471975511966,3.14159265358979,1.5707963267949,4.53785605518526,0.000999670890828598,0.001453478768819785,0.000528699718541003
1.0471975511966,3.14159265358979,0.0174532925199433,4.71238898038469,0.024385597830989453,0.0332919864087394,0.01404361250736705
1.0471975511966,3.14159265358979,0.0349065850398866,4.71238898038469,0.02445820645130395,0.033663701438082796,0.0142143425838993
1.0471975511966,3.14159265358979,0.0523598775598299,4.71238898038469,0.0244103844264256,0.033667851735513996,0.01442241800660885
1.0471975511966,3.14159265358979,0.0698131700797732,4.71238898038469,0.024367813388313002,0.033610420039670255,0.014403097816690951
1.0471975511966,3.14159265358979,0.0872664625997165,4.71238898038469,0.0244465514615009,0.033734925623915904,0.01441901287410825
1.0471975511966,3.14159265358979,0.10471975511966,4.71238898038469,0.02431516198946685,0.034015612662417455,0.0144966649753506
1.0471975511966,3.14159265358979,0.122173047639603,4.71238898038469,0.024349231863143597,0.03422256046198795,0.01444628071782505
1.0471975511966,3.14159265358979,0.139626340159546,4.71238898038469,0.024481959366820502,0.034161696073481004,0.0143995749459016
1.0471975511966,3.14159265358979,0.15707963267949,4.71238898038469,0.0247473335380403,0.03427443621996245,0.01462466010003095
1.0471975511966,3.14159265358979,0.174532925199433,4.71238898038469,0.0248613078472963,0.03427357573653895,0.01452017207658705
1.0471975511966,3.14159265358979,0.191986217719376,4.71238898038469,0.0249029278519187,0.03407978716286725,0.014425471177980001
1.0471975511966,3.14159265358979,0.20943951023932,4.71238898038469,0.02485378697738265,0.033896095669298,0.014479332424214
1.0471975511966,3.14159265358979,0.226892802759263,4.71238898038469,0.0249300346056646,0.03370900089295705,0.014471027712456449
1.0471975511966,3.14159265358979,0.244346095279206,4.71238898038469,0.024889326071949353,0.033537843613153207,0.0142505391511958
1.0471975511966,3.14159265358979,0.261799387799149,4.71238898038469,0.02485280916202945,0.0333430178423482,0.0141431051008944
1.0471975511966,3.14159265358979,0.279252680319093,4.71238898038469,0.0247624589954318,0.033263215294321094,0.013990677629231701
1.0471975511966,3.14159265358979,0.296705972839036,4.71238898038469,0.024878731926357152,0.0332720435418991,0.0139402037056464
1.0471975511966,3.14159265358979,0.314159265358979,4.71238898038469,0.024877620925747447,0.03336149102014065,0.01413475996121245
1.0471975511966,3.14159265358979,0.331612557878923,4.71238898038469,0.02482923526601265,0.03358673947397505,0.0142849298002964
1.0471975511966,3.14159265358979,0.349065850398866,4.71238898038469,0.024777224297910752,0.03398600526200405,0.01446376925731755
1.0471975511966,3.14159265358979,0.366519142918809,4.71238898038469,0.0248318519675259,0.034249582160573694,0.0143990262292269
1.0471975511966,3.14159265358979,0.383972435438752,4.71238898038469,0.02500210851736265,0.0342869828756723,0.014589185065459549
1.0471975511966,3.14159265358979,0.401425727958696,4.71238898038469,0.0250212643051812,0.03445205022006035,0.0145431079111813
1.0471975511966,3.14159265358979,0.418879020478639,4.71238898038469,0.025086311040178652,0.03455642635443025,0.01442761261370225
1.0471975511966,3.14159265358979,0.436332312998582,4.71238898038469,0.025077746074480302,0.0345598229385973,0.0144936215599911
1.0471975511966,3.14159265358979,0.453785605518526,4.71238898038469,0.0248659313315441,0.0341785769735675,0.0146106397502766
1.0471975511966,3.14159265358979,0.471238898038469,4.71238898038469,0.0248580093982056,0.034054214074477396,0.01444517662701545
1.0471975511966,3.14159265358979,0.488692190558412,4.71238898038469,0.0248960170420027,0.0339972800614799,0.0144959563754057
1.0471975511966,3.14159265358979,0.506145483078356,4.71238898038469,0.024792998605966947,0.034043236783497,0.01450170972011095
1.0471975511966,3.14159265358979,0.523598775598299,4.71238898038469,0.0246941909958955,0.0338699580980279,0.01447613546683445
1.0471975511966,3.14159265358979,0.541052068118242,4.71238898038469,0.0246558690072265,0.03364525803362975,0.0143078349887901
1.0471975511966,3.14159265358979,0.558505360638185,4.71238898038469,0.024619911605797448,0.03361136025002545,0.014334367249016749
1.0471975511966,3.14159265358979,0.575958653158129,4.71238898038469,0.02458559987747895,0.03364821085534585,0.014425338315257899
1.0471975511966,3.14159265358979,0.593411945678072,4.71238898038469,0.0244559935960991,0.03377908573573285,0.0144348163906503
1.0471975511966,3.14159265358979,0.610865238198015,4.71238898038469,0.02444558009126825,0.03418696209783775,0.01449576865946535
1.0471975511966,3.14159265358979,0.628318530717959,4.71238898038469,0.02443806192753275,0.0339612956845487,0.014542405068055299
1.0471975511966,3.14159265358979,0.645771823237902,4.71238898038469,0.0244294430067824,0.0339674518304904,0.01431616283860805
1.0471975511966,3.14159265358979,0.663225115757845,4.71238898038469,0.024188072124109852,0.0340764467901992,0.0141046281418632
1.0471975511966,3.14159265358979,0.680678408277788,4.71238898038469,0.024169263487736098,0.03413225157153005,0.01407457003713245
1.0471975511966,3.14159265358979,0.698131700797732,4.71238898038469,0.0240124736910693,0.03401595368352995,0.014033937254293551
1.0471975511966,3.14159265358979,0.715584993317675,4.71238898038469,0.024109113888501052,0.0339659790707522,0.01415647066365055
1.0471975511966,3.14159265358979,0.733038285837618,4.71238898038469,0.024533215954889352,0.03385324258619985,0.01402543876193115
1.0471975511966,3.14159265358979,0.750491578357562,4.71238898038469,0.02492336732461715,0.03363801744626705,0.014084698394604099
1.0471975511966,3.14159265358979,0.767944870877505,4.71238898038469,0.02492038054902005,0.033798178184402394,0.01415049478089945
1.0471975511966,3.14159265358979,0.785398163397448,4.71238898038469,0.024467788709796948,0.0339622643161277,0.01419858345541085
1.0471975511966,3.14159265358979,0.802851455917391,4.71238898038469,0.0243490182093423,0.0342982076859845,0.0139936754216695
1.0471975511966,3.14159265358979,0.820304748437335,4.71238898038469,0.02454488018889525,0.03441890832433635,0.014122771257249301
1.0471975511966,3.14159265358979,0.837758040957278,4.71238898038469,0.0247225346861386,0.0343376904195314,0.014421576502592251
1.0471975511966,3.14159265358979,0.855211333477221,4.71238898038469,0.025030475477884048,0.0346458648121048,0.01450836619072435
1.0471975511966,3.14159265358979,0.872664625997165,4.71238898038469,0.0248714536976478,0.03476799605932765,0.014555549632409449
1.0471975511966,3.14159265358979,0.890117918517108,4.71238898038469,0.02438741168164455,0.03463845028108945,0.0146210849355054
1.0471975511966,3.14159265358979,0.907571211037051,4.71238898038469,0.02446461976567215,0.0345182380626679,0.0145424341464244
1.0471975511966,3.14159265358979,0.925024503556995,4.71238898038469,0.02447430690449225,0.0345014085993934,0.01433459506229875
1.0471975511966,3.14159265358979,0.942477796076938,4.71238898038469,0.0242800931497733,0.0343386459617901,0.014418599677404251
1.0471975511966,3.14159265358979,0.959931088596881,4.71238898038469,0.023879985421422098,0.03423280344853035,0.0143618080162928
1.0471975511966,3.14159265358979,0.977384381116825,4.71238898038469,0.023190446108465053,0.0342356355865035,0.01421989752120135
1.0471975511966,3.14159265358979,0.994837673636768,4.71238898038469,0.022903259431781647,0.0341848068241322,0.014124673554175349
1.0471975511966,3.14159265358979,1.01229096615671,4.71238898038469,0.02293128229790295,0.03431750174841865,0.013970778039248101
1.0471975511966,3.14159265358979,1.02974425867665,4.71238898038469,0.02259029101355255,0.03394262143891265,0.01384329058216115
1.0471975511966,3.14159265358979,1.0471975511966,4.71238898038469,0.0223788867955462,0.03403900842406115,0.013867122799376099
1.0471975511966,3.14159265358979,1.06465084371654,4.71238898038469,0.02270173146509525,0.0343038684895145,0.01393098524979245
1.0471975511966,3.14159265358979,1.08210413623648,4.71238898038469,0.02348758040850825,0.0345620598915461,0.0141144214959225
1.0471975511966,3.14159265358979,1.09955742875643,4.71238898038469,0.02375171709546195,0.0343875927318951,0.0142851883801422
1.0471975511966,3.14159265358979,1.11701072127637,4.71238898038469,0.02409859921567575,0.03443670417537515,0.014259779095419398
1.0471975511966,3.14159265358979,1.13446401379631,4.71238898038469,0.02407236946348085,0.03438565036792545,0.01398101150395035
1.0471975511966,3.14159265358979,1.15191730631626,4.71238898038469,0.024018682887737,0.034479125544508896,0.01373236809122795
1.0471975511966,3.14159265358979,1.1693705988362,4.71238898038469,0.02421126382437655,0.03493273655198805,0.0136018396096199
1.0471975511966,3.14159265358979,1.18682389135614,4.71238898038469,0.024513461467635347,0.0351028828784286,0.01338778585879795
1.0471975511966,3.14159265358979,1.20427718387609,4.71238898038469,0.0242411835223836,0.034724060936613205,0.013302424980601149
1.0471975511966,3.14159265358979,1.22173047639603,4.71238898038469,0.0242534738179718,0.03436633297062135,0.0131749954209435
1.0471975511966,3.14159265358979,1.23918376891597,4.71238898038469,0.024456686673712702,0.034127506848489544,0.01303685512743375
1.0471975511966,3.14159265358979,1.25663706143592,4.71238898038469,0.02442173510301105,0.033959030242251304,0.012948548746133
1.0471975511966,3.14159265358979,1.27409035395586,4.71238898038469,0.0243007208725274,0.0337861068505728,0.01288824691932155
1.0471975511966,3.14159265358979,1.2915436464758,4.71238898038469,0.02426589990108015,0.0337571582733264,0.012845375880761501
1.0471975511966,3.14159265358979,1.30899693899575,4.71238898038469,0.02412735584891465,0.03353027479963465,0.01281447265600435
1.0471975511966,3.14159265358979,1.32645023151569,4.71238898038469,0.02251886545898705,0.03129492314632565,0.0119601744789374
1.0471975511966,3.14159265358979,1.34390352403563,4.71238898038469,0.0209103750690594,0.02905957149301665,0.01110587630187045
1.0471975511966,3.14159265358979,1.36135681655558,4.71238898038469,0.0193018846791317,0.02682421983970775,0.01025157812480345
1.0471975511966,3.14159265358979,1.37881010907552,4.71238898038469,0.0176933942892041,0.024588868186398702,0.0093972799477365
1.0471975511966,3.14159265358979,1.39626340159546,4.71238898038469,0.01608490389927645,0.02235351653308975,0.008542981770669544
1.0471975511966,3.14159265358979,1.41371669411541,4.71238898038469,0.0144764135093488,0.02011816487978075,0.007688683593602595
1.0471975511966,3.14159265358979,1.43116998663535,4.71238898038469,0.01286792311942115,0.0178828132264718,0.006834385416535635
1.0471975511966,3.14159265358979,1.44862327915529,4.71238898038469,0.0112594327294935,0.0156474615731628,0.0059800872394686795
1.0471975511966,3.14159265358979,1.46607657167524,4.71238898038469,0.009650942339565854,0.013412109919853851,0.00512578906240172
1.0471975511966,3.14159265358979,1.48352986419518,4.71238898038469,0.008042451949638221,0.01117675826654485,0.004271490885334775
1.0471975511966,3.14159265358979,1.50098315671512,4.71238898038469,0.006433961559710575,0.00894140661323589,0.00341719270826782
1.0471975511966,3.14159265358979,1.51843644923507,4.71238898038469,0.004825471169782915,0.006706054959926925,0.00256289453120086
1.0471975511966,3.14159265358979,1.53588974175501,4.71238898038469,0.003216980779855265,0.004470703306617955,0.001708596354133905
1.0471975511966,3.14159265358979,1.55334303427495,4.71238898038469,0.001608490389927635,0.00223535165330898,0.000854298177066956
1.0471975511966,3.14159265358979,1.5707963267949,4.71238898038469,-8.23993651088985e-18,6.938893903907244e-18,1.002887009549095e-18
1.0471975511966,3.14159265358979,0.0174532925199433,4.88692190558412,0.02441836299243645,0.0333584015038148,0.014040000866422701
1.0471975511966,3.14159265358979,0.0349065850398866,4.88692190558412,0.02449166834556485,0.0336913069397029,0.0141855349510874
1.0471975511966,3.14159265358979,0.0523598775598299,4.88692190558412,0.02450341349412685,0.03379933775531825,0.014385585923898849
1.0471975511966,3.14159265358979,0.0698131700797732,4.88692190558412,0.0245620674129088,0.03374585201700295,0.01439841427207795
1.0471975511966,3.14159265358979,0.0872664625997165,4.88692190558412,0.024668381072118897,0.0337782045874655,0.01439971613438255
1.0471975511966,3.14159265358979,0.10471975511966,4.88692190558412,0.024544015160255853,0.0339763533027203,0.01439429220278895
1.0471975511966,3.14159265358979,0.122173047639603,4.88692190558412,0.0245642325189541,0.0341479406519618,0.01437677122434805
1.0471975511966,3.14159265358979,0.139626340159546,4.88692190558412,0.0246855331185683,0.0342898942379352,0.0144656654179674
1.0471975511966,3.14159265358979,0.15707963267949,4.88692190558412,0.02484928346538885,0.034306357023895895,0.0146884621361775
1.0471975511966,3.14159265358979,0.174532925199433,4.88692190558412,0.02486351489945955,0.03420803873855775,0.0146653200942625
1.0471975511966,3.14159265358979,0.191986217719376,4.88692190558412,0.024884625377258503,0.03407969415902724,0.01455797948109435
1.0471975511966,3.14159265358979,0.20943951023932,4.88692190558412,0.0250415168641978,0.03399420301771615,0.0145195260195353
1.0471975511966,3.14159265358979,0.226892802759263,4.88692190558412,0.02504407639159355,0.03381828025303005,0.014639600360395851
1.0471975511966,3.14159265358979,0.244346095279206,4.88692190558412,0.02520872535840145,0.033695169982095,0.01450553100372365
1.0471975511966,3.14159265358979,0.261799387799149,4.88692190558412,0.02538336337504995,0.0337589579610527,0.0143514425610899
1.0471975511966,3.14159265358979,0.279252680319093,4.88692190558412,0.0253682759192493,0.03374884442316315,0.0142524085443913
1.0471975511966,3.14159265358979,0.296705972839036,4.88692190558412,0.025264327205084,0.033671992000810155,0.01422963071226395
1.0471975511966,3.14159265358979,0.314159265358979,4.88692190558412,0.0249492767330823,0.033800702022242446,0.0143876511839842
1.0471975511966,3.14159265358979,0.331612557878923,4.88692190558412,0.0248061728455138,0.03415478565265,0.014419452243464
1.0471975511966,3.14159265358979,0.349065850398866,4.88692190558412,0.024814044950176202,0.03434740419509795,0.0144460826177193
1.0471975511966,3.14159265358979,0.366519142918809,4.88692190558412,0.02489199229419225,0.034465136316595604,0.0143876567411949
1.0471975511966,3.14159265358979,0.383972435438752,4.88692190558412,0.025119492313944,0.034616672433679746,0.0144587935624237
1.0471975511966,3.14159265358979,0.401425727958696,4.88692190558412,0.025345581131727052,0.0347873242943148,0.01457990534705325
1.0471975511966,3.14159265358979,0.418879020478639,4.88692190558412,0.025546000306745302,0.034982853782414156,0.014621456196377
1.0471975511966,3.14159265358979,0.436332312998582,4.88692190558412,0.025720881545605,0.035160592230698895,0.01464839516879575
1.0471975511966,3.14159265358979,0.453785605518526,4.88692190558412,0.02576180920993945,0.0351486011682625,0.01461161754151585
1.0471975511966,3.14159265358979,0.471238898038469,4.88692190558412,0.0258154993357456,0.03507442966884155,0.01458086383404125
1.0471975511966,3.14159265358979,0.488692190558412,4.88692190558412,0.02588752020389065,0.034954957479528856,0.01461563086361915
1.0471975511966,3.14159265358979,0.506145483078356,4.88692190558412,0.0258587522332885,0.0348520146854988,0.014698292150968649
1.0471975511966,3.14159265358979,0.523598775598299,4.88692190558412,0.02578480845129395,0.034925075612820655,0.014723616035925001
1.0471975511966,3.14159265358979,0.541052068118242,4.88692190558412,0.025609724989496,0.03490967510018805,0.01462077616497635
1.0471975511966,3.14159265358979,0.558505360638185,4.88692190558412,0.0254484106216814,0.03485761872143785,0.0144650728279421
1.0471975511966,3.14159265358979,0.575958653158129,4.88692190558412,0.0254498934588238,0.0348895096882478,0.0144992151552443
1.0471975511966,3.14159265358979,0.593411945678072,4.88692190558412,0.0254841743665877,0.034825261584430806,0.0146090050621328
1.0471975511966,3.14159265358979,0.610865238198015,4.88692190558412,0.02557096154619285,0.03476126630011065,0.01466106344106595
1.0471975511966,3.14159265358979,0.628318530717959,4.88692190558412,0.0255533959650403,0.0347131054420744,0.0147396814196662
1.0471975511966,3.14159265358979,0.645771823237902,4.88692190558412,0.02546326130829955,0.0346918864338152,0.014734049439913952
1.0471975511966,3.14159265358979,0.663225115757845,4.88692190558412,0.0253791893834286,0.0346710429512614,0.01459670089093345
1.0471975511966,3.14159265358979,0.680678408277788,4.88692190558412,0.0252513706064113,0.0346559227620348,0.014405159726926551
1.0471975511966,3.14159265358979,0.698131700797732,4.88692190558412,0.025216351049950153,0.034763717121821996,0.0142402154748161
1.0471975511966,3.14159265358979,0.715584993317675,4.88692190558412,0.025181453327168153,0.03482363929209405,0.014317488614667199
1.0471975511966,3.14159265358979,0.733038285837618,4.88692190558412,0.0250841257171633,0.03465052756995255,0.0143678425013196
1.0471975511966,3.14159265358979,0.750491578357562,4.88692190558412,0.02507339216460225,0.034345717534653444,0.0142369431028555
1.0471975511966,3.14159265358979,0.767944870877505,4.88692190558412,0.025136972599722703,0.0341424257407478,0.014056314604554549
1.0471975511966,3.14159265358979,0.785398163397448,4.88692190558412,0.0250999095867632,0.0342255785023005,0.0139551735846015
1.0471975511966,3.14159265358979,0.802851455917391,4.88692190558412,0.02491406316738715,0.03433621507882305,0.0140833034413916
1.0471975511966,3.14159265358979,0.820304748437335,4.88692190558412,0.024802058627884,0.0344994227589948,0.01420032909180935
1.0471975511966,3.14159265358979,0.837758040957278,4.88692190558412,0.0248969046357119,0.034462107153121896,0.0142100894853705
1.0471975511966,3.14159265358979,0.855211333477221,4.88692190558412,0.02498971640030685,0.0344702096421247,0.01417029677227115
1.0471975511966,3.14159265358979,0.872664625997165,4.88692190558412,0.02489267022058545,0.0347770674794029,0.014186864854305
1.0471975511966,3.14159265358979,0.890117918517108,4.88692190558412,0.02454626079286635,0.0349650502298781,0.0143680492695619
1.0471975511966,3.14159265358979,0.907571211037051,4.88692190558412,0.0242233120991332,0.0351011256631439,0.0145595663853922
1.0471975511966,3.14159265358979,0.925024503556995,4.88692190558412,0.02440833325402465,0.03485464086599305,0.0145701789183063
1.0471975511966,3.14159265358979,0.942477796076938,4.88692190558412,0.02484427686707165,0.0348584385577385,0.01427216046865595
1.0471975511966,3.14159265358979,0.959931088596881,4.88692190558412,0.0247040263365935,0.03499173144601425,0.0140449358286418
1.0471975511966,3.14159265358979,0.977384381116825,4.88692190558412,0.024295901955858998,0.034717526265863996,0.01409350103322065
1.0471975511966,3.14159265358979,0.994837673636768,4.88692190558412,0.0245603276242227,0.034748508408774345,0.014008585039748798
1.0471975511966,3.14159265358979,1.01229096615671,4.88692190558412,0.02474159059886625,0.035083323140679745,0.0138158656042059
1.0471975511966,3.14159265358979,1.02974425867665,4.88692190558412,0.02424134452587305,0.0354405595735472,0.01389657710457645
1.0471975511966,3.14159265358979,1.0471975511966,4.88692190558412,0.02402111523224215,0.0351626806185037,0.01407894696027025
1.0471975511966,3.14159265358979,1.06465084371654,4.88692190558412,0.02380627384150585,0.03521517129299735,0.01416109857825465
1.0471975511966,3.14159265358979,1.08210413623648,4.88692190558412,0.024443936544047952,0.03513624876146085,0.0140173604163931
1.0471975511966,3.14159265358979,1.09955742875643,4.88692190558412,0.0251359283085674,0.035015509278661344,0.01382847274598245
1.0471975511966,3.14159265358979,1.11701072127637,4.88692190558412,0.025430178914526202,0.0349656137619199,0.01373160119583385
1.0471975511966,3.14159265358979,1.13446401379631,4.88692190558412,0.025450882499482852,0.0345867757562921,0.0135125038934753
1.0471975511966,3.14159265358979,1.15191730631626,4.88692190558412,0.02574903398432845,0.034515769413330705,0.01341221261096225
1.0471975511966,3.14159265358979,1.1693705988362,4.88692190558412,0.0256155346005947,0.0345593421242786,0.0133298451647112
1.0471975511966,3.14159265358979,1.18682389135614,4.88692190558412,0.025693402539859952,0.03459616369622435,0.0132441272746915
1.0471975511966,3.14159265358979,1.20427718387609,4.88692190558412,0.02538107653544575,0.034555498866506454,0.01325961797723795
1.0471975511966,3.14159265358979,1.22173047639603,4.88692190558412,0.024842971795668703,0.03439649492685225,0.01326338396409245
1.0471975511966,3.14159265358979,1.23918376891597,4.88692190558412,0.0244959654565355,0.03418485506046305,0.0132257395023903
1.0471975511966,3.14159265358979,1.25663706143592,4.88692190558412,0.0245568343935877,0.0340522349434839,0.01328819889741085
1.0471975511966,3.14159265358979,1.27409035395586,4.88692190558412,0.024627428218554452,0.03396644446145635,0.01335858794137465
1.0471975511966,3.14159265358979,1.2915436464758,4.88692190558412,0.0243603355659441,0.03395016732799215,0.013326059767399201
1.0471975511966,3.14159265358979,1.30899693899575,4.88692190558412,0.0245570643216734,0.033633312705963356,0.0133652018703327
1.0471975511966,3.14159265358979,1.32645023151569,4.88692190558412,0.0230210712712165,0.03163165161381975,0.0125398455761459
1.0471975511966,3.14159265358979,1.34390352403563,4.88692190558412,0.02126223611820935,0.0293769995700228,0.011600021310931099
1.0471975511966,3.14159265358979,1.36135681655558,4.88692190558412,0.01954970514798005,0.02712629953310005,0.01067928175506995
1.0471975511966,3.14159265358979,1.37881010907552,4.88692190558412,0.0178756106244157,0.024878421821122702,0.009774258469572729
1.0471975511966,3.14159265358979,1.39626340159546,4.88692190558412,0.0162259363717722,0.022631494370796652,0.008879187550886665
1.0471975511966,3.14159265358979,1.41371669411541,4.88692190558412,0.0147990647581114,0.0203441172738084,0.00806323799901659
1.0471975511966,3.14159265358979,1.43116998663535,4.88692190558412,0.01314028454474565,0.01807523959630835,0.00715997313099125
1.0471975511966,3.14159265358979,1.44862327915529,4.88692190558412,0.0114409138432978,0.01581860762380545,0.006243212730845596
1.0471975511966,3.14159265358979,1.46607657167524,4.88692190558412,0.00977101930449066,0.01356352846172995,0.00533836324339289
1.0471975511966,3.14159265358979,1.48352986419518,4.88692190558412,0.00812384171728394,0.0113090352684272,0.004442538373055294
1.0471975511966,3.14159265358979,1.50098315671512,4.88692190558412,0.00649146560487859,0.009054026621460804,0.003552409902701055
1.0471975511966,3.14159265358979,1.51843644923507,4.88692190558412,0.004915358090238055,0.00678257596158674,0.002681124136025585
1.0471975511966,3.14159265358979,1.53588974175501,4.88692190558412,0.003281705648684865,0.00451711215021217,0.00178850738445309
1.0471975511966,3.14159265358979,1.55334303427495,4.88692190558412,0.001632764044413435,0.00225721318986552,0.0008909619214747405
1.0471975511966,3.14159265358979,1.5707963267949,4.88692190558412,0.0010515289381529702,0.0014556272262878501,0.000573998990282028
1.0471975511966,3.14159265358979,0.0174532925199433,5.06145483078356,0.02444602627892745,0.03342685881399325,0.0140414116271735
1.0471975511966,3.14159265358979,0.0349065850398866,5.06145483078356,0.0245256841289683,0.03371137359606905,0.0141491181502882
1.0471975511966,3.14159265358979,0.0523598775598299,5.06145483078356,0.02458559451537055,0.033897593744434795,0.0143281324904489
1.0471975511966,3.14159265358979,0.0698131700797732,5.06145483078356,0.0246790058504228,0.0338375538807886,0.0143774220875754
1.0471975511966,3.14159265358979,0.0872664625997165,5.06145483078356,0.0248171475436956,0.033902763692169796,0.0144390761729435
1.0471975511966,3.14159265358979,0.10471975511966,5.06145483078356,0.024789718462553803,0.03398662286578215,0.0144264117079919
1.0471975511966,3.14159265358979,0.122173047639603,5.06145483078356,0.0247686456011303,0.03402255379333325,0.0143471971415109
1.0471975511966,3.14159265358979,0.139626340159546,5.06145483078356,0.0248581894932755,0.03411863078167625,0.014388895649715
1.0471975511966,3.14159265358979,0.15707963267949,5.06145483078356,0.02500222491731725,0.03421902207678905,0.0146371703715283
1.0471975511966,3.14159265358979,0.174532925199433,5.06145483078356,0.02520712281572925,0.03421948809396635,0.0147722206190161
1.0471975511966,3.14159265358979,0.191986217719376,5.06145483078356,0.025355196905125603,0.03406374134776255,0.014613590977317799
1.0471975511966,3.14159265358979,0.20943951023932,5.06145483078356,0.0254849098733637,0.03402625411173915,0.01452496946065875
1.0471975511966,3.14159265358979,0.226892802759263,5.06145483078356,0.0255744958479602,0.03418477260109845,0.01453056223195505
1.0471975511966,3.14159265358979,0.244346095279206,5.06145483078356,0.0254656785910262,0.034240185085619795,0.014454321933563299
1.0471975511966,3.14159265358979,0.261799387799149,5.06145483078356,0.025546600161505048,0.034353828080690096,0.0143394564203062
1.0471975511966,3.14159265358979,0.279252680319093,5.06145483078356,0.02558431189266885,0.034358433615088946,0.01423309984106835
1.0471975511966,3.14159265358979,0.296705972839036,5.06145483078356,0.0255484892022678,0.0342744789837968,0.014248404811243301
1.0471975511966,3.14159265358979,0.314159265358979,5.06145483078356,0.02546638242036245,0.034364949776839404,0.01426257485265745
1.0471975511966,3.14159265358979,0.331612557878923,5.06145483078356,0.025449965028380497,0.03467906242096905,0.01431970975074775
1.0471975511966,3.14159265358979,0.349065850398866,5.06145483078356,0.0255559798766157,0.034806148789968946,0.0143144737242214
1.0471975511966,3.14159265358979,0.366519142918809,5.06145483078356,0.025733530168380148,0.0349772734585766,0.014421696706835449
1.0471975511966,3.14159265358979,0.383972435438752,5.06145483078356,0.0257527610365509,0.03521620004391195,0.0146271001069368
1.0471975511966,3.14159265358979,0.401425727958696,5.06145483078356,0.025714343577471002,0.0354111825030467,0.0147782109344004
1.0471975511966,3.14159265358979,0.418879020478639,5.06145483078356,0.0257022916060307,0.035526603692072556,0.0148729812054904
1.0471975511966,3.14159265358979,0.436332312998582,5.06145483078356,0.025759016863649148,0.0355319959267396,0.01492257388931725
1.0471975511966,3.14159265358979,0.453785605518526,5.06145483078356,0.02583484835843365,0.03549465988260145,0.0149185070590918
1.0471975511966,3.14159265358979,0.471238898038469,5.06145483078356,0.0258204315377802,0.0352938761786811,0.01486356493831505
1.0471975511966,3.14159265358979,0.488692190558412,5.06145483078356,0.025810415261005297,0.035144243955045104,0.01492247900718325
1.0471975511966,3.14159265358979,0.506145483078356,5.06145483078356,0.02568904921179245,0.03517948983436235,0.01505543052638805
1.0471975511966,3.14159265358979,0.523598775598299,5.06145483078356,0.0254774922748117,0.03520058542589275,0.015016191439958
1.0471975511966,3.14159265358979,0.541052068118242,5.06145483078356,0.0255189206372103,0.03517798497996305,0.014943260851756849
1.0471975511966,3.14159265358979,0.558505360638185,5.06145483078356,0.025859454139192252,0.0353742787662073,0.01492949733238535
1.0471975511966,3.14159265358979,0.575958653158129,5.06145483078356,0.025876850935375652,0.0352777448819816,0.0147253389819135
1.0471975511966,3.14159265358979,0.593411945678072,5.06145483078356,0.025701756593697,0.03530716629067,0.01465718706499635
1.0471975511966,3.14159265358979,0.610865238198015,5.06145483078356,0.025751415932624748,0.03529893615761755,0.0148004611878508
1.0471975511966,3.14159265358979,0.628318530717959,5.06145483078356,0.0256987378087577,0.03523003987670255,0.01486025613943905
1.0471975511966,3.14159265358979,0.645771823237902,5.06145483078356,0.025727524295059798,0.0352224911061747,0.014844849201466
1.0471975511966,3.14159265358979,0.663225115757845,5.06145483078356,0.0256385250907428,0.0352266078246016,0.0150487468064217
1.0471975511966,3.14159265358979,0.680678408277788,5.06145483078356,0.025666633359021,0.03535040467763575,0.0151164449152324
1.0471975511966,3.14159265358979,0.698131700797732,5.06145483078356,0.0258519008292367,0.0352593704258202,0.014998012322583899
1.0471975511966,3.14159265358979,0.715584993317675,5.06145483078356,0.0260637799654309,0.0351226213327447,0.014711146899761201
1.0471975511966,3.14159265358979,0.733038285837618,5.06145483078356,0.026092136498635753,0.0351400538013345,0.0145121341522612
1.0471975511966,3.14159265358979,0.750491578357562,5.06145483078356,0.02606173816807105,0.035216791119305896,0.0144755925048539
1.0471975511966,3.14159265358979,0.767944870877505,5.06145483078356,0.02614974661926335,0.0354255305991358,0.01442232150770875
1.0471975511966,3.14159265358979,0.785398163397448,5.06145483078356,0.0262519104815987,0.035745966908700896,0.0144701164556526
1.0471975511966,3.14159265358979,0.802851455917391,5.06145483078356,0.02638254223513245,0.03580423545929095,0.014457255667584351
1.0471975511966,3.14159265358979,0.820304748437335,5.06145483078356,0.026495053191030953,0.0356403993456747,0.01445589009595915
1.0471975511966,3.14159265358979,0.837758040957278,5.06145483078356,0.02631589066280455,0.0355846474318163,0.014445251657917699
1.0471975511966,3.14159265358979,0.855211333477221,5.06145483078356,0.026072142946705047,0.03553097301048485,0.014400075697022
1.0471975511966,3.14159265358979,0.872664625997165,5.06145483078356,0.02594166966013385,0.0353879453940891,0.0143334631904734
1.0471975511966,3.14159265358979,0.890117918517108,5.06145483078356,0.026057852029632,0.035339315843257446,0.0144275712655874
1.0471975511966,3.14159265358979,0.907571211037051,5.06145483078356,0.02624253325209935,0.0353987708626379,0.01444038947403855
1.0471975511966,3.14159265358979,0.925024503556995,5.06145483078356,0.02641290082747945,0.0354871159789144,0.0144797558063895
1.0471975511966,3.14159265358979,0.942477796076938,5.06145483078356,0.02653879126323335,0.035405252694927045,0.01457775314326395
1.0471975511966,3.14159265358979,0.959931088596881,5.06145483078356,0.0261949179049971,0.0355715538054708,0.01455433740971125
1.0471975511966,3.14159265358979,0.977384381116825,5.06145483078356,0.025464091092937048,0.03543320475906095,0.01460937407059185
1.0471975511966,3.14159265358979,0.994837673636768,5.06145483078356,0.025142909768340202,0.0354585950712088,0.0147525006760592
1.0471975511966,3.14159265358979,1.01229096615671,5.06145483078356,0.0256455841340332,0.03596450534862465,0.0146021944445976
1.0471975511966,3.14159265358979,1.02974425867665,5.06145483078356,0.02631918756973305,0.0362311625115556,0.0144421100799435
1.0471975511966,3.14159265358979,1.0471975511966,5.06145483078356,0.02628804854726845,0.036115861639858055,0.01439816747559545
1.0471975511966,3.14159265358979,1.06465084371654,5.06145483078356,0.0261206113343806,0.03575785733503945,0.01424794465841185
1.0471975511966,3.14159265358979,1.08210413623648,5.06145483078356,0.026026055925226298,0.03564101785044525,0.01413342809254475
1.0471975511966,3.14159265358979,1.09955742875643,5.06145483078356,0.02583349901155845,0.0358061681140822,0.013899399445618549
1.0471975511966,3.14159265358979,1.11701072127637,5.06145483078356,0.02560549796836315,0.035928947734592195,0.013626447701429
1.0471975511966,3.14159265358979,1.13446401379631,5.06145483078356,0.025519333390219202,0.035950039318751195,0.0135555898800135
1.0471975511966,3.14159265358979,1.15191730631626,5.06145483078356,0.025564984742631698,0.0357600086205201,0.01349321480710405
1.0471975511966,3.14159265358979,1.1693705988362,5.06145483078356,0.02577162211903165,0.0357996718509123,0.013684735949952901
1.0471975511966,3.14159265358979,1.18682389135614,5.06145483078356,0.0259606621699082,0.0360661894881752,0.013729251393437749
1.0471975511966,3.14159265358979,1.20427718387609,5.06145483078356,0.02601113606060785,0.0360001169198177,0.0136622916080312
1.0471975511966,3.14159265358979,1.22173047639603,5.06145483078356,0.0259584721559807,0.03581241018407755,0.013678149863883049
1.0471975511966,3.14159265358979,1.23918376891597,5.06145483078356,0.02586086206824265,0.03562203183371105,0.0137668283873764
1.0471975511966,3.14159265358979,1.25663706143592,5.06145483078356,0.0256112903485521,0.03550802826327005,0.013694219160494
1.0471975511966,3.14159265358979,1.27409035395586,5.06145483078356,0.02598214353465755,0.035277899500266996,0.01382557703180155
1.0471975511966,3.14159265358979,1.2915436464758,5.06145483078356,0.025816398025348748,0.0351766858539701,0.013787262181491351
1.0471975511966,3.14159265358979,1.30899693899575,5.06145483078356,0.02527201693573445,0.034581767448861045,0.0134866921341023
1.0471975511966,3.14159265358979,1.32645023151569,5.06145483078356,0.0239536125104145,0.032840736269573303,0.012804016286709
1.0471975511966,3.14159265358979,1.34390352403563,5.06145483078356,0.022207031503958252,0.03056136643508335,0.01184078405681205
1.0471975511966,3.14159265358979,1.36135681655558,5.06145483078356,0.02049869361200885,0.028196513394011302,0.010913185863707799
1.0471975511966,3.14159265358979,1.37881010907552,5.06145483078356,0.018817993256299,0.02580928906739855,0.010057751780708672
1.0471975511966,3.14159265358979,1.39626340159546,5.06145483078356,0.0170843778379652,0.0235030273838202,0.009111711328468487
1.0471975511966,3.14159265358979,1.41371669411541,5.06145483078356,0.0153999384842335,0.02110070442703215,0.008230846117712479
1.0471975511966,3.14159265358979,1.43116998663535,5.06145483078356,0.013684155773603851,0.01877322048746055,0.00731245235595627
1.0471975511966,3.14159265358979,1.44862327915529,5.06145483078356,0.01195435940852295,0.0164599820932895,0.0063717818005813096
1.0471975511966,3.14159265358979,1.46607657167524,5.06145483078356,0.010261136332400455,0.0140788269149201,0.005482837122462345
1.0471975511966,3.14159265358979,1.48352986419518,5.06145483078356,0.008551287188967461,0.01173446869266525,0.00456876414785996
1.0471975511966,3.14159265358979,1.50098315671512,5.06145483078356,0.006829485666994026,0.00940527502036529,0.00363970293101198
1.0471975511966,3.14159265358979,1.51843644923507,5.06145483078356,0.005125810884994885,0.0070460847850645,0.0027352797507342
1.0471975511966,3.14159265358979,1.53588974175501,5.06145483078356,0.00341957341437359,0.00469328854811594,0.00182678655372681
1.0471975511966,3.14159265358979,1.55334303427495,5.06145483078356,0.0017068512271055801,0.002346316498922885,0.0009108164814619885
1.0471975511966,3.14159265358979,1.5707963267949,5.06145483078356,0.001082906514015775,0.001484920674813745,0.000578871021439577
1.0471975511966,3.14159265358979,0.0174532925199433,5.23598775598299,0.0244659749714717,0.033491024543706796,0.0140462396030639
1.0471975511966,3.14159265358979,0.0349065850398866,5.23598775598299,0.02456448157960205,0.033737263962755004,0.014107861271446451
1.0471975511966,3.14159265358979,0.0523598775598299,5.23598775598299,0.024621139751035498,0.03384888073132,0.0142593193028684
1.0471975511966,3.14159265358979,0.0698131700797732,5.23598775598299,0.0247356656178329,0.03385970912494915,0.0143247388858162
1.0471975511966,3.14159265358979,0.0872664625997165,5.23598775598299,0.024800701890095103,0.03388469994159585,0.01440139419771165
1.0471975511966,3.14159265358979,0.10471975511966,5.23598775598299,0.02484813837544815,0.0340006765165904,0.014415237103866
1.0471975511966,3.14159265358979,0.122173047639603,5.23598775598299,0.0249048526911968,0.033949462358385446,0.014401657170960001
1.0471975511966,3.14159265358979,0.139626340159546,5.23598775598299,0.02511872155848785,0.034063197662507746,0.01439476696225635
1.0471975511966,3.14159265358979,0.15707963267949,5.23598775598299,0.0252494171935299,0.03425669084180335,0.014512916537708899
1.0471975511966,3.14159265358979,0.174532925199433,5.23598775598299,0.025562972843741552,0.0344458419646126,0.0146206993236689
1.0471975511966,3.14159265358979,0.191986217719376,5.23598775598299,0.025784203755925952,0.034450557157064146,0.0145801506108207
1.0471975511966,3.14159265358979,0.20943951023932,5.23598775598299,0.025871792987467848,0.034443554798028,0.01449237462416975
1.0471975511966,3.14159265358979,0.226892802759263,5.23598775598299,0.02589828436752705,0.034605344225284954,0.0145124693630973
1.0471975511966,3.14159265358979,0.244346095279206,5.23598775598299,0.025824869198242298,0.03471118561128915,0.0145398488222854
1.0471975511966,3.14159265358979,0.261799387799149,5.23598775598299,0.025883238303399,0.034702062859275545,0.01455640557477375
1.0471975511966,3.14159265358979,0.279252680319093,5.23598775598299,0.025967558201157148,0.03469077446587275,0.01441265108896675
1.0471975511966,3.14159265358979,0.296705972839036,5.23598775598299,0.02600828706783365,0.0346063041253337,0.01447531527285685
1.0471975511966,3.14159265358979,0.314159265358979,5.23598775598299,0.02599794666599765,0.034680125232487646,0.01460345902781095
1.0471975511966,3.14159265358979,0.331612557878923,5.23598775598299,0.026030051509812302,0.034890485485174,0.01460983533392155
1.0471975511966,3.14159265358979,0.349065850398866,5.23598775598299,0.0259701211089328,0.03495377527604915,0.0146135384788231
1.0471975511966,3.14159265358979,0.366519142918809,5.23598775598299,0.02594442763148485,0.0349894747289978,0.014759665239105199
1.0471975511966,3.14159265358979,0.383972435438752,5.23598775598299,0.025903011607251898,0.03519004080232205,0.0148965247050795
1.0471975511966,3.14159265358979,0.401425727958696,5.23598775598299,0.026011696786622948,0.03520396639192165,0.01488242410872205
1.0471975511966,3.14159265358979,0.418879020478639,5.23598775598299,0.026066380522155402,0.035091346789176456,0.01481988860279595
1.0471975511966,3.14159265358979,0.436332312998582,5.23598775598299,0.026111830470220553,0.03505834897786675,0.0147714849073867
1.0471975511966,3.14159265358979,0.453785605518526,5.23598775598299,0.02609603824586625,0.0350040709359426,0.014745662881313699
1.0471975511966,3.14159265358979,0.471238898038469,5.23598775598299,0.026120927685094553,0.0349862686045828,0.01484648183777995
1.0471975511966,3.14159265358979,0.488692190558412,5.23598775598299,0.026140073273626753,0.034970443425122996,0.01487078732150205
1.0471975511966,3.14159265358979,0.506145483078356,5.23598775598299,0.026054439758753753,0.03495588915949535,0.01488900607820045
1.0471975511966,3.14159265358979,0.523598775598299,5.23598775598299,0.026223051903983947,0.03495667174789405,0.0147698417224515
1.0471975511966,3.14159265358979,0.541052068118242,5.23598775598299,0.02628351133591415,0.0350999962037999,0.01463242837913575
1.0471975511966,3.14159265358979,0.558505360638185,5.23598775598299,0.0263445482057849,0.0351237071067836,0.0146798978883039
1.0471975511966,3.14159265358979,0.575958653158129,5.23598775598299,0.0263470808840155,0.0351332900686478,0.01480392716845475
1.0471975511966,3.14159265358979,0.593411945678072,5.23598775598299,0.02613859044234815,0.03535487199123705,0.01482380578261185
1.0471975511966,3.14159265358979,0.610865238198015,5.23598775598299,0.02605663248957145,0.035493221317595997,0.014744839382946351
1.0471975511966,3.14159265358979,0.628318530717959,5.23598775598299,0.02596779661669185,0.0355905918238699,0.014901976630693349
1.0471975511966,3.14159265358979,0.645771823237902,5.23598775598299,0.0258497017212933,0.035741259527390254,0.01489899932565795
1.0471975511966,3.14159265358979,0.663225115757845,5.23598775598299,0.02587698601900045,0.03568506690154935,0.014880467342644851
1.0471975511966,3.14159265358979,0.680678408277788,5.23598775598299,0.0258204134466182,0.0354949667221428,0.014839873232828552
1.0471975511966,3.14159265358979,0.698131700797732,5.23598775598299,0.02579381456287065,0.03536619772527595,0.01479158989422575
1.0471975511966,3.14159265358979,0.715584993317675,5.23598775598299,0.0259475101109777,0.03541528787248765,0.0147101578138292
1.0471975511966,3.14159265358979,0.733038285837618,5.23598775598299,0.02605479528133265,0.035378413918055795,0.01467412089597025
1.0471975511966,3.14159265358979,0.750491578357562,5.23598775598299,0.0260282124839085,0.035445285866674545,0.0147156400618947
1.0471975511966,3.14159265358979,0.767944870877505,5.23598775598299,0.025827678306709352,0.035466151255610354,0.01465171607729435
1.0471975511966,3.14159265358979,0.785398163397448,5.23598775598299,0.02563253243335325,0.035286993896076396,0.014606838094667049
1.0471975511966,3.14159265358979,0.802851455917391,5.23598775598299,0.02557296991163085,0.035069845640650604,0.0145976617531387
1.0471975511966,3.14159265358979,0.820304748437335,5.23598775598299,0.0255138771538258,0.0352035920022992,0.0143621405661789
1.0471975511966,3.14159265358979,0.837758040957278,5.23598775598299,0.025274846240031,0.03529560907960635,0.014396949234121399
1.0471975511966,3.14159265358979,0.855211333477221,5.23598775598299,0.025414844903430198,0.0352223628223924,0.014417987969903349
1.0471975511966,3.14159265358979,0.872664625997165,5.23598775598299,0.02567648474729425,0.035113888963064596,0.0144135619932067
1.0471975511966,3.14159265358979,0.890117918517108,5.23598775598299,0.026131141477774948,0.03516404503325645,0.01436942885185525
1.0471975511966,3.14159265358979,0.907571211037051,5.23598775598299,0.02618453194589305,0.035326340594212954,0.014440697676930299
1.0471975511966,3.14159265358979,0.925024503556995,5.23598775598299,0.026502672451469297,0.03576664399235935,0.0145646114434847
1.0471975511966,3.14159265358979,0.942477796076938,5.23598775598299,0.0264876052711534,0.035779844900115154,0.01461592850364465
1.0471975511966,3.14159265358979,0.959931088596881,5.23598775598299,0.02636981685509335,0.03559820211778045,0.0145159954515429
1.0471975511966,3.14159265358979,0.977384381116825,5.23598775598299,0.026579697503772398,0.03525018989408415,0.0141606571926252
1.0471975511966,3.14159265358979,0.994837673636768,5.23598775598299,0.02654351125639725,0.034846184984523,0.0140902962944974
1.0471975511966,3.14159265358979,1.01229096615671,5.23598775598299,0.0266525494982539,0.034666404798862696,0.01389396436853935
1.0471975511966,3.14159265358979,1.02974425867665,5.23598775598299,0.02638969523532165,0.03474384239359325,0.01394458150064205
1.0471975511966,3.14159265358979,1.0471975511966,5.23598775598299,0.025941322967576452,0.0350455435535377,0.01390670140064585
1.0471975511966,3.14159265358979,1.06465084371654,5.23598775598299,0.025804182481480552,0.03510346638017495,0.0138941055040025
1.0471975511966,3.14159265358979,1.08210413623648,5.23598775598299,0.0258033129027863,0.03542657252293805,0.01409799106690465
1.0471975511966,3.14159265358979,1.09955742875643,5.23598775598299,0.025885785430281798,0.035395165466852,0.014192516743833851
1.0471975511966,3.14159265358979,1.11701072127637,5.23598775598299,0.0256891805558358,0.03542190558476435,0.01417764929220285
1.0471975511966,3.14159265358979,1.13446401379631,5.23598775598299,0.02547977197104355,0.0352944375595088,0.014006559474594601
1.0471975511966,3.14159265358979,1.15191730631626,5.23598775598299,0.0255386299519873,0.0353003139929276,0.0140173986799281
1.0471975511966,3.14159265358979,1.1693705988362,5.23598775598299,0.02535313247759965,0.035188493539530255,0.0142030813228868
1.0471975511966,3.14159265358979,1.18682389135614,5.23598775598299,0.0253120786234125,0.035150839313943846,0.01417805722488165
1.0471975511966,3.14159265358979,1.20427718387609,5.23598775598299,0.0253920813682112,0.0348220372664437,0.014114339261669901
1.0471975511966,3.14159265358979,1.22173047639603,5.23598775598299,0.0252658165694365,0.03457155512621795,0.014121729899340501
1.0471975511966,3.14159265358979,1.23918376891597,5.23598775598299,0.025233861127584002,0.0343333462259664,0.01399905182561035
1.0471975511966,3.14159265358979,1.25663706143592,5.23598775598299,0.02532500688919585,0.0340456971893882,0.013907768670655199
1.0471975511966,3.14159265358979,1.27409035395586,5.23598775598299,0.025430937782794552,0.034147855530486354,0.01360142455464785
1.0471975511966,3.14159265358979,1.2915436464758,5.23598775598299,0.025583569920863303,0.0341095934207912,0.0137022741452533
1.0471975511966,3.14159265358979,1.30899693899575,5.23598775598299,0.0250356201202615,0.0335577075877687,0.01322807732204835
1.0471975511966,3.14159265358979,1.32645023151569,5.23598775598299,0.02353797831086045,0.0315782871620232,0.012410539722393
1.0471975511966,3.14159265358979,1.34390352403563,5.23598775598299,0.0218126207285162,0.029399780159431947,0.01157279925534125
1.0471975511966,3.14159265358979,1.36135681655558,5.23598775598299,0.020202738591266797,0.027083111338931598,0.010651922768041049
1.0471975511966,3.14159265358979,1.37881010907552,5.23598775598299,0.01842913075318,0.0249483226565134,0.009806806017229889
1.0471975511966,3.14159265358979,1.39626340159546,5.23598775598299,0.0168250487813323,0.0225641540197398,0.008875269180979861
1.0471975511966,3.14159265358979,1.41371669411541,5.23598775598299,0.015154508428351001,0.02032017544905405,0.007996352978178054
1.0471975511966,3.14159265358979,1.43116998663535,5.23598775598299,0.01345081470280935,0.0180451474017221,0.007091800351111255
1.0471975511966,3.14159265358979,1.44862327915529,5.23598775598299,0.0117684703052399,0.01581073483905005,0.006223800120993425
1.0471975511966,3.14159265358979,1.46607657167524,5.23598775598299,0.01010472966761194,0.013541927929132499,0.005322192764726285
1.0471975511966,3.14159265358979,1.48352986419518,5.23598775598299,0.008385006448324565,0.0113135217381013,0.00445250108660786
1.0471975511966,3.14159265358979,1.50098315671512,5.23598775598299,0.0067322375106304445,0.009026506348541194,0.0035506268931470696
1.0471975511966,3.14159265358979,1.51843644923507,5.23598775598299,0.005051160678612205,0.0067738916722330095,0.00266343371557123
1.0471975511966,3.14159265358979,1.53588974175501,5.23598775598299,0.003363676553279975,0.004511879388285865,0.00177455981132434
1.0471975511966,3.14159265358979,1.55334303427495,5.23598775598299,0.00168185161161513,0.002254640711836825,0.0008869127991498471
1.0471975511966,3.14159265358979,1.5707963267949,5.23598775598299,0.0009383719001875555,0.00127003536023675,0.0005021419526394565
1.0471975511966,3.14159265358979,0.0174532925199433,5.41052068118242,0.02447628757595295,0.033545791797187946,0.014053178501123899
1.0471975511966,3.14159265358979,0.0349065850398866,5.41052068118242,0.024562514969801552,0.0337103244729434,0.01408718036254405
1.0471975511966,3.14159265358979,0.0523598775598299,5.41052068118242,0.02463112340140115,0.033809691452448803,0.0142089100109959
1.0471975511966,3.14159265358979,0.0698131700797732,5.41052068118242,0.02474873154521455,0.033785468429333054,0.014301288734697451
1.0471975511966,3.14159265358979,0.0872664625997165,5.41052068118242,0.024786125613879252,0.03379620963371825,0.014379203539120401
1.0471975511966,3.14159265358979,0.10471975511966,5.41052068118242,0.0249068243442131,0.033972974706248,0.01438824833984165
1.0471975511966,3.14159265358979,0.122173047639603,5.41052068118242,0.0250327695380379,0.034118003591114054,0.014388911477640449
1.0471975511966,3.14159265358979,0.139626340159546,5.41052068118242,0.0251928456808494,0.03435682542658715,0.014462198505115001
1.0471975511966,3.14159265358979,0.15707963267949,5.41052068118242,0.0253639740545179,0.0344102872151516,0.014581621283658499
1.0471975511966,3.14159265358979,0.174532925199433,5.41052068118242,0.025590649921802648,0.0344126643500861,0.01463849770037275
1.0471975511966,3.14159265358979,0.191986217719376,5.41052068118242,0.0258854425164316,0.0346246577612518,0.01480356457625135
1.0471975511966,3.14159265358979,0.20943951023932,5.41052068118242,0.0262417952336284,0.0349588109947434,0.01485784614340245
1.0471975511966,3.14159265358979,0.226892802759263,5.41052068118242,0.0263018894130145,0.035075892851203244,0.01481178228980035
1.0471975511966,3.14159265358979,0.244346095279206,5.41052068118242,0.026332840403482452,0.035129796453568646,0.0148257573536201
1.0471975511966,3.14159265358979,0.261799387799149,5.41052068118242,0.0263353614460965,0.03512408734489525,0.014686699898211149
1.0471975511966,3.14159265358979,0.279252680319093,5.41052068118242,0.02616141785454725,0.03514881244779895,0.0146406561435303
1.0471975511966,3.14159265358979,0.296705972839036,5.41052068118242,0.026060670694077248,0.03531846596577115,0.01468572957889995
1.0471975511966,3.14159265358979,0.314159265358979,5.41052068118242,0.02611115069059705,0.035310080144113604,0.01472790043781385
1.0471975511966,3.14159265358979,0.331612557878923,5.41052068118242,0.0261520259849276,0.03513718785552315,0.0146965030847057
1.0471975511966,3.14159265358979,0.349065850398866,5.41052068118242,0.02621023584559795,0.034818132211251795,0.014677659788124
1.0471975511966,3.14159265358979,0.366519142918809,5.41052068118242,0.02619255222962505,0.03485799103968425,0.014758453242007849
1.0471975511966,3.14159265358979,0.383972435438752,5.41052068118242,0.0261170190708804,0.034927261336437754,0.01485893033234965
1.0471975511966,3.14159265358979,0.401425727958696,5.41052068118242,0.02610142792257905,0.0349263612540017,0.014773870841094699
1.0471975511966,3.14159265358979,0.418879020478639,5.41052068118242,0.0261414031882345,0.03485371594623245,0.01470497382230845
1.0471975511966,3.14159265358979,0.436332312998582,5.41052068118242,0.02626753180640165,0.034814286111465295,0.0146540929167967
1.0471975511966,3.14159265358979,0.453785605518526,5.41052068118242,0.02637389020638455,0.03482561155317245,0.014764400457663751
1.0471975511966,3.14159265358979,0.471238898038469,5.41052068118242,0.026245549580121152,0.03487982131431115,0.0148240224412426
1.0471975511966,3.14159265358979,0.488692190558412,5.41052068118242,0.026142162671800202,0.03501915720275415,0.01485391234538445
1.0471975511966,3.14159265358979,0.506145483078356,5.41052068118242,0.026310831222218348,0.0351840667418108,0.014854968936514099
1.0471975511966,3.14159265358979,0.523598775598299,5.41052068118242,0.02634233458359545,0.03529021049169685,0.0148503314454063
1.0471975511966,3.14159265358979,0.541052068118242,5.41052068118242,0.026563658660482298,0.035188235738360996,0.015021376251819
1.0471975511966,3.14159265358979,0.558505360638185,5.41052068118242,0.026745548414953052,0.035086072329084755,0.014973161455711651
1.0471975511966,3.14159265358979,0.575958653158129,5.41052068118242,0.026884874398874797,0.03507765935767605,0.01477800475566385
1.0471975511966,3.14159265358979,0.593411945678072,5.41052068118242,0.026912050733289998,0.0351866878286385,0.01472888117767315
1.0471975511966,3.14159265358979,0.610865238198015,5.41052068118242,0.026800783851732547,0.03545477781034355,0.0147108270305546
1.0471975511966,3.14159265358979,0.628318530717959,5.41052068118242,0.02667894066943815,0.03565035672998925,0.0148349317795646
1.0471975511966,3.14159265358979,0.645771823237902,5.41052068118242,0.026936909941992347,0.0357858353469672,0.014881904924748151
1.0471975511966,3.14159265358979,0.663225115757845,5.41052068118242,0.02717184833315875,0.03594705104589625,0.0148691838308385
1.0471975511966,3.14159265358979,0.680678408277788,5.41052068118242,0.027361768730767053,0.0360252535203487,0.0148439111009139
1.0471975511966,3.14159265358979,0.698131700797732,5.41052068118242,0.027434282393619,0.0361855403480523,0.01478299858636405
1.0471975511966,3.14159265358979,0.715584993317675,5.41052068118242,0.02736152264492005,0.03639981336684215,0.014845749343117099
1.0471975511966,3.14159265358979,0.733038285837618,5.41052068118242,0.0270773315367281,0.036403185796881746,0.014849023549370201
1.0471975511966,3.14159265358979,0.750491578357562,5.41052068118242,0.0269585137593728,0.036248152034562206,0.0147906709070685
1.0471975511966,3.14159265358979,0.767944870877505,5.41052068118242,0.02721351084933465,0.036346070268175504,0.01486853077427935
1.0471975511966,3.14159265358979,0.785398163397448,5.41052068118242,0.0274977264869339,0.0362015628138135,0.01476344671046195
1.0471975511966,3.14159265358979,0.802851455917391,5.41052068118242,0.02736467801594955,0.03617444672543545,0.01466265431413835
1.0471975511966,3.14159265358979,0.820304748437335,5.41052068118242,0.02715598339970275,0.03624181413199935,0.01449794506640465
1.0471975511966,3.14159265358979,0.837758040957278,5.41052068118242,0.02740286371902185,0.03640129436691315,0.014569723707082049
1.0471975511966,3.14159265358979,0.855211333477221,5.41052068118242,0.0278534349070493,0.0364880231458993,0.0146038327560339
1.0471975511966,3.14159265358979,0.872664625997165,5.41052068118242,0.02804470625576535,0.03657132823873825,0.01462693128293585
1.0471975511966,3.14159265358979,0.890117918517108,5.41052068118242,0.027576664133836,0.036470390187160195,0.0148385124553729
1.0471975511966,3.14159265358979,0.907571211037051,5.41052068118242,0.027637050441137498,0.0366340320094132,0.01474335933492175
1.0471975511966,3.14159265358979,0.925024503556995,5.41052068118242,0.027584409257855602,0.036566181991149804,0.014482282898036901
1.0471975511966,3.14159265358979,0.942477796076938,5.41052068118242,0.02769448543158595,0.03645591275713865,0.014123337521134899
1.0471975511966,3.14159265358979,0.959931088596881,5.41052068118242,0.0282297913387352,0.03662049963370935,0.01404254326066275
1.0471975511966,3.14159265358979,0.977384381116825,5.41052068118242,0.02868201851896785,0.03661799069121525,0.013996983698432799
1.0471975511966,3.14159265358979,0.994837673636768,5.41052068118242,0.027876411583463802,0.03681349769003415,0.01403180516715705
1.0471975511966,3.14159265358979,1.01229096615671,5.41052068118242,0.0276080862676395,0.0368389682549742,0.01409755076044915
1.0471975511966,3.14159265358979,1.02974425867665,5.41052068118242,0.027660851472409202,0.0368460823700023,0.0139021994061532
1.0471975511966,3.14159265358979,1.0471975511966,5.41052068118242,0.028024555744017653,0.0370733739085464,0.01353293516764695
1.0471975511966,3.14159265358979,1.06465084371654,5.41052068118242,0.0281576318232614,0.03698139640072115,0.013314653377771601
1.0471975511966,3.14159265358979,1.08210413623648,5.41052068118242,0.0282679553898924,0.03698399512662965,0.0131492025407994
1.0471975511966,3.14159265358979,1.09955742875643,5.41052068118242,0.02847053447589855,0.036767257280034396,0.01297085822072485
1.0471975511966,3.14159265358979,1.11701072127637,5.41052068118242,0.0286216300177124,0.036713384818818945,0.01292082634050235
1.0471975511966,3.14159265358979,1.13446401379631,5.41052068118242,0.02846175456376225,0.03664679607929955,0.0127351341046786
1.0471975511966,3.14159265358979,1.15191730631626,5.41052068118242,0.0281382004881066,0.03680136763587965,0.01272948642342735
1.0471975511966,3.14159265358979,1.1693705988362,5.41052068118242,0.027936667479303,0.0368089750748332,0.012676454374824099
1.0471975511966,3.14159265358979,1.18682389135614,5.41052068118242,0.0278692347351314,0.036967423847128256,0.012719265084472148
1.0471975511966,3.14159265358979,1.20427718387609,5.41052068118242,0.027612412074504752,0.037089749205655095,0.01276710992829675
1.0471975511966,3.14159265358979,1.22173047639603,5.41052068118242,0.02748825179877885,0.03724271837231835,0.01288931682682115
1.0471975511966,3.14159265358979,1.23918376891597,5.41052068118242,0.02734168202299845,0.03691305348764945,0.0128297445550995
1.0471975511966,3.14159265358979,1.25663706143592,5.41052068118242,0.0274608829336161,0.03665701347001335,0.01296804260158825
1.0471975511966,3.14159265358979,1.27409035395586,5.41052068118242,0.0276164655446953,0.03657852894660525,0.0128931976180383
1.0471975511966,3.14159265358979,1.2915436464758,5.41052068118242,0.027380651698347948,0.03649190028468905,0.01301349699172465
1.0471975511966,3.14159265358979,1.30899693899575,5.41052068118242,0.0273743532330561,0.0361418952705969,0.01262102879373285
1.0471975511966,3.14159265358979,1.32645023151569,5.41052068118242,0.0258290378778088,0.03421146548756115,0.011947208762755901
1.0471975511966,3.14159265358979,1.34390352403563,5.41052068118242,0.02403991927580635,0.03178679809548355,0.011059455192393639
1.0471975511966,3.14159265358979,1.36135681655558,5.41052068118242,0.0220573072018085,0.0293226075360659,0.010324928826857864
1.0471975511966,3.14159265358979,1.37881010907552,5.41052068118242,0.0202339198359286,0.0268537943714044,0.00942590293245572
1.0471975511966,3.14159265358979,1.39626340159546,5.41052068118242,0.0184154867907999,0.02443165065228855,0.008557762902920114
1.0471975511966,3.14159265358979,1.41371669411541,5.41052068118242,0.0165500100352644,0.0219961834810516,0.007724692917691685
1.0471975511966,3.14159265358979,1.43116998663535,5.41052068118242,0.0147477228008008,0.019546973808563302,0.006834603534128455
1.0471975511966,3.14159265358979,1.44862327915529,5.41052068118242,0.0129634040612681,0.017102762524025553,0.005969124144973385
1.0471975511966,3.14159265358979,1.46607657167524,5.41052068118242,0.01106864611349055,0.0146682663279817,0.00512258062968576
1.0471975511966,3.14159265358979,1.48352986419518,5.41052068118242,0.009229086535989885,0.012218374477250899,0.0042622482419738305
1.0471975511966,3.14159265358979,1.50098315671512,5.41052068118242,0.00735612173402125,0.009773693548491044,0.003436781539904305
1.0471975511966,3.14159265358979,1.51843644923507,5.41052068118242,0.005516538167852135,0.007329715072164801,0.002573233750066755
1.0471975511966,3.14159265358979,1.53588974175501,5.41052068118242,0.003681543782483825,0.00488379961941251,0.001710277732740935
1.0471975511966,3.14159265358979,1.55334303427495,5.41052068118242,0.0018380342431482798,0.0024414275991419,0.00085654830971826
1.0471975511966,3.14159265358979,1.5707963267949,5.41052068118242,1.8259569812689741e-06,-1.277531070426053e-05,-1.3108868552186304e-05
1.0471975511966,3.14159265358979,0.0174532925199433,5.58505360638185,0.02447595085896885,0.0335878165601661,0.01406140047757655
1.0471975511966,3.14159265358979,0.0349065850398866,5.58505360638185,0.0245423950171995,0.03366999941464065,0.0140567694472663
1.0471975511966,3.14159265358979,0.0523598775598299,5.58505360638185,0.02460091968486905,0.033726151043765404,0.01413969235454825
1.0471975511966,3.14159265358979,0.0698131700797732,5.58505360638185,0.0247164659759568,0.03367654994141095,0.01422268704051815
1.0471975511966,3.14159265358979,0.0872664625997165,5.58505360638185,0.024840125430015403,0.033720778156565406,0.01442681436849225
1.0471975511966,3.14159265358979,0.10471975511966,5.58505360638185,0.02495576751022845,0.03385388732639995,0.014460137020438999
1.0471975511966,3.14159265358979,0.122173047639603,5.58505360638185,0.0251290530189336,0.03403920029492635,0.0144644369886398
1.0471975511966,3.14159265358979,0.139626340159546,5.58505360638185,0.025361540881877448,0.03413698221204155,0.0145772803217048
1.0471975511966,3.14159265358979,0.15707963267949,5.58505360638185,0.0256356654183127,0.0341844171823413,0.014644660751384
1.0471975511966,3.14159265358979,0.174532925199433,5.58505360638185,0.02597423437203655,0.0343171711042475,0.01467625117961225
1.0471975511966,3.14159265358979,0.191986217719376,5.58505360638185,0.02622899550088155,0.0346343786973533,0.0145968021849093
1.0471975511966,3.14159265358979,0.20943951023932,5.58505360638185,0.02619816314829385,0.035069361006784,0.01452187392023835
1.0471975511966,3.14159265358979,0.226892802759263,5.58505360638185,0.02624696592657835,0.0352779216164739,0.01451613738148545
1.0471975511966,3.14159265358979,0.244346095279206,5.58505360638185,0.026547121889890703,0.03532937141838375,0.0147455143191527
1.0471975511966,3.14159265358979,0.261799387799149,5.58505360638185,0.0265656372254747,0.03526547976631915,0.0147419554943172
1.0471975511966,3.14159265358979,0.279252680319093,5.58505360638185,0.0266458216010727,0.03527454034274625,0.01460084829245315
1.0471975511966,3.14159265358979,0.296705972839036,5.58505360638185,0.026744454018526098,0.03525841363779795,0.0144034067588423
1.0471975511966,3.14159265358979,0.314159265358979,5.58505360638185,0.026705384903042098,0.035116815838922746,0.0145185311276945
1.0471975511966,3.14159265358979,0.331612557878923,5.58505360638185,0.026564319481879352,0.03514991226157945,0.014541674828886401
1.0471975511966,3.14159265358979,0.349065850398866,5.58505360638185,0.0263939846702919,0.035328422394182046,0.014609382305271899
1.0471975511966,3.14159265358979,0.366519142918809,5.58505360638185,0.02629567140019385,0.03526043402648195,0.0147077264716184
1.0471975511966,3.14159265358979,0.383972435438752,5.58505360638185,0.0262680415722803,0.0350758177719967,0.0146282325121108
1.0471975511966,3.14159265358979,0.401425727958696,5.58505360638185,0.0264616128033168,0.03496756187632155,0.014467250881178648
1.0471975511966,3.14159265358979,0.418879020478639,5.58505360638185,0.0266915850923315,0.034983755584733295,0.0143632526031693
1.0471975511966,3.14159265358979,0.436332312998582,5.58505360638185,0.026812993638728452,0.0350432585543199,0.0143098607623933
1.0471975511966,3.14159265358979,0.453785605518526,5.58505360638185,0.026813232258323952,0.035069909477482106,0.014413253357918949
1.0471975511966,3.14159265358979,0.471238898038469,5.58505360638185,0.026840929789153603,0.03526044099081155,0.0145219686913863
1.0471975511966,3.14159265358979,0.488692190558412,5.58505360638185,0.02694812963174065,0.035342299902326346,0.014614113068896002
1.0471975511966,3.14159265358979,0.506145483078356,5.58505360638185,0.0270477259369141,0.03534329725392005,0.014590522141987
1.0471975511966,3.14159265358979,0.523598775598299,5.58505360638185,0.027216104008108803,0.035351386277735,0.01458948468608515
1.0471975511966,3.14159265358979,0.541052068118242,5.58505360638185,0.02750709632315455,0.03541283657058645,0.0146480776605429
1.0471975511966,3.14159265358979,0.558505360638185,5.58505360638185,0.0276822616188071,0.0356531264880164,0.0148431192650396
1.0471975511966,3.14159265358979,0.575958653158129,5.58505360638185,0.02768981520073235,0.0359738352134041,0.014936218658938499
1.0471975511966,3.14159265358979,0.593411945678072,5.58505360638185,0.0273584748061523,0.036202911560547654,0.01490926445405215
1.0471975511966,3.14159265358979,0.610865238198015,5.58505360638185,0.02730518728524755,0.036419440203822345,0.0148033699189238
1.0471975511966,3.14159265358979,0.628318530717959,5.58505360638185,0.02751193871298455,0.03645405781271725,0.0147822021119667
1.0471975511966,3.14159265358979,0.645771823237902,5.58505360638185,0.027902860690126402,0.03638275074844635,0.0149810704293063
1.0471975511966,3.14159265358979,0.663225115757845,5.58505360638185,0.0281603067534225,0.03642266138167245,0.0150029965069144
1.0471975511966,3.14159265358979,0.680678408277788,5.58505360638185,0.02841853446774495,0.03670831646157249,0.01505907898587305
1.0471975511966,3.14159265358979,0.698131700797732,5.58505360638185,0.02848189726555055,0.0366929513321207,0.0151639286538254
1.0471975511966,3.14159265358979,0.715584993317675,5.58505360638185,0.02857188539507815,0.0367782173496363,0.01514935641038095
1.0471975511966,3.14159265358979,0.733038285837618,5.58505360638185,0.0285875658027426,0.03697625232612705,0.015242036911233499
1.0471975511966,3.14159265358979,0.750491578357562,5.58505360638185,0.02885371458968465,0.03698505691249425,0.0150209375619914
1.0471975511966,3.14159265358979,0.767944870877505,5.58505360638185,0.02902330578738695,0.03715815733571085,0.01496197305032735
1.0471975511966,3.14159265358979,0.785398163397448,5.58505360638185,0.0291378615060847,0.037447952415999,0.014989955528718901
1.0471975511966,3.14159265358979,0.802851455917391,5.58505360638185,0.02940937063738515,0.0376667046816143,0.014999929378995101
1.0471975511966,3.14159265358979,0.820304748437335,5.58505360638185,0.02971167775478835,0.037859277715122694,0.01505227177605595
1.0471975511966,3.14159265358979,0.837758040957278,5.58505360638185,0.02995808312190215,0.0380534393300481,0.015070371945546602
1.0471975511966,3.14159265358979,0.855211333477221,5.58505360638185,0.03014263329480165,0.0382837924980487,0.01501644666277575
1.0471975511966,3.14159265358979,0.872664625997165,5.58505360638185,0.0303211544101444,0.03836158689277825,0.01508128817917075
1.0471975511966,3.14159265358979,0.890117918517108,5.58505360638185,0.030457324537170302,0.038562558409388104,0.015471163404792598
1.0471975511966,3.14159265358979,0.907571211037051,5.58505360638185,0.030729303149238447,0.0384210699801264,0.015426573306118001
1.0471975511966,3.14159265358979,0.925024503556995,5.58505360638185,0.03091382850116115,0.038102321899721,0.01493235975500615
1.0471975511966,3.14159265358979,0.942477796076938,5.58505360638185,0.030774620724821303,0.037984929656614555,0.01474371457016695
1.0471975511966,3.14159265358979,0.959931088596881,5.58505360638185,0.030766458548471348,0.03795170354966005,0.014682984149362002
1.0471975511966,3.14159265358979,0.977384381116825,5.58505360638185,0.03082333403062795,0.03788561136479505,0.0147440293903677
1.0471975511966,3.14159265358979,0.994837673636768,5.58505360638185,0.030467692982738298,0.038328954889890396,0.014717138805353249
1.0471975511966,3.14159265358979,1.01229096615671,5.58505360638185,0.030117258847398548,0.038316391911022346,0.0146558541312926
1.0471975511966,3.14159265358979,1.02974425867665,5.58505360638185,0.0300981606035081,0.0380542090261132,0.0144850955251038
1.0471975511966,3.14159265358979,1.0471975511966,5.58505360638185,0.030151790128143348,0.03789386480821465,0.01484627111338105
1.0471975511966,3.14159265358979,1.06465084371654,5.58505360638185,0.0298681995357322,0.03786103088379915,0.014849097077022349
1.0471975511966,3.14159265358979,1.08210413623648,5.58505360638185,0.02987791549740075,0.0377633955656122,0.01476045553011965
1.0471975511966,3.14159265358979,1.09955742875643,5.58505360638185,0.0298639454612789,0.0376453961436326,0.01453927596284315
1.0471975511966,3.14159265358979,1.11701072127637,5.58505360638185,0.0297041286657247,0.03771681393978505,0.0144132527256066
1.0471975511966,3.14159265358979,1.13446401379631,5.58505360638185,0.0298675530667101,0.03737282433358885,0.01415171639185345
1.0471975511966,3.14159265358979,1.15191730631626,5.58505360638185,0.02998465711658925,0.03727680789505345,0.01416953806055295
1.0471975511966,3.14159265358979,1.1693705988362,5.58505360638185,0.02991380805053525,0.037074146491511153,0.01401508409077485
1.0471975511966,3.14159265358979,1.18682389135614,5.58505360638185,0.03028215247389715,0.0370435064001021,0.013988152884108249
1.0471975511966,3.14159265358979,1.20427718387609,5.58505360638185,0.0302056831069314,0.03703894511294785,0.013855098181791498
1.0471975511966,3.14159265358979,1.22173047639603,5.58505360638185,0.030443997326394703,0.037073401866722755,0.013777302672705452
1.0471975511966,3.14159265358979,1.23918376891597,5.58505360638185,0.030549089484772,0.03719541453306645,0.01350100821185405
1.0471975511966,3.14159265358979,1.25663706143592,5.58505360638185,0.0304925095546401,0.0372081800088357,0.0133294120439552
1.0471975511966,3.14159265358979,1.27409035395586,5.58505360638185,0.0301030012443545,0.0370554565124326,0.01301502873654615
1.0471975511966,3.14159265358979,1.2915436464758,5.58505360638185,0.02976657216127705,0.0367888495493041,0.0130042036061689
1.0471975511966,3.14159265358979,1.30899693899575,5.58505360638185,0.028791018470537548,0.036148787273677846,0.012305827599741071
1.0471975511966,3.14159265358979,1.32645023151569,5.58505360638185,0.0272567189527277,0.0341735265926016,0.011639756796438309
1.0471975511966,3.14159265358979,1.34390352403563,5.58505360638185,0.0252496312388906,0.03172226271369515,0.010724323211202615
1.0471975511966,3.14159265358979,1.36135681655558,5.58505360638185,0.023396482718099,0.029309765286290597,0.010079783426938846
1.0471975511966,3.14159265358979,1.37881010907552,5.58505360638185,0.02149016777579955,0.0268655778200372,0.009247500237656865
1.0471975511966,3.14159265358979,1.39626340159546,5.58505360638185,0.0194855070308185,0.0244110861039456,0.008353246301471086
1.0471975511966,3.14159265358979,1.41371669411541,5.58505360638185,0.01753511458403645,0.0219704690453303,0.007537670226761995
1.0471975511966,3.14159265358979,1.43116998663535,5.58505360638185,0.015579862788760251,0.01952734158548625,0.006663760209964325
1.0471975511966,3.14159265358979,1.44862327915529,5.58505360638185,0.0136185455201521,0.0171072003552174,0.00581960834944935
1.0471975511966,3.14159265358979,1.46607657167524,5.58505360638185,0.0116666798200013,0.014641841062407651,0.00497875203939462
1.0471975511966,3.14159265358979,1.48352986419518,5.58505360638185,0.00972753012363347,0.012201938545452151,0.0041477156676716295
1.0471975511966,3.14159265358979,1.50098315671512,5.58505360638185,0.007793372005891105,0.00976693634367029,0.00335607268252999
1.0471975511966,3.14159265358979,1.51843644923507,5.58505360638185,0.005844914670878495,0.00732217388718187,0.002511895195511865
1.0471975511966,3.14159265358979,1.53588974175501,5.58505360638185,0.003894419753666565,0.00487940814647875,0.00166895267020535
1.0471975511966,3.14159265358979,1.55334303427495,5.58505360638185,0.001946051836364305,0.00243858685482058,0.0008355685395495959
1.0471975511966,3.14159265358979,1.5707963267949,5.58505360638185,-1.177480954348e-05,-1.2242043508720026e-05,-1.4820834060354244e-05
1.0471975511966,3.14159265358979,0.0174532925199433,5.75958653158129,0.0244649750514946,0.0336158219314836,0.014070655711827751
1.0471975511966,3.14159265358979,0.0349065850398866,5.75958653158129,0.02450473305637455,0.03361751404433795,0.0140175525458852
1.0471975511966,3.14159265358979,0.0523598775598299,5.75958653158129,0.0245329754606163,0.033619909607724596,0.014042148278448349
1.0471975511966,3.14159265358979,0.0698131700797732,5.75958653158129,0.0246491510183067,0.0335945171903694,0.0141537379940665
1.0471975511966,3.14159265358979,0.0872664625997165,5.75958653158129,0.02477807017468625,0.0336271818851929,0.01436845927470975
1.0471975511966,3.14159265358979,0.10471975511966,5.75958653158129,0.02496272645862955,0.03382610851027465,0.01447760544183125
1.0471975511966,3.14159265358979,0.122173047639603,5.75958653158129,0.02517274453557765,0.03399805571214645,0.01445525436171825
1.0471975511966,3.14159265358979,0.139626340159546,5.75958653158129,0.02537458756258425,0.03410180893455115,0.01451902238827495
1.0471975511966,3.14159265358979,0.15707963267949,5.75958653158129,0.025737895516916402,0.0341694988821275,0.01452205949148145
1.0471975511966,3.14159265358979,0.174532925199433,5.75958653158129,0.0261706327090487,0.034534785180317606,0.01456537476627735
1.0471975511966,3.14159265358979,0.191986217719376,5.75958653158129,0.0265476546198608,0.035100494900646304,0.0146312869532375
1.0471975511966,3.14159265358979,0.20943951023932,5.75958653158129,0.026806575095199202,0.0357933946404394,0.01468773885900215
1.0471975511966,3.14159265358979,0.226892802759263,5.75958653158129,0.02686413494924845,0.03608303324713165,0.014728173698310702
1.0471975511966,3.14159265358979,0.244346095279206,5.75958653158129,0.026903369366709798,0.035983753825829204,0.01470022847516755
1.0471975511966,3.14159265358979,0.261799387799149,5.75958653158129,0.02664758939467485,0.03595984040508745,0.01457295612896145
1.0471975511966,3.14159265358979,0.279252680319093,5.75958653158129,0.0268152830359587,0.0359862673486951,0.014602629803186901
1.0471975511966,3.14159265358979,0.296705972839036,5.75958653158129,0.027028888199914648,0.0358142869217786,0.0147300207124992
1.0471975511966,3.14159265358979,0.314159265358979,5.75958653158129,0.02695802643151575,0.03559470474196015,0.014828085115807549
1.0471975511966,3.14159265358979,0.331612557878923,5.75958653158129,0.0267423849002,0.03532115964221065,0.0147854756184145
1.0471975511966,3.14159265358979,0.349065850398866,5.75958653158129,0.026683137913832602,0.0351012146937959,0.0147949014018635
1.0471975511966,3.14159265358979,0.366519142918809,5.75958653158129,0.0265968356686648,0.0349599301839049,0.014751762284914049
1.0471975511966,3.14159265358979,0.383972435438752,5.75958653158129,0.0267768111340157,0.0349423996439054,0.0145878942610494
1.0471975511966,3.14159265358979,0.401425727958696,5.75958653158129,0.027075934450954152,0.0350223373916618,0.01457561608722425
1.0471975511966,3.14159265358979,0.418879020478639,5.75958653158129,0.02720964659330915,0.035078768850546005,0.014588184494954
1.0471975511966,3.14159265358979,0.436332312998582,5.75958653158129,0.02725319088090935,0.03537013542155745,0.0145887207182566
1.0471975511966,3.14159265358979,0.453785605518526,5.75958653158129,0.027338512037067497,0.035675853142386846,0.01466066545453285
1.0471975511966,3.14159265358979,0.471238898038469,5.75958653158129,0.0274548252440423,0.0357862406152772,0.0147041777748696
1.0471975511966,3.14159265358979,0.488692190558412,5.75958653158129,0.027619961695289602,0.0359744941808313,0.014712366621793649
1.0471975511966,3.14159265358979,0.506145483078356,5.75958653158129,0.0280697198123211,0.0361220264392186,0.014604352911140251
1.0471975511966,3.14159265358979,0.523598775598299,5.75958653158129,0.0284775843131393,0.0363653960256002,0.01442972477556025
1.0471975511966,3.14159265358979,0.541052068118242,5.75958653158129,0.0286570550614951,0.036538088934611246,0.01480723799723965
1.0471975511966,3.14159265358979,0.558505360638185,5.75958653158129,0.0289054648450574,0.036660847392822854,0.0149490623357342
1.0471975511966,3.14159265358979,0.575958653158129,5.75958653158129,0.0288258095681175,0.036934194866964046,0.0149585923205973
1.0471975511966,3.14159265358979,0.593411945678072,5.75958653158129,0.0288216091833381,0.03719126271429485,0.01502855737680085
1.0471975511966,3.14159265358979,0.610865238198015,5.75958653158129,0.0290894276646488,0.03728514917926985,0.0152532998706995
1.0471975511966,3.14159265358979,0.628318530717959,5.75958653158129,0.0293907313196931,0.0374708971777471,0.0152519297455617
1.0471975511966,3.14159265358979,0.645771823237902,5.75958653158129,0.02975155985689365,0.03777076019598055,0.01535294156285745
1.0471975511966,3.14159265358979,0.663225115757845,5.75958653158129,0.029930049376088702,0.038123291550918745,0.015313465272263849
1.0471975511966,3.14159265358979,0.680678408277788,5.75958653158129,0.0300232598361483,0.03854877822554115,0.0154071666438625
1.0471975511966,3.14159265358979,0.698131700797732,5.75958653158129,0.030312203029248,0.039022494763761795,0.01565111146887405
1.0471975511966,3.14159265358979,0.715584993317675,5.75958653158129,0.03063265622320715,0.0391219610844911,0.01572331518272605
1.0471975511966,3.14159265358979,0.733038285837618,5.75958653158129,0.03105460767762505,0.0389627457558471,0.015800691515948602
1.0471975511966,3.14159265358979,0.750491578357562,5.75958653158129,0.03125705758526235,0.03882305594091405,0.0159113958096712
1.0471975511966,3.14159265358979,0.767944870877505,5.75958653158129,0.031141572603336602,0.03890761809267025,0.015803473186002302
1.0471975511966,3.14159265358979,0.785398163397448,5.75958653158129,0.0310498853577681,0.0392897686805253,0.0157217754286195
1.0471975511966,3.14159265358979,0.802851455917391,5.75958653158129,0.0312031226900146,0.0392487927135904,0.015669202615618598
1.0471975511966,3.14159265358979,0.820304748437335,5.75958653158129,0.0316877806598981,0.0392376978341237,0.0156441143497387
1.0471975511966,3.14159265358979,0.837758040957278,5.75958653158129,0.032039308078249853,0.03933659719551285,0.01556809188587835
1.0471975511966,3.14159265358979,0.855211333477221,5.75958653158129,0.032169363260246,0.039608689725282906,0.0155026317788782
1.0471975511966,3.14159265358979,0.872664625997165,5.75958653158129,0.03218456802129155,0.0397304824305883,0.0155835281143058
1.0471975511966,3.14159265358979,0.890117918517108,5.75958653158129,0.032145899917078155,0.039705825790591204,0.0158804656611976
1.0471975511966,3.14159265358979,0.907571211037051,5.75958653158129,0.032300569184201,0.0395535743767282,0.016331056714846748
1.0471975511966,3.14159265358979,0.925024503556995,5.75958653158129,0.032785127863539945,0.0394779443285981,0.015990377650862
1.0471975511966,3.14159265358979,0.942477796076938,5.75958653158129,0.0328495904292843,0.039679981968715056,0.01577942850479325
1.0471975511966,3.14159265358979,0.959931088596881,5.75958653158129,0.032670290425036,0.0395143684051546,0.015481630419679
1.0471975511966,3.14159265358979,0.977384381116825,5.75958653158129,0.03233676387414215,0.039225215017679047,0.015013271815238202
1.0471975511966,3.14159265358979,0.994837673636768,5.75958653158129,0.0321101737587316,0.039123319334842546,0.0150016471487155
1.0471975511966,3.14159265358979,1.01229096615671,5.75958653158129,0.0318848994896817,0.0390003429653215,0.014959631120317049
1.0471975511966,3.14159265358979,1.02974425867665,5.75958653158129,0.032059605086716195,0.03897673656119485,0.01490288450495975
1.0471975511966,3.14159265358979,1.0471975511966,5.75958653158129,0.03229840127719045,0.03893705682983195,0.01508509309960865
1.0471975511966,3.14159265358979,1.06465084371654,5.75958653158129,0.03274598530928105,0.03891269892571545,0.0149514844200336
1.0471975511966,3.14159265358979,1.08210413623648,5.75958653158129,0.0332979161429739,0.03877375862613295,0.0152479141227547
1.0471975511966,3.14159265358979,1.09955742875643,5.75958653158129,0.0337745169204694,0.03890639221801895,0.015070406536430849
1.0471975511966,3.14159265358979,1.11701072127637,5.75958653158129,0.03387826530716595,0.0389563120135166,0.01509072417972895
1.0471975511966,3.14159265358979,1.13446401379631,5.75958653158129,0.0340714022266779,0.0387935051858675,0.01480739868174685
1.0471975511966,3.14159265358979,1.15191730631626,5.75958653158129,0.03433759750719545,0.03868430214242645,0.0144361648304553
1.0471975511966,3.14159265358979,1.1693705988362,5.75958653158129,0.034283531423994304,0.0386476052473402,0.0139591313319014
1.0471975511966,3.14159265358979,1.18682389135614,5.75958653158129,0.034178820116999846,0.038646798265954,0.01368710389128115
1.0471975511966,3.14159265358979,1.20427718387609,5.75958653158129,0.0345019058863756,0.0384636555609966,0.01356743172399415
1.0471975511966,3.14159265358979,1.22173047639603,5.75958653158129,0.0344304457927316,0.038536404998744556,0.013395800687684799
1.0471975511966,3.14159265358979,1.23918376891597,5.75958653158129,0.0342991993848283,0.038512172610533746,0.0132528591672142
1.0471975511966,3.14159265358979,1.25663706143592,5.75958653158129,0.03414836286629865,0.038526755281196,0.013191980393270835
1.0471975511966,3.14159265358979,1.27409035395586,5.75958653158129,0.03363578571127945,0.0382038788125035,0.01312199788130731
1.0471975511966,3.14159265358979,1.2915436464758,5.75958653158129,0.03342804882120935,0.0382399114752381,0.013383362190493815
1.0471975511966,3.14159265358979,1.30899693899575,5.75958653158129,0.03314635060594585,0.03745080878356045,0.01285180617868085
1.0471975511966,3.14159265358979,1.32645023151569,5.75958653158129,0.03115846458026655,0.03518969191444325,0.011606617739953815
1.0471975511966,3.14159265358979,1.34390352403563,5.75958653158129,0.02890145394459375,0.03270838399487665,0.01095464167921075
1.0471975511966,3.14159265358979,1.36135681655558,5.75958653158129,0.0267044643887887,0.0302307367890715,0.01004236682010005
1.0471975511966,3.14159265358979,1.37881010907552,5.75958653158129,0.0244536395061042,0.02770623288665175,0.00951195525210327
1.0471975511966,3.14159265358979,1.39626340159546,5.75958653158129,0.022255891176728902,0.0251587521104259,0.0083255027922453
1.0471975511966,3.14159265358979,1.41371669411541,5.75958653158129,0.0200344709868842,0.0226606193976575,0.00755699953587912
1.0471975511966,3.14159265358979,1.43116998663535,5.75958653158129,0.0178050105063908,0.0201099223194308,0.006633981817377645
1.0471975511966,3.14159265358979,1.44862327915529,5.75958653158129,0.015570686785682651,0.01761925298991535,0.005869766309275125
1.0471975511966,3.14159265358979,1.46607657167524,5.75958653158129,0.0133501322260998,0.0151334174652235,0.005042398686857441
1.0471975511966,3.14159265358979,1.48352986419518,5.75958653158129,0.011110072387352425,0.01259056112284985,0.004240514211964315
1.0471975511966,3.14159265358979,1.50098315671512,5.75958653158129,0.008901418121688029,0.010070509197937349,0.003339987455797405
1.0471975511966,3.14159265358979,1.51843644923507,5.75958653158129,0.00667820756799363,0.007553587075254395,0.00253441233127948
1.0471975511966,3.14159265358979,1.53588974175501,5.75958653158129,0.00445094617553678,0.0050283703198091,0.001661057192032395
1.0471975511966,3.14159265358979,1.55334303427495,5.75958653158129,0.002222856848629745,0.0025163548892638,0.000838346582535454
1.0471975511966,3.14159265358979,1.5707963267949,5.75958653158129,0.00124597200250854,0.0014054317046271348,0.0004709884984211665
1.0471975511966,3.14159265358979,0.0174532925199433,5.93411945678072,0.024444393538019853,0.03363063692109165,0.014081279997139
1.0471975511966,3.14159265358979,0.0349065850398866,5.93411945678072,0.024442454217842302,0.0335790896899299,0.0139660736257626
1.0471975511966,3.14159265358979,0.0523598775598299,5.93411945678072,0.02444353172364815,0.03353201041297385,0.01394297127155915
1.0471975511966,3.14159265358979,0.0698131700797732,5.93411945678072,0.02450775590815985,0.0334824291166521,0.0140707363625242
1.0471975511966,3.14159265358979,0.0872664625997165,5.93411945678072,0.024619685770499,0.033435498752337894,0.01426783536599405
1.0471975511966,3.14159265358979,0.10471975511966,5.93411945678072,0.0248118480439342,0.03349839119511015,0.01432961522770165
1.0471975511966,3.14159265358979,0.122173047639603,5.93411945678072,0.025021057234505997,0.03365080802502015,0.014349413146059201
1.0471975511966,3.14159265358979,0.139626340159546,5.93411945678072,0.025308577788317903,0.03378347111213635,0.0144439921814562
1.0471975511966,3.14159265358979,0.15707963267949,5.93411945678072,0.02578007784166335,0.0340409878997934,0.0145180041298701
1.0471975511966,3.14159265358979,0.174532925199433,5.93411945678072,0.02626672524319555,0.03452561873154255,0.0144547687921518
1.0471975511966,3.14159265358979,0.191986217719376,5.93411945678072,0.0265626413572955,0.035172214854823455,0.014448257983046001
1.0471975511966,3.14159265358979,0.20943951023932,5.93411945678072,0.02676661156773355,0.03582493217474815,0.0145563358481469
1.0471975511966,3.14159265358979,0.226892802759263,5.93411945678072,0.02687596105813605,0.03616197006262945,0.01483283535393245
1.0471975511966,3.14159265358979,0.244346095279206,5.93411945678072,0.026799765490340098,0.0361162203412891,0.01488574124200435
1.0471975511966,3.14159265358979,0.261799387799149,5.93411945678072,0.0270397249111244,0.0361916036542381,0.01480665876807675
1.0471975511966,3.14159265358979,0.279252680319093,5.93411945678072,0.027051186725342048,0.03600688101482495,0.0148114639313623
1.0471975511966,3.14159265358979,0.296705972839036,5.93411945678072,0.026829265180226852,0.035940152502901654,0.0148254067870341
1.0471975511966,3.14159265358979,0.314159265358979,5.93411945678072,0.026582089980597502,0.03558056326398825,0.01486474688392635
1.0471975511966,3.14159265358979,0.331612557878923,5.93411945678072,0.026415515971896,0.035244795341923096,0.0148433877520869
1.0471975511966,3.14159265358979,0.349065850398866,5.93411945678072,0.0263589374734555,0.03490500905731665,0.014683547599532651
1.0471975511966,3.14159265358979,0.366519142918809,5.93411945678072,0.02636116752039345,0.03466725586067715,0.014553700742232951
1.0471975511966,3.14159265358979,0.383972435438752,5.93411945678072,0.026629749123547,0.0346650504697852,0.01440600554546595
1.0471975511966,3.14159265358979,0.401425727958696,5.93411945678072,0.0270233657819724,0.03485079147352885,0.01444607155178265
1.0471975511966,3.14159265358979,0.418879020478639,5.93411945678072,0.02731068152116575,0.0350748555578097,0.0146326681265689
1.0471975511966,3.14159265358979,0.436332312998582,5.93411945678072,0.0276167410848264,0.03537749266594435,0.01480376711933585
1.0471975511966,3.14159265358979,0.453785605518526,5.93411945678072,0.02803644535796325,0.0357092727998723,0.01485236733894115
1.0471975511966,3.14159265358979,0.471238898038469,5.93411945678072,0.028499173474268252,0.0360031375028382,0.014929389219840699
1.0471975511966,3.14159265358979,0.488692190558412,5.93411945678072,0.028955112567695653,0.03636409607696585,0.01520220807931845
1.0471975511966,3.14159265358979,0.506145483078356,5.93411945678072,0.029380884641618497,0.0368670999971169,0.015413058984679949
1.0471975511966,3.14159265358979,0.523598775598299,5.93411945678072,0.029646027524484052,0.03724779901026045,0.01549268921167225
1.0471975511966,3.14159265358979,0.541052068118242,5.93411945678072,0.02976585544690595,0.03741691904018865,0.01555637784154845
1.0471975511966,3.14159265358979,0.558505360638185,5.93411945678072,0.029838810742706702,0.03755946775534245,0.0155247573267344
1.0471975511966,3.14159265358979,0.575958653158129,5.93411945678072,0.030192111094699298,0.0379593798435397,0.0156599757788301
1.0471975511966,3.14159265358979,0.593411945678072,5.93411945678072,0.030669788514606652,0.03820214249776465,0.0158548017706386
1.0471975511966,3.14159265358979,0.610865238198015,5.93411945678072,0.031258241664856495,0.0387025655073029,0.01590562533456035
1.0471975511966,3.14159265358979,0.628318530717959,5.93411945678072,0.031988210386817,0.0391366033391546,0.01588445361737785
1.0471975511966,3.14159265358979,0.645771823237902,5.93411945678072,0.0325824809227945,0.039634863912172,0.01590029577614225
1.0471975511966,3.14159265358979,0.663225115757845,5.93411945678072,0.03300814992550195,0.0401801936145489,0.015966801690026948
1.0471975511966,3.14159265358979,0.680678408277788,5.93411945678072,0.033313830038192,0.0405658048259017,0.01645202306086645
1.0471975511966,3.14159265358979,0.698131700797732,5.93411945678072,0.03359729374153245,0.040837836403684505,0.016761596847669702
1.0471975511966,3.14159265358979,0.715584993317675,5.93411945678072,0.033799493577197096,0.0410593841050974,0.0169283261044579
1.0471975511966,3.14159265358979,0.733038285837618,5.93411945678072,0.03391128606464705,0.0414317082078847,0.01723471152510135
1.0471975511966,3.14159265358979,0.750491578357562,5.93411945678072,0.0341292936911194,0.04168651327711235,0.0174640324568591
1.0471975511966,3.14159265358979,0.767944870877505,5.93411945678072,0.034525793582121656,0.04174776700444005,0.0175399032784603
1.0471975511966,3.14159265358979,0.785398163397448,5.93411945678072,0.03479620569290165,0.041928635747434204,0.0173471358486392
1.0471975511966,3.14159265358979,0.802851455917391,5.93411945678072,0.03504116192336465,0.042227841598012045,0.01719879733822375
1.0471975511966,3.14159265358979,0.820304748437335,5.93411945678072,0.03552330954431715,0.04226467990922475,0.01704295683993215
1.0471975511966,3.14159265358979,0.837758040957278,5.93411945678072,0.03643003302345355,0.042430690265818555,0.0168906043431422
1.0471975511966,3.14159265358979,0.855211333477221,5.93411945678072,0.0373872431006298,0.04266297529590865,0.0167742799611648
1.0471975511966,3.14159265358979,0.872664625997165,5.93411945678072,0.03805635850723385,0.04283745100233215,0.0166156094722233
1.0471975511966,3.14159265358979,0.890117918517108,5.93411945678072,0.0386341762732057,0.0431250986531639,0.0167864818296691
1.0471975511966,3.14159265358979,0.907571211037051,5.93411945678072,0.038684203315457646,0.04364271129840945,0.0169654033933058
1.0471975511966,3.14159265358979,0.925024503556995,5.93411945678072,0.03874523798785965,0.044005588748247046,0.0170936369070075
1.0471975511966,3.14159265358979,0.942477796076938,5.93411945678072,0.03874234469383215,0.04389287480006025,0.01722797950405735
1.0471975511966,3.14159265358979,0.959931088596881,5.93411945678072,0.03811087796331385,0.043442074038844244,0.017334210100396652
1.0471975511966,3.14159265358979,0.977384381116825,5.93411945678072,0.03734188061417395,0.0432112129232934,0.01702982347836915
1.0471975511966,3.14159265358979,0.994837673636768,5.93411945678072,0.036939243912486,0.042886968542138804,0.016772563863497597
1.0471975511966,3.14159265358979,1.01229096615671,5.93411945678072,0.036850090861505244,0.04224300905232175,0.01650329723887725
1.0471975511966,3.14159265358979,1.02974425867665,5.93411945678072,0.037041587695043995,0.042080835248004295,0.01658660817482275
1.0471975511966,3.14159265358979,1.0471975511966,5.93411945678072,0.03718130547549165,0.042286303419057855,0.016851712447593748
1.0471975511966,3.14159265358979,1.06465084371654,5.93411945678072,0.03747107279318005,0.04223256162524655,0.016560831429905602
1.0471975511966,3.14159265358979,1.08210413623648,5.93411945678072,0.0379790322836724,0.0420554996997163,0.0160353158636142
1.0471975511966,3.14159265358979,1.09955742875643,5.93411945678072,0.038429203584687904,0.0418097166135641,0.015650928727910948
1.0471975511966,3.14159265358979,1.11701072127637,5.93411945678072,0.03861723555128425,0.04165681294039515,0.0157978518026579
1.0471975511966,3.14159265358979,1.13446401379631,5.93411945678072,0.038684152238488395,0.041808713835966446,0.01568187326876025
1.0471975511966,3.14159265358979,1.15191730631626,5.93411945678072,0.0390977622015765,0.0419887095173353,0.015608549387038251
1.0471975511966,3.14159265358979,1.1693705988362,5.93411945678072,0.03860196722119575,0.0415709394368778,0.0152614781424107
1.0471975511966,3.14159265358979,1.18682389135614,5.93411945678072,0.03832918851909555,0.041679488347461796,0.015229435517349399
1.0471975511966,3.14159265358979,1.20427718387609,5.93411945678072,0.0379403699184004,0.0417018518970466,0.01501374190061585
1.0471975511966,3.14159265358979,1.22173047639603,5.93411945678072,0.03746532933030205,0.0411439767160683,0.01486090482357355
1.0471975511966,3.14159265358979,1.23918376891597,5.93411945678072,0.0371358159869926,0.04114302292285445,0.0148641850609599
1.0471975511966,3.14159265358979,1.25663706143592,5.93411945678072,0.03658225691728295,0.041039851474569344,0.014492696450823201
1.0471975511966,3.14159265358979,1.27409035395586,5.93411945678072,0.036142561188091754,0.0409280327088384,0.01443564904839205
1.0471975511966,3.14159265358979,1.2915436464758,5.93411945678072,0.0361088284351837,0.04123404071620625,0.014416230019292549
1.0471975511966,3.14159265358979,1.30899693899575,5.93411945678072,0.03567886695660425,0.04072729817925625,0.01399837112962685
1.0471975511966,3.14159265358979,1.32645023151569,5.93411945678072,0.0334861345452977,0.0385202802530967,0.013228501153640548
1.0471975511966,3.14159265358979,1.34390352403563,5.93411945678072,0.030882083210417348,0.03571884920744815,0.01216461337114505
1.0471975511966,3.14159265358979,1.36135681655558,5.93411945678072,0.0285395255855298,0.03299276767242405,0.011163193356667135
1.0471975511966,3.14159265358979,1.37881010907552,5.93411945678072,0.0262920608968977,0.03026053918684805,0.010388969635910825
1.0471975511966,3.14159265358979,1.39626340159546,5.93411945678072,0.023770201128732252,0.027478629292494748,0.00936634351497607
1.0471975511966,3.14159265358979,1.41371669411541,5.93411945678072,0.02154986160131305,0.02476907551627365,0.008499990978364281
1.0471975511966,3.14159265358979,1.43116998663535,5.93411945678072,0.0191120626326218,0.02200541765978605,0.0075500182794904155
1.0471975511966,3.14159265358979,1.44862327915529,5.93411945678072,0.016612586412785298,0.01922864786500475,0.006540707690524665
1.0471975511966,3.14159265358979,1.46607657167524,5.93411945678072,0.014329007924953101,0.01650101190525885,0.005659926748277565
1.0471975511966,3.14159265358979,1.48352986419518,5.93411945678072,0.011939017652315299,0.0137515253291605,0.004715282978915904
1.0471975511966,3.14159265358979,1.50098315671512,5.93411945678072,0.0094882837614139,0.0109854052012044,0.0037350860521686902
1.0471975511966,3.14159265358979,1.51843644923507,5.93411945678072,0.007139439803867114,0.008243937565123066,0.002815229402054695
1.0471975511966,3.14159265358979,1.53588974175501,5.93411945678072,0.0047731858714997345,0.005499161143746275,0.00188486647937806
1.0471975511966,3.14159265358979,1.55334303427495,5.93411945678072,0.0023773299240807547,0.0027451632662660198,0.0009374193785254776
1.0471975511966,3.14159265358979,1.5707963267949,5.93411945678072,0.001513443355444025,0.001741357726858145,0.0005981308790052266
1.0471975511966,3.14159265358979,0.0174532925199433,6.10865238198015,0.0244161470406047,0.03363496863556735,0.0140941101173427
1.0471975511966,3.14159265358979,0.0349065850398866,6.10865238198015,0.02438661883794175,0.0335362088609237,0.01389162331128535
1.0471975511966,3.14159265358979,0.0523598775598299,6.10865238198015,0.024388500161994647,0.033471478516568454,0.01386565039131895
1.0471975511966,3.14159265358979,0.0698131700797732,6.10865238198015,0.024351179572866748,0.0333636164042084,0.013980835003995249
1.0471975511966,3.14159265358979,0.0872664625997165,6.10865238198015,0.02438908898943125,0.0331927759726483,0.0141601169529016
1.0471975511966,3.14159265358979,0.10471975511966,6.10865238198015,0.02459950476750465,0.03325391019142965,0.0142313855507511
1.0471975511966,3.14159265358979,0.122173047639603,6.10865238198015,0.0248529402488925,0.0334393475965881,0.01419458979209875
1.0471975511966,3.14159265358979,0.139626340159546,6.10865238198015,0.0252007515009013,0.03355162992665605,0.01415811629346545
1.0471975511966,3.14159265358979,0.15707963267949,6.10865238198015,0.0257721792672554,0.033920756657873447,0.01414083406882775
1.0471975511966,3.14159265358979,0.174532925199433,6.10865238198015,0.026298628058804202,0.03462319126444645,0.01436558841812145
1.0471975511966,3.14159265358979,0.191986217719376,6.10865238198015,0.0266857618797212,0.0355085008822913,0.0143805513484393
1.0471975511966,3.14159265358979,0.20943951023932,6.10865238198015,0.02687863409447385,0.036056125579534845,0.0144087667949848
1.0471975511966,3.14159265358979,0.226892802759263,6.10865238198015,0.0270111332381737,0.036378099207719256,0.0145604285417832
1.0471975511966,3.14159265358979,0.244346095279206,6.10865238198015,0.027159352582775402,0.036406805110317644,0.0148003308617329
1.0471975511966,3.14159265358979,0.261799387799149,6.10865238198015,0.027200817189623,0.0361913791453747,0.014887151254285049
1.0471975511966,3.14159265358979,0.279252680319093,6.10865238198015,0.02708684302072315,0.036000449623567896,0.0148217823241108
1.0471975511966,3.14159265358979,0.296705972839036,6.10865238198015,0.02687700103499375,0.035682794049071445,0.01486391417211115
1.0471975511966,3.14159265358979,0.314159265358979,6.10865238198015,0.02653658173765305,0.03522869451744925,0.01499529451615605
1.0471975511966,3.14159265358979,0.331612557878923,6.10865238198015,0.02636460948865465,0.034857420756539,0.0150280440348794
1.0471975511966,3.14159265358979,0.349065850398866,6.10865238198015,0.026377014927346502,0.03456087772500685,0.014778729796929
1.0471975511966,3.14159265358979,0.366519142918809,6.10865238198015,0.02645361271337205,0.03449078608571185,0.014566926106888499
1.0471975511966,3.14159265358979,0.383972435438752,6.10865238198015,0.0267083128358904,0.03460832370456265,0.014584939403973301
1.0471975511966,3.14159265358979,0.401425727958696,6.10865238198015,0.0270366150794372,0.03482794255264935,0.014680405584337999
1.0471975511966,3.14159265358979,0.418879020478639,6.10865238198015,0.0273567620925194,0.03510401817716045,0.014799919826816398
1.0471975511966,3.14159265358979,0.436332312998582,6.10865238198015,0.0277833125264283,0.035442978532729,0.01489787795894005
1.0471975511966,3.14159265358979,0.453785605518526,6.10865238198015,0.028222706418030402,0.03578090388349265,0.014919328035206701
1.0471975511966,3.14159265358979,0.471238898038469,6.10865238198015,0.0286520234155495,0.03601517637250775,0.01493584384336645
1.0471975511966,3.14159265358979,0.488692190558412,6.10865238198015,0.02914885862925025,0.03627509222605395,0.01508029696055255
1.0471975511966,3.14159265358979,0.506145483078356,6.10865238198015,0.02959967196943805,0.03660472752765525,0.015277456497011049
1.0471975511966,3.14159265358979,0.523598775598299,6.10865238198015,0.030027094595673202,0.0369872882097917,0.015437528542695651
1.0471975511966,3.14159265358979,0.541052068118242,6.10865238198015,0.03042287773775445,0.03738940100832995,0.01552442053670305
1.0471975511966,3.14159265358979,0.558505360638185,6.10865238198015,0.0309435659055241,0.037888908015047906,0.0156747383619753
1.0471975511966,3.14159265358979,0.575958653158129,6.10865238198015,0.031865661883247354,0.038502718778293504,0.016126549848275648
1.0471975511966,3.14159265358979,0.593411945678072,6.10865238198015,0.032877040401547056,0.0392883944515858,0.01664695561837575
1.0471975511966,3.14159265358979,0.610865238198015,6.10865238198015,0.0338642807963153,0.04026818320596015,0.0169248123117214
1.0471975511966,3.14159265358979,0.628318530717959,6.10865238198015,0.0351229370632337,0.041282634874277,0.01720333741942305
1.0471975511966,3.14159265358979,0.645771823237902,6.10865238198015,0.03649621301311125,0.04237321820041145,0.017493060054778048
1.0471975511966,3.14159265358979,0.663225115757845,6.10865238198015,0.03758880753904865,0.0433894028005099,0.01790364392499725
1.0471975511966,3.14159265358979,0.680678408277788,6.10865238198015,0.0384674302547601,0.04430459843860775,0.018599677703718502
1.0471975511966,3.14159265358979,0.698131700797732,6.10865238198015,0.03935575328451365,0.0453158778623499,0.0193031245797647
1.0471975511966,3.14159265358979,0.715584993317675,6.10865238198015,0.04013189725971935,0.046275655380672145,0.019933720623106048
1.0471975511966,3.14159265358979,0.733038285837618,6.10865238198015,0.04117687242404215,0.04730334183382991,0.02061288677231205
1.0471975511966,3.14159265358979,0.750491578357562,6.10865238198015,0.042879672194469295,0.04842630505160555,0.021317480713390097
1.0471975511966,3.14159265358979,0.767944870877505,6.10865238198015,0.044946453822638746,0.04985283237325295,0.02217459871716125
1.0471975511966,3.14159265358979,0.785398163397448,6.10865238198015,0.047030588774465504,0.051771223209851155,0.02330319027457585
1.0471975511966,3.14159265358979,0.802851455917391,6.10865238198015,0.049719380699924695,0.053897777786682755,0.024246990180387402
1.0471975511966,3.14159265358979,0.820304748437335,6.10865238198015,0.053733510356035255,0.0563340839191427,0.02569483701354995
1.0471975511966,3.14159265358979,0.837758040957278,6.10865238198015,0.058469396197086895,0.059092054555506396,0.027662688468172
1.0471975511966,3.14159265358979,0.855211333477221,6.10865238198015,0.0635353210839012,0.06256834353593095,0.030310338139982698
1.0471975511966,3.14159265358979,0.872664625997165,6.10865238198015,0.06870858039405511,0.06652207554132039,0.03339122124008795
1.0471975511966,3.14159265358979,0.890117918517108,6.10865238198015,0.07319241356850326,0.07027641469965915,0.036994275707576504
1.0471975511966,3.14159265358979,0.907571211037051,6.10865238198015,0.07724629110455915,0.07404797764093596,0.04113200216281605
1.0471975511966,3.14159265358979,0.925024503556995,6.10865238198015,0.0801451483420682,0.07778514960471594,0.04413588082843555
1.0471975511966,3.14159265358979,0.942477796076938,6.10865238198015,0.0821127995434365,0.0802626649751437,0.0462514350646255
1.0471975511966,3.14159265358979,0.959931088596881,6.10865238198015,0.0826076720995183,0.0809708397035604,0.04674413869784425
1.0471975511966,3.14159265358979,0.977384381116825,6.10865238198015,0.0826955528848419,0.081258094200234,0.04597473443183195
1.0471975511966,3.14159265358979,0.994837673636768,6.10865238198015,0.08270919224649505,0.0806147776605945,0.0458684368049712
1.0471975511966,3.14159265358979,1.01229096615671,6.10865238198015,0.08301566928044829,0.07948328240418355,0.0452651068793339
1.0471975511966,3.14159265358979,1.02974425867665,6.10865238198015,0.0839618712180531,0.07916209783021845,0.04414056399075285
1.0471975511966,3.14159265358979,1.0471975511966,6.10865238198015,0.0837857404916332,0.07761799657257175,0.04330031514199955
1.0471975511966,3.14159265358979,1.06465084371654,6.10865238198015,0.08359185329282465,0.07612510746104681,0.04212327815077485
1.0471975511966,3.14159265358979,1.08210413623648,6.10865238198015,0.082663759879826,0.07389358121697605,0.0398271035144839
1.0471975511966,3.14159265358979,1.09955742875643,6.10865238198015,0.08138190384137894,0.07122672904745014,0.03653809029431995
1.0471975511966,3.14159265358979,1.11701072127637,6.10865238198015,0.0807048196491648,0.06963076276283735,0.0345380797591223
1.0471975511966,3.14159265358979,1.13446401379631,6.10865238198015,0.0803689831224321,0.0680201403577656,0.033860945846238805
1.0471975511966,3.14159265358979,1.15191730631626,6.10865238198015,0.0799876937666832,0.06612622105188914,0.0321953250800043
1.0471975511966,3.14159265358979,1.1693705988362,6.10865238198015,0.0793325618635705,0.06456168737126035,0.0302330734382066
1.0471975511966,3.14159265358979,1.18682389135614,6.10865238198015,0.0784040881952498,0.0629684438691859,0.0284440213029409
1.0471975511966,3.14159265358979,1.20427718387609,6.10865238198015,0.0776252384535904,0.0619880506218519,0.0271382094154552
1.0471975511966,3.14159265358979,1.22173047639603,6.10865238198015,0.07686518833979561,0.0614718035107064,0.0265495892939294
1.0471975511966,3.14159265358979,1.23918376891597,6.10865238198015,0.0760586893630048,0.06120106127571935,0.02606337469163665
1.0471975511966,3.14159265358979,1.25663706143592,6.10865238198015,0.07613049172839989,0.061486574806508446,0.02626955457802065
1.0471975511966,3.14159265358979,1.27409035395586,6.10865238198015,0.07598728916520994,0.06153081335546309,0.025993201214669248
1.0471975511966,3.14159265358979,1.2915436464758,6.10865238198015,0.0758776263527777,0.0620267362285168,0.0250418798267298
1.0471975511966,3.14159265358979,1.30899693899575,6.10865238198015,0.07601918578236275,0.06219463149009109,0.02457474893545355
1.0471975511966,3.14159265358979,1.32645023151569,6.10865238198015,0.0723671369552645,0.05863657697727445,0.0234873714868597
1.0471975511966,3.14159265358979,1.34390352403563,6.10865238198015,0.06723591849783765,0.05428477961328685,0.02193345668164965
1.0471975511966,3.14159265358979,1.36135681655558,6.10865238198015,0.061482665765613106,0.049768291177726895,0.020138985035127302
1.0471975511966,3.14159265358979,1.37881010907552,6.10865238198015,0.05527785865262955,0.045139715967512054,0.018165263507693798
1.0471975511966,3.14159265358979,1.39626340159546,6.10865238198015,0.04891028047405595,0.04048713203059765,0.016117253166123252
1.0471975511966,3.14159265358979,1.41371669411541,6.10865238198015,0.045541492637292555,0.037321724953678095,0.01479139890342835
1.0471975511966,3.14159265358979,1.43116998663535,6.10865238198015,0.041304135580263704,0.0334656074470336,0.013419623811696951
1.0471975511966,3.14159265358979,1.44862327915529,6.10865238198015,0.03605689128890195,0.029162131517414952,0.0117708567471781
1.0471975511966,3.14159265358979,1.46607657167524,6.10865238198015,0.03054986074764325,0.024805576666085752,0.010011962666766475
1.0471975511966,3.14159265358979,1.48352986419518,6.10865238198015,0.02492902709942975,0.020440955509454753,0.008195474228158046
1.0471975511966,3.14159265358979,1.50098315671512,6.10865238198015,0.019362079987375852,0.01611974733472285,0.006381979100311985
1.0471975511966,3.14159265358979,1.51843644923507,6.10865238198015,0.01503950702515055,0.012359623442285049,0.0049027871425051
1.0471975511966,3.14159265358979,1.53588974175501,6.10865238198015,0.01030279062067555,0.00835261977006786,0.003349450347022145
1.0471975511966,3.14159265358979,1.55334303427495,6.10865238198015,0.0051338101701345895,0.00415731328266575,0.0016758006303815702
1.0471975511966,3.14159265358979,1.5707963267949,6.10865238198015,0.00332751715765754,0.00268516820153958,0.001087416857956838
